PF18- 25a mag compass orientation (IGRF corrected)
  103.1 137.6  21.0 221.5  81.4  11.7
NRM    257.2  70.4 295.6 -03.0 5.21E-05 000.6 195.2  50.8 0.382865 0.205691 0.447971 hargrave 2021-04-06 18:43:08 
TT  50 265.8  69.2 296.7 -06.1 5.18E-05 000.9 200.3  50.6 0.349314 0.743053 0.491251 hargrave 2021-04-12 10:30:03 
TT 100 259.5  67.3 293.8 -05.6 4.73E-05 001.7 197.8  48.1 0.547646 1.546759 0.452044 hargrave 2021-04-13 11:44:23 
TT 150 250.6  62.0 287.1 -05.4 3.97E-05 003.0 194.3  42.0 0.652850 2.305173 0.361284 hargrave 2021-04-14 19:04:50 
TT 200 242.0  59.7 283.3 -02.6 3.68E-05 000.4 189.3  39.1 0.227862 0.228057 0.328779 hargrave 2021-04-16 12:49:52 
TT 250 244.2  58.3 282.4 -04.2 3.36E-05 000.9 190.9  37.9 0.138179 0.522282 0.285812 hargrave 2021-04-19 23:12:05 
TT 300 242.5  57.4 281.3 -03.7 2.86E-05 001.2 190.0  36.9 0.160896 0.663154 0.249722 hargrave 2021-04-21 13:16:35 
TT 325 243.3  57.0 281.1 -04.2 2.53E-05 000.5 190.5  36.6 0.058144 0.180526 0.216798 hargrave 2021-04-22 10:56:19 
TT 350 242.2  56.9 280.7 -03.8 2.32E-05 001.3 189.8  36.3 0.119929 0.588117 0.205772 hargrave 2021-04-23 08:49:05 
TT 375 237.0  56.7 279.6 -01.1 2.12E-05 001.2 186.3  35.9 0.115624 0.495335 0.198780 hargrave 2021-04-24 15:47:10 
TT 415 237.1  56.8 279.7 -01.2 1.95E-05 000.6 186.4  36.0 0.080643 0.192706 0.151315 hargrave 2021-04-25 14:37:36 
TT 450 235.5  56.7 279.3 -00.4 1.72E-05 003.6 185.3  35.8 0.180980 1.261401 0.144807 hargrave 2021-04-26 21:13:29 
TT 475 232.7  56.5 278.7  01.0 1.58E-05 000.7 183.5  35.5 0.048560 0.162277 0.152605 hargrave 2021-04-29 10:19:21 
TT 500 233.3  57.2 279.4  00.9 1.48E-05 000.8 183.9  36.2 0.071307 0.228539 0.120755 hargrave 2021-04-30 15:24:47 
TT 520 235.3  56.7 279.3 -00.3 1.36E-05 002.3 185.2  35.8 0.074107 0.614284 0.115125 hargrave 2021-05-01 17:38:21 
TT 535 237.7  56.2 279.2 -01.7 1.23E-05 003.3 186.8  35.4 0.045520 0.833860 0.111788 hargrave 2021-05-03 09:16:21 
TT 550 229.6  55.3 277.1  02.5 1.12E-05 001.4 181.4  34.3 0.063438 0.316228 0.089128 hargrave 2021-05-04 12:58:54 
TT 560 230.1  56.2 278.1  02.4 9.85E-06 001.6 181.7  35.2 0.022109 0.315120 0.080403 hargrave 2021-05-06 16:22:59 
TT 570 229.2  56.1 277.9  02.9 8.56E-06 001.3 181.1  35.1 0.059482 0.206618 0.070136 hargrave 2021-05-07 11:03:53 
TT 580 227.8  55.7 277.3  03.6 7.86E-06 001.3 180.1  34.7 0.059171 0.185228 0.079110 hargrave 2021-05-08 12:26:09 
TT 590 230.6  55.1 277.1  01.9 7.61E-06 003.0 182.1  34.1 0.049274 0.461905 0.057659 hargrave 2021-05-09 13:49:55 
TT 600 226.6  53.2 274.8  03.9 7.19E-06 000.5 179.3  32.2 0.051335 0.055096 0.058757 hargrave 2021-05-10 14:34:37 
TT 610 224.3  53.9 275.3  05.3 6.85E-06 000.6 177.7  32.9 0.028227 0.078330 0.055362 hargrave 2021-05-11 16:30:37 
TT 620 230.5  53.3 275.3  01.6 6.78E-06 001.6 182.1  32.3 0.026973 0.219526 0.072318 hargrave 2021-05-12 18:50:09 
TT 630 229.3  51.4 273.3  01.9 6.57E-06 002.8 181.2  30.4 0.192394 0.349535 0.071254 hargrave 2021-05-14 16:07:10 
TT 640 229.4  53.5 275.4  02.2 6.34E-06 000.7 181.3  32.5 0.040441 0.069463 0.048073 hargrave 2021-05-15 13:51:43 
TT 650 222.1  53.6 274.8  06.6 6.09E-06 002.5 176.1  32.7 0.044711 0.306263 0.044477 hargrave 2021-05-16 16:44:38 
TT 660 221.3  54.8 276.0  07.1 5.47E-06 003.2 175.6  33.9 0.050458 0.358066 0.039691 hargrave 2021-05-17 17:25:16 
TT 664 221.6  54.3 275.5  06.9 5.23E-06 002.5 175.8  33.3 0.043625 0.266750 0.044540 hargrave 2021-05-18 20:52:36 
TT 668 219.7  52.4 273.5  07.9 4.61E-06 002.2 174.3  31.5 0.049946 0.199550 0.044274 hargrave 2021-05-20 09:41:10 
TT 672 231.9  53.7 275.9  00.9 3.67E-06 003.1 183.0  32.8 0.033284 0.232347 0.025213 hargrave 2021-05-23 15:01:47 
TT 674 218.8  55.8 276.9  08.6 2.81E-06 002.2 174.0  35.0 0.053244 0.117596 0.041425 hargrave 2021-05-24 17:20:47 
TT 676 234.7  55.9 278.4 -00.2 2.49E-06 001.7 184.9  35.0 0.015854 0.082769 0.032319 hargrave 2021-05-25 17:08:46 
TT 678 240.5  54.2 277.9 -03.8 1.41E-06 003.7 189.0  33.6 0.026108 0.104392 0.027696 hargrave 2021-05-26 17:48:08 
TT 680 235.9  49.8 272.7 -02.5 1.26E-06 006.9 186.1  29.0 0.028333 0.176893 0.017400 hargrave 2021-05-30 11:57:10 
TT 682 229.3  75.1 296.6  06.3 7.16E-07 005.3 180.8  54.1 0.027440 0.074358 0.010496 hargrave 2021-05-31 13:05:34 
TT 684 267.9  43.3 277.9 -24.7 5.20E-07 003.5 211.6  26.2 0.035440 0.024520 0.008255 hargrave 2021-06-03 09:53:16 
TT 686 022.1  13.7 024.4 -16.5 1.27E-07 002.6 330.3  32.3 0.008808 0.008273 0.007030 hargrave 2021-06-04 11:19:59 
TT 688 267.6  06.8 239.5 -43.6 2.46E-07 006.4 220.3 -09.3 0.024022 0.021921 0.004421 hargrave 2021-06-05 11:35:54 
TT 690 155.5  12.7 233.4  66.0 1.50E-07 001.7 111.1  05.6 0.007321 0.010790 0.002105 hargrave 2021-06-06 10:31:12 
TT 692 343.0 -22.4 069.8 -56.8 2.29E-07 004.3 301.2 -12.4 0.023682 0.007297 0.004945 hargrave 2021-06-06 19:57:11 
TT 695 245.2  34.4 260.3 -14.1 2.43E-07 002.6 194.9  14.2 0.006144 0.011809 0.004271 hargrave 2021-06-10 14:03:17 
