PF18- 105a mag compass orientation (IGRF corrected)
 128.62   4.6  13.0 218.9  81.9   9.8
NRM    317.2  75.9 310.9 -05.9 7.05E-05 002.0 104.6  80.2 1.680669 1.758189 0.311121 hargrave 2021-04-08 15:00:50 
TT  50 317.0  75.6 310.9 -06.2 6.98E-05 001.9 103.0  80.1 1.108036 1.882056 0.381787 hargrave 2021-04-09 14:22:11 
TT 100 311.3  74.9 309.5 -07.0 6.42E-05 001.6 094.8  81.0 1.003771 1.459345 0.264921 hargrave 2021-04-10 14:49:37 
TT 150 286.5  70.7 301.5 -09.8 3.79E-05 001.7 033.3  82.9 0.668177 0.860749 0.059746 hargrave 2021-04-11 13:22:57 
TT 200 276.5  66.9 296.5 -11.4 3.01E-05 002.2 004.2  79.9 0.508614 1.004151 0.118867 hargrave 2021-04-13 16:20:47 
TT 250 270.1  63.0 292.0 -13.0 2.39E-05 002.2 351.6  76.0 0.371391 0.818403 0.168670 hargrave 2021-04-18 15:10:48 
TT 300 267.1  60.1 288.8 -14.3 1.86E-05 002.0 347.2  72.9 0.332944 0.510134 0.202748 hargrave 2021-04-19 15:32:42 
TT 325 258.9  58.2 284.5 -12.5 1.55E-05 001.8 334.9  70.5 0.217680 0.377288 0.172085 hargrave 2021-04-20 13:59:45 
TT 350 260.6  57.4 284.4 -13.6 1.43E-05 001.9 337.8  69.8 0.165931 0.408873 0.150884 hargrave 2021-04-23 13:36:38 
TT 375 256.6  56.7 282.5 -12.4 1.27E-05 002.0 332.1  68.7 0.396268 0.102345 0.158227 hargrave 2021-04-25 10:39:36 
TT 415 255.2  55.8 281.3 -12.3 1.02E-05 001.3 330.6  67.7 0.170410 0.142414 0.076454 hargrave 2021-04-26 09:43:20 
TT 450 251.0  54.2 278.6 -11.2 8.93E-06 001.9 325.5  65.6 0.260096 0.041103 0.112145 hargrave 2021-04-27 14:27:15 
TT 475 246.8  53.9 277.0 -09.2 8.27E-06 001.8 319.9  64.7 0.172655 0.161760 0.112266 hargrave 2021-04-29 15:16:10 
TT 500 248.5  53.5 277.1 -10.2 7.39E-06 001.7 322.4  64.6 0.153453 0.113996 0.113276 hargrave 2021-05-01 10:24:39 
TT 520 246.0  53.2 276.2 -09.0 6.99E-06 002.0 319.2  64.0 0.071227 0.224715 0.049307 hargrave 2021-05-02 16:54:46 
TT 535 245.8  52.3 275.4 -09.3 6.05E-06 001.8 319.4  63.1 0.165987 0.073446 0.055836 hargrave 2021-05-04 09:35:17 
TT 550 244.3  52.0 274.7 -08.7 5.34E-06 001.9 317.7  62.6 0.117362 0.110236 0.077716 hargrave 2021-05-04 19:14:29 
TT 560 234.1  51.3 271.7 -03.0 5.13E-06 001.8 305.3  60.2 0.084909 0.119197 0.067612 hargrave 2021-05-05 16:43:02 
TT 570 239.6  50.4 272.0 -06.6 4.28E-06 002.3 312.5  60.3 0.060053 0.151093 0.047691 hargrave 2021-05-06 22:57:07 
TT 580 238.1  54.9 275.9 -04.2 3.33E-06 002.3 308.0  64.3 0.103633 0.073462 0.044388 hargrave 2021-05-08 20:16:07 
TT 590 239.0  48.3 269.9 -07.0 2.97E-06 002.4 312.9  58.1 0.082967 0.082693 0.043297 hargrave 2021-05-09 19:16:14 
TT 600 225.5  46.9 266.2  01.4 2.65E-06 002.5 297.7  54.3 0.094412 0.062635 0.038880 hargrave 2021-05-11 10:03:25 
TT 610 228.4  53.6 273.1  01.0 1.93E-06 003.3 297.1  61.2 0.092029 0.039757 0.042829 hargrave 2021-05-12 10:00:47 
TT 620 199.7  42.5 261.3  19.6 2.00E-06 005.1 272.8  44.6 0.149492 0.070026 0.062337 hargrave 2021-05-13 12:53:37 
TT 630 229.2  46.3 266.1 -01.1 1.68E-06 003.6 302.2  54.4 0.076879 0.043308 0.055444 hargrave 2021-05-14 12:22:23 
TT 640 206.5  52.8 271.5  14.0 1.44E-06 003.0 274.1  55.8 0.047137 0.055633 0.030757 hargrave 2021-05-15 10:32:11 
TT 650 192.8  51.7 271.9  22.3 1.66E-06 005.7 261.6  51.7 0.134684 0.081748 0.048173 hargrave 2021-05-16 12:23:16 
TT 660 190.7  42.4 262.4  26.1 1.73E-06 004.0 264.1  42.4 0.082191 0.071485 0.051491 hargrave 2021-05-17 13:35:37 
TT 664 223.8  54.9 273.9  03.8 1.33E-06 003.3 290.9  61.5 0.065514 0.046408 0.013257 hargrave 2021-05-18 15:56:10 
TT 668 207.1  26.5 244.3  14.2 1.50E-06 005.7 285.7  30.8 0.147627 0.019339 0.028648 hargrave 2021-05-19 18:27:40 
TT 672 213.1  47.0 265.4  09.9 1.00E-06 004.1 284.2  51.8 0.059023 0.032320 0.031547 hargrave 2021-05-23 11:38:37 
TT 674 208.7  24.7 242.6  12.6 1.26E-06 003.4 287.9  29.4 0.061794 0.031088 0.036478 hargrave 2021-05-24 13:53:47 
TT 676 223.9  51.1 270.1  03.2 8.50E-07 003.4 293.6  57.9 0.042084 0.035749 0.012627 hargrave 2021-05-25 13:42:10 
TT 678 208.9  52.1 270.6  12.5 7.97E-07 004.4 277.0  55.7 0.046525 0.038105 0.014957 hargrave 2021-05-26 14:23:47 
TT 680 209.0  53.8 272.3  12.4 4.92E-07 004.1 276.0  57.2 0.026747 0.034864 0.017523 hargrave 2021-05-30 16:13:54 
TT 682 247.6  36.3 261.1 -17.5 5.53E-07 001.8 327.2  47.6 0.026544 0.010499 0.016765 hargrave 2021-06-02 10:06:04 
TT 684 129.0  61.6 308.8  36.5 5.22E-07 006.8 204.8  50.2 0.019809 0.057513 0.022889 hargrave 2021-06-03 18:59:46 
TT 686 244.9  50.3 273.3 -09.7 3.32E-07 005.0 319.3  61.0 0.006946 0.028897 0.003534 hargrave 2021-06-04 17:41:54 
TT 688 193.9  20.8 238.2  26.2 3.70E-07 004.2 274.2  22.4 0.018844 0.027836 0.010634 hargrave 2021-06-05 15:57:30 
TT 690 008.0  31.1 000.9 -21.3 2.99E-07 006.0 101.0  29.5 0.016361 0.030314 0.010599 hargrave 2021-06-06 14:54:38 
TT 692 329.0 -21.4 075.7 -66.5 3.63E-07 001.8 051.1 -13.5 0.007168 0.009578 0.004848 hargrave 2021-06-08 10:25:39 
