PF18- 70a sun compass orientation
  92.56 108.3  35.0 221.5  81.4  13.7
NRM    311.5  74.3 311.5 -07.1 1.25E-04 001.5 208.2  58.2 0.563851 4.237460 1.504524 hargrave 2021-04-08 13:58:00 
TT  50 311.0  75.2 311.4 -06.2 1.25E-04 000.8 206.4  58.1 1.522279 1.390359 1.365518 hargrave 2021-04-09 13:19:24 
TT 100 309.8  74.1 311.0 -07.3 1.21E-04 001.3 208.6  57.7 0.533926 3.573425 1.469455 hargrave 2021-04-10 13:46:15 
TT 150 285.0  69.7 302.5 -09.6 7.26E-05 002.0 212.1  49.2 0.906614 3.193760 1.079096 hargrave 2021-04-11 12:20:35 
TT 200 274.2  66.4 297.2 -10.2 5.79E-05 001.9 212.6  44.0 0.839459 2.296665 0.943134 hargrave 2021-04-13 15:26:59 
TT 250 266.7  62.6 292.2 -10.9 4.72E-05 001.4 213.4  39.1 0.323376 1.205044 0.905506 hargrave 2021-04-18 14:17:22 
TT 300 262.8  60.6 289.5 -10.9 4.02E-05 004.5 213.4  36.4 1.986052 3.791962 0.795700 hargrave 2021-04-19 14:25:32 
TT 325 264.4  57.3 287.5 -13.8 3.47E-05 001.0 216.7  34.3 0.286350 0.319362 0.730086 hargrave 2021-04-20 12:53:16 
TT 350 263.1  57.0 286.8 -13.4 3.09E-05 000.9 216.3  33.7 0.220450 0.271787 0.596340 hargrave 2021-04-23 12:33:55 
TT 375 262.5  55.7 285.5 -14.0 2.56E-05 004.0 217.0  32.4 1.190406 2.100234 0.508729 hargrave 2021-04-25 09:36:13 
TT 415 261.5  52.8 282.8 -15.4 1.82E-05 002.0 218.4  29.7 0.611060 0.528537 0.344250 hargrave 2021-04-26 08:38:48 
TT 450 257.5  52.7 281.2 -13.5 1.52E-05 001.5 216.2  28.3 0.359084 0.313484 0.289143 hargrave 2021-04-27 13:21:11 
TT 475 252.9  53.3 280.2 -10.8 1.38E-05 001.2 213.2  27.3 0.248115 0.137247 0.263583 hargrave 2021-04-29 14:12:59 
TT 500 251.5  53.6 280.1 -10.0 1.18E-05 002.8 212.3  27.1 0.499723 0.556423 0.255691 hargrave 2021-05-01 09:22:44 
TT 520 249.7  52.6 278.6 -09.5 1.08E-05 001.3 211.8  25.6 0.161718 0.303494 0.119505 hargrave 2021-05-02 15:58:59 
TT 535 248.6  52.9 278.6 -08.8 9.36E-06 001.9 211.0  25.6 0.283920 0.268882 0.176026 hargrave 2021-05-04 08:34:41 
TT 550 245.8  53.7 278.6 -06.9 8.79E-06 003.0 208.9  25.5 0.244518 0.538385 0.194283 hargrave 2021-05-04 18:10:57 
TT 560 250.2  51.3 277.6 -10.4 8.55E-06 003.1 212.8  24.7 0.391014 0.464851 0.165100 hargrave 2021-05-05 15:38:09 
TT 570 252.7  51.3 278.4 -11.7 7.18E-06 004.1 214.3  25.5 0.421572 0.553615 0.123413 hargrave 2021-05-06 21:57:10 
TT 580 246.9  49.2 274.8 -09.4 6.68E-06 001.6 211.8  21.9 0.156996 0.186357 0.108231 hargrave 2021-05-08 19:11:56 
TT 590 247.5  48.3 274.1 -10.2 5.80E-06 002.1 212.7  21.2 0.189815 0.195811 0.103140 hargrave 2021-05-09 18:12:18 
TT 600 240.5  42.4 266.7 -07.8 5.32E-06 002.0 210.7  13.8 0.172691 0.162083 0.110265 hargrave 2021-05-11 09:01:14 
TT 610 233.7  49.7 272.3 -01.2 4.30E-06 001.7 203.3  18.8 0.121703 0.116372 0.064605 hargrave 2021-05-12 08:59:13 
TT 620 220.4  50.0 271.1  07.3 3.45E-06 003.6 194.6  16.6 0.107378 0.269057 0.070311 hargrave 2021-05-13 11:52:10 
TT 630 229.2  40.3 262.4 -00.3 4.06E-06 001.8 203.4  08.9 0.082877 0.133174 0.085971 hargrave 2021-05-14 11:18:28 
TT 640 214.1  45.0 265.9  11.3 2.83E-06 003.0 191.3  10.9 0.075580 0.189309 0.044497 hargrave 2021-05-15 09:31:34 
TT 650 214.7  42.1 263.0  10.8 2.89E-06 002.8 192.2  08.1 0.044958 0.178997 0.061484 hargrave 2021-05-16 11:21:45 
TT 660 241.6  35.1 260.0 -11.1 2.87E-06 003.3 214.5  07.4 0.123838 0.184204 0.062596 hargrave 2021-05-17 12:32:36 
TT 664 210.8  48.1 269.1  13.5 2.61E-06 001.9 188.5  13.7 0.028429 0.104968 0.047048 hargrave 2021-05-18 14:54:22 
TT 668 223.8  44.7 266.1  04.4 1.93E-06 004.4 198.2  12.0 0.079107 0.186608 0.034534 hargrave 2021-05-19 17:25:55 
TT 672 225.2  43.3 264.9  03.2 2.98E-06 005.2 199.6  11.0 0.111076 0.350252 0.056423 hargrave 2021-05-23 10:37:59 
TT 674 233.5  36.0 259.0 -04.5 2.99E-06 002.5 207.9  05.9 0.078964 0.155152 0.065037 hargrave 2021-05-24 12:54:23 
TT 676 239.7  35.7 260.0 -09.4 2.84E-06 002.4 212.8  07.3 0.077846 0.138480 0.055894 hargrave 2021-05-25 12:43:34 
TT 678 227.9  45.3 267.2  01.6 1.62E-06 001.7 200.9  13.4 0.036855 0.056014 0.032436 hargrave 2021-05-26 13:23:08 
TT 680 212.4  50.5 271.5  12.4 2.04E-06 002.9 189.3  16.2 0.041232 0.133001 0.039598 hargrave 2021-05-30 15:13:44 
TT 682 257.5  35.0 265.5 -23.0 1.13E-06 003.3 226.3  13.3 0.069931 0.058679 0.019232 hargrave 2021-06-02 09:06:55 
TT 684 240.8  39.5 264.0 -09.0 1.46E-06 004.4 212.1  11.2 0.090004 0.128315 0.033458 hargrave 2021-06-03 18:02:23 
TT 686 247.5  36.3 262.9 -15.1 1.48E-06 004.8 218.4  10.5 0.111431 0.128233 0.033966 hargrave 2021-06-04 16:44:25 
TT 688 270.7  20.9 258.4 -40.2 1.06E-06 002.9 243.9  07.5 0.063774 0.037019 0.023104 hargrave 2021-06-05 14:58:45 
TT 690 063.8 -06.4 051.7  20.8 3.16E-07 005.0 048.2  18.0 0.033342 0.021387 0.003908 hargrave 2021-06-06 13:56:33 
TT 692 155.1  13.7 236.1  66.3 4.65E-07 001.3 137.1 -12.3 0.011034 0.014991 0.007147 hargrave 2021-06-08 09:27:52 
