PF18- 53a mag compass orientation (IGRF corrected)
  96.96 119.6  30.0 221.5  81.4   8.1
NRM    264.6  67.6 295.2 -06.9 1.07E-04 002.8 205.6  43.7 2.677654 3.139970 1.003466 hargrave 2021-04-06 19:26:40 
TT  50 256.0  69.6 294.8 -03.1 1.07E-04 001.4 200.4  43.8 1.279925 1.407166 1.065290 hargrave 2021-04-12 11:21:57 
TT 100 240.1  71.4 293.9  02.4 1.02E-04 000.7 192.8  43.1 0.407676 0.622457 0.738276 hargrave 2021-04-13 12:35:35 
TT 150 259.8  65.9 292.7 -06.5 9.08E-05 003.8 204.7  41.3 1.771599 4.573169 0.674451 hargrave 2021-04-14 19:49:06 
TT 200 249.7  67.2 291.6 -02.5 8.47E-05 001.4 199.2  40.6 0.783669 0.990123 1.124127 hargrave 2021-04-16 13:35:55 
TT 250 251.0  67.1 291.7 -02.9 7.94E-05 001.4 199.8  40.7 0.948870 0.989057 0.778007 hargrave 2021-04-19 23:52:54 
TT 300 243.5  67.6 290.8 -00.1 7.09E-05 005.8 196.1  40.0 1.995960 5.483600 0.571038 hargrave 2021-04-21 14:10:07 
TT 325 243.1  68.2 291.3  00.2 6.53E-05 007.7 195.6  40.5 2.109167 6.777382 0.370055 hargrave 2021-04-22 11:49:31 
TT 350 240.3  68.3 291.0  01.2 6.05E-05 002.0 194.3  40.2 0.609723 1.546717 0.401078 hargrave 2021-04-23 09:41:51 
TT 375 242.2  67.8 290.8  00.4 5.33E-05 002.5 195.4  40.0 0.567167 1.777334 0.248850 hargrave 2021-04-24 16:42:42 
TT 415 232.5  69.3 291.1  04.2 5.04E-05 001.1 190.4  40.3 0.127392 0.710692 0.260007 hargrave 2021-04-25 16:19:28 
TT 450 240.9  68.5 291.3  01.1 4.60E-05 004.7 194.5  40.5 0.706250 2.970655 0.224347 hargrave 2021-04-27 08:35:32 
TT 475 231.9  69.5 291.3  04.5 4.41E-05 000.7 190.0  40.5 0.101605 0.385280 0.217321 hargrave 2021-04-29 11:12:46 
TT 500 231.8  69.7 291.5  04.5 4.21E-05 001.7 189.9  40.7 0.190922 0.940008 0.269717 hargrave 2021-04-30 16:14:51 
TT 520 234.6  69.5 291.5  03.5 4.03E-05 000.8 191.3  40.7 0.077696 0.378995 0.213035 hargrave 2021-05-01 18:27:37 
TT 535 239.4  69.1 291.7  01.8 3.75E-05 001.5 193.5  40.9 0.144365 0.748503 0.187120 hargrave 2021-05-03 10:09:58 
TT 550 241.8  69.1 292.0  01.0 3.51E-05 001.8 194.6  41.2 0.317853 0.776928 0.257583 hargrave 2021-05-04 13:53:01 
TT 560 211.0  71.1 292.5  11.5 3.04E-05 004.0 180.6  41.1 0.105046 1.693475 0.199345 hargrave 2021-05-06 17:16:19 
TT 570 222.8  70.1 291.4  07.6 2.22E-05 003.9 185.8  40.4 0.163020 1.194795 0.108413 hargrave 2021-05-07 11:56:15 
TT 580 217.2  71.9 293.2  09.5 1.91E-05 001.1 183.2  42.0 0.078551 0.275752 0.112562 hargrave 2021-05-08 13:21:10 
TT 590 218.0  70.0 291.3  09.3 1.80E-05 001.5 183.8  40.2 0.057836 0.357679 0.106747 hargrave 2021-05-09 14:47:13 
TT 600 218.5  69.5 290.8  09.1 1.73E-05 000.8 184.0  39.7 0.085117 0.121210 0.115424 hargrave 2021-05-10 15:31:01 
TT 610 218.7  68.7 289.9  09.0 1.58E-05 001.3 184.2  38.8 0.054884 0.271852 0.086088 hargrave 2021-05-11 17:27:39 
TT 620 214.1  67.9 289.2  10.7 1.37E-05 005.7 182.1  38.0 0.089626 1.110117 0.094498 hargrave 2021-05-12 19:42:05 
TT 630 234.4  70.5 292.5  03.9 1.23E-05 004.1 190.8  41.7 0.143381 0.692588 0.105581 hargrave 2021-05-14 17:01:28 
TT 640 221.3  66.9 288.2  08.0 1.23E-05 002.1 185.7  37.2 0.042062 0.366333 0.065141 hargrave 2021-05-15 14:45:14 
TT 650 224.5  66.2 287.5  06.7 1.15E-05 000.5 187.4  36.7 0.048034 0.064058 0.053855 hargrave 2021-05-16 17:36:36 
TT 660 219.4  64.6 285.8  08.7 1.10E-05 000.9 185.1  34.8 0.044896 0.131234 0.050573 hargrave 2021-05-17 18:18:50 
TT 664 226.9  67.2 288.6  05.8 9.97E-06 001.9 188.4  37.8 0.072926 0.250734 0.067916 hargrave 2021-05-18 21:45:44 
TT 668 232.0  64.7 286.6  03.3 9.47E-06 006.7 191.6  35.8 0.198497 0.873639 0.049921 hargrave 2021-05-20 10:34:32 
TT 672 233.4  67.0 289.0  03.3 8.46E-06 003.3 191.6  38.2 0.095610 0.380073 0.046207 hargrave 2021-05-23 15:55:07 
TT 674 228.9  61.4 283.0  04.0 8.35E-06 004.3 190.8  32.3 0.079437 0.501023 0.047263 hargrave 2021-05-24 18:12:21 
TT 676 188.7  78.9 301.8  14.5 6.39E-06 001.2 173.9  49.4 0.043750 0.102106 0.028024 hargrave 2021-05-25 18:03:09 
TT 678 168.2  82.1 306.7  14.9 4.49E-06 003.0 171.2  53.8 0.094171 0.171896 0.026439 hargrave 2021-05-26 18:40:55 
TT 680 238.8  63.2 286.0  00.0 5.21E-06 003.2 195.6  35.2 0.054442 0.230759 0.042050 hargrave 2021-05-30 12:47:14 
TT 682 180.0  72.9 298.0  19.6 3.81E-06 002.5 168.3  44.4 0.031985 0.130714 0.017084 hargrave 2021-05-31 13:56:39 
TT 684 261.7  70.0 296.3 -04.5 3.03E-06 001.9 202.5  45.1 0.053347 0.064406 0.016433 hargrave 2021-06-03 10:43:29 
TT 686 223.4  56.5 277.8  06.1 2.78E-06 005.3 188.5  27.0 0.030978 0.208898 0.022556 hargrave 2021-06-04 12:08:26 
TT 688 237.9  58.3 281.2 -01.1 1.78E-06 005.8 196.8  30.4 0.051056 0.139228 0.010311 hargrave 2021-06-05 12:26:01 
TT 690 220.3  49.8 270.9  07.3 1.01E-06 004.6 187.3  20.1 0.036908 0.061257 0.007889 hargrave 2021-06-06 11:19:42 
TT 692 066.6 -06.2 052.1  23.6 9.12E-07 003.5 038.9  17.7 0.056117 0.022686 0.032258 hargrave 2021-06-06 20:45:13 
TT 695 018.1 -12.1 050.9 -24.5 8.57E-07 003.7 348.2  17.3 0.022680 0.040759 0.015380 hargrave 2021-06-10 14:53:34 
