PF18- 123a mag compass orientation (IGRF corrected)
  135.8  31.6  38.0 218.9  81.9  12.8
NRM    293.8  67.8 303.1 -13.4 3.01E-05 000.8 190.6  73.8 0.480268 0.165918 0.171936 hargrave 2021-04-09 18:47:18 
TT  50 293.3  67.6 302.8 -13.5 2.99E-05 000.9 191.5  73.9 0.498662 0.262921 0.153573 hargrave 2021-04-10 17:31:58 
TT 100 291.0  67.0 301.8 -13.8 2.97E-05 001.4 195.1  74.1 0.505630 0.757869 0.153125 hargrave 2021-04-12 14:00:54 
TT 150 293.6  66.2 302.6 -14.8 2.85E-05 000.7 192.7  75.2 0.171110 0.420906 0.114973 hargrave 2021-04-14 14:45:12 
TT 200 295.1  66.1 303.2 -15.1 2.82E-05 001.5 190.6  75.5 0.177754 0.950182 0.149698 hargrave 2021-04-15 12:42:30 
TT 250 290.8  58.9 299.0 -21.4 2.42E-05 000.7 217.1  80.8 0.294153 0.251383 0.061252 hargrave 2021-04-16 17:39:42 
TT 300 289.0  56.5 297.1 -23.4 2.30E-05 000.7 233.8  81.4 0.251809 0.273715 0.047888 hargrave 2021-04-18 20:35:10 
TT 325 288.0  55.8 296.3 -23.8 2.20E-05 001.6 239.0  81.2 0.736071 0.243029 0.036964 hargrave 2021-04-21 16:48:40 
TT 350 286.6  54.6 294.9 -24.6 2.07E-05 001.2 247.9  80.7 0.540837 0.123253 0.049130 hargrave 2021-04-22 14:50:03 
TT 375 285.8  51.9 293.2 -26.8 1.80E-05 000.3 264.4  80.3 0.072207 0.109926 0.049972 hargrave 2021-04-23 16:03:02 
TT 415 282.7  51.4 291.0 -26.3 1.53E-05 001.2 265.4  78.3 0.371596 0.137263 0.047599 hargrave 2021-04-25 19:04:45 
TT 450 280.6  49.8 288.8 -27.1 1.38E-05 000.5 271.3  76.6 0.133323 0.079035 0.037937 hargrave 2021-04-28 08:25:56 
TT 475 279.0  48.5 287.0 -27.5 1.29E-05 000.8 274.5  75.2 0.197935 0.129378 0.040808 hargrave 2021-04-30 10:40:56 
TT 500 275.6  47.9 284.6 -26.8 1.18E-05 001.7 273.6  72.9 0.439242 0.101496 0.069373 hargrave 2021-05-01 12:51:09 
TT 520 273.4  47.0 282.6 -26.5 1.09E-05 000.9 274.0  71.1 0.209759 0.057225 0.057022 hargrave 2021-05-02 11:39:50 
TT 535 271.4  45.5 280.4 -26.7 1.06E-05 002.4 276.1  69.2 0.110991 0.624780 0.046938 hargrave 2021-05-03 12:36:21 
TT 550 273.3  46.2 282.0 -27.1 9.92E-06 001.3 276.4  70.7 0.273057 0.067951 0.036037 hargrave 2021-05-05 11:26:46 
TT 560 271.7  45.7 280.7 -26.7 8.36E-06 001.4 275.9  69.5 0.247820 0.067184 0.042866 hargrave 2021-05-06 08:29:46 
TT 570 271.9  45.7 280.8 -26.8 8.37E-06 001.3 276.2  69.6 0.224000 0.069004 0.040313 hargrave 2021-05-07 14:24:20 
TT 580 271.7  48.4 282.6 -24.7 7.57E-06 001.7 268.9  70.6 0.275254 0.050709 0.034815 hargrave 2021-05-09 09:06:52 
TT 590 262.8  46.7 276.8 -21.6 5.45E-06 000.9 266.3  64.5 0.105849 0.036732 0.034998 hargrave 2021-05-10 09:57:55 
TT 600 265.2  45.6 277.1 -23.6 5.84E-06 002.1 270.4  65.5 0.261837 0.059691 0.029876 hargrave 2021-05-11 12:26:39 
TT 610 261.8  45.5 275.3 -21.9 5.76E-06 000.7 268.2  63.3 0.085703 0.033677 0.033171 hargrave 2021-05-12 13:29:21 
TT 620 270.6  40.3 275.8 -30.1 4.58E-06 001.1 286.6  65.8 0.064436 0.086010 0.033492 hargrave 2021-05-13 17:20:08 
TT 630 271.0  32.2 268.9 -35.9 4.66E-06 002.9 299.7  60.2 0.282235 0.069412 0.085103 hargrave 2021-05-15 17:13:08 
TT 640 269.1  30.6 266.3 -35.7 4.58E-06 003.2 299.2  58.1 0.302512 0.132804 0.036976 hargrave 2021-05-17 08:41:18 
TT 650 256.1  39.5 267.4 -21.9 4.39E-06 002.9 273.6  56.5 0.278442 0.036024 0.052855 hargrave 2021-05-18 10:50:09 
TT 660 257.4  39.5 268.0 -22.7 4.19E-06 001.1 274.7  57.3 0.073956 0.058955 0.046158 hargrave 2021-05-19 10:25:48 
TT 664 255.5  39.2 266.9 -21.6 4.10E-06 002.6 273.5  56.0 0.233510 0.044697 0.042667 hargrave 2021-05-20 18:14:52 
TT 668 269.7  26.7 262.8 -38.5 3.88E-06 004.1 304.2  55.3 0.319697 0.152442 0.052501 hargrave 2021-05-22 09:09:25 
TT 672 254.5  44.9 271.6 -18.0 3.59E-06 001.9 264.0  58.5 0.150351 0.023822 0.019393 hargrave 2021-05-24 09:08:43 
TT 674 259.9  34.1 264.2 -27.3 3.61E-06 003.5 284.5  55.3 0.272873 0.074240 0.035101 hargrave 2021-05-25 08:42:29 
TT 676 001.3  16.0 013.8 -32.8 4.44E-07 003.5 075.6  31.1 0.026409 0.012928 0.021814 hargrave 2021-05-26 08:40:48 
TT 678 298.5 -25.6 157.2 -69.9 7.59E-07 003.6 357.1  12.3 0.029078 0.060347 0.012310 hargrave 2021-05-29 11:02:02 
TT 680 304.7 -11.5 179.4 -84.6 6.67E-07 005.5 003.3  26.4 0.047103 0.076231 0.015541 hargrave 2021-05-31 08:43:33 
TT 682 160.5  32.3 262.9  52.0 3.82E-07 011.3 212.1  00.9 0.059826 0.075714 0.021795 hargrave 2021-06-02 12:46:13 
TT 696 344.4 -21.6 064.5 -53.3 3.86E-07 002.8 039.5  07.5 0.019135 0.018342 0.004528 hargrave 2021-06-03 14:20:53 
