PF18- 114a mag compass orientation (IGRF corrected)
 131.62 121.6  29.0 218.9  81.9  12.8
NRM    263.7  78.9 301.1  00.2 3.70E-05 001.1 194.7  53.2 0.151620 0.914148 0.228755 hargrave 2021-04-08 15:18:17 
TT  50 268.1  77.8 301.0 -01.2 3.66E-05 001.3 197.0  53.0 0.273684 1.012168 0.239668 hargrave 2021-04-09 14:39:33 
TT 100 251.3  76.9 297.8  01.0 3.29E-05 000.8 193.1  50.1 0.102425 0.517241 0.239796 hargrave 2021-04-10 15:07:48 
TT 150 229.2  67.9 287.1  03.7 2.33E-05 000.5 188.5  39.5 0.101764 0.191620 0.191516 hargrave 2021-04-11 13:41:10 
TT 200 220.6  63.5 282.2  06.5 2.07E-05 000.9 184.9  34.7 0.041310 0.380176 0.164335 hargrave 2021-04-13 16:36:49 
TT 250 214.6  59.4 277.9  09.1 1.69E-05 001.2 181.8  30.4 0.095533 0.417943 0.135561 hargrave 2021-04-18 15:26:19 
TT 300 212.8  57.5 276.1  10.1 1.44E-05 002.5 180.7  28.5 0.073095 0.805358 0.116427 hargrave 2021-04-19 15:50:02 
TT 325 206.3  55.8 274.6  13.8 1.27E-05 001.8 176.7  26.9 0.046293 0.510548 0.107742 hargrave 2021-04-20 14:17:05 
TT 350 204.6  54.8 273.6  14.8 1.16E-05 007.4 175.5  25.9 0.137429 1.939165 0.107615 hargrave 2021-04-23 13:54:04 
TT 375 213.9  54.3 272.8  09.5 1.11E-05 003.1 181.5  25.3 0.039408 0.759001 0.088925 hargrave 2021-04-25 10:57:52 
TT 415 209.6  52.5 271.0  12.1 1.03E-05 002.5 178.7  23.5 0.030319 0.570766 0.090354 hargrave 2021-04-26 10:00:48 
TT 450 201.1  50.9 269.9  17.5 9.41E-06 001.9 172.9  22.2 0.056235 0.385394 0.091744 hargrave 2021-04-27 14:44:22 
TT 475 205.3  51.0 269.6  14.8 8.93E-06 001.9 175.7  22.1 0.063368 0.321801 0.204243 hargrave 2021-04-29 15:33:31 
TT 500 215.8  49.8 268.3  08.2 8.28E-06 002.1 182.9  20.9 0.054978 0.347378 0.187508 hargrave 2021-05-01 10:42:11 
TT 520 202.5  49.9 268.7  16.7 7.85E-06 001.2 173.7  21.1 0.097326 0.180671 0.090911 hargrave 2021-05-02 17:09:20 
TT 535 206.2  49.4 267.9  14.4 7.47E-06 006.5 176.3  20.5 0.045252 1.084317 0.136522 hargrave 2021-05-04 09:53:26 
TT 550 202.2  49.0 267.8  17.0 7.19E-06 002.0 173.4  20.2 0.090180 0.275667 0.138754 hargrave 2021-05-04 19:31:49 
TT 560 202.4  49.1 267.9  16.9 6.81E-06 004.9 173.6  20.3 0.042950 0.739061 0.146079 hargrave 2021-05-05 17:01:15 
TT 570 198.7  47.3 266.4  19.6 6.32E-06 008.1 170.8  18.8 0.145252 1.130413 0.139516 hargrave 2021-05-06 23:15:15 
TT 580 198.1  45.8 264.9  20.2 6.21E-06 000.9 170.2  17.4 0.034082 0.053045 0.121624 hargrave 2021-05-08 20:34:19 
TT 590 204.9  45.9 264.5  15.6 6.01E-06 003.1 175.1  17.1 0.065060 0.388194 0.127517 hargrave 2021-05-09 19:34:25 
TT 600 204.8  45.5 264.0  15.6 5.51E-06 003.8 175.0  16.7 0.044405 0.450384 0.121090 hargrave 2021-05-11 10:21:30 
TT 610 205.2  45.2 263.6  15.4 5.60E-06 001.6 175.3  16.3 0.041684 0.173984 0.100975 hargrave 2021-05-12 10:18:08 
TT 620 202.7  44.3 262.9  17.2 5.41E-06 002.8 173.4  15.6 0.024758 0.329753 0.076021 hargrave 2021-05-13 13:11:41 
TT 630 198.3  42.7 261.6  20.6 5.31E-06 001.1 169.9  14.3 0.052114 0.094411 0.081933 hargrave 2021-05-14 12:39:43 
TT 640 205.6  43.6 261.9  15.2 5.25E-06 002.0 175.5  14.7 0.047494 0.218505 0.094779 hargrave 2021-05-15 10:49:51 
TT 650 193.4  42.9 262.5  24.1 5.01E-06 004.1 166.3  14.9 0.143451 0.434108 0.074105 hargrave 2021-05-16 12:40:52 
TT 660 204.2  43.2 261.7  16.3 4.66E-06 004.2 174.4  14.4 0.033137 0.429930 0.076193 hargrave 2021-05-17 13:53:59 
TT 664 205.7  43.1 261.5  15.2 4.56E-06 001.8 175.5  14.2 0.046537 0.150738 0.098243 hargrave 2021-05-18 16:14:39 
TT 668 198.9  41.9 260.7  20.2 4.14E-06 001.2 170.3  13.5 0.035145 0.069336 0.090576 hargrave 2021-05-19 18:45:50 
TT 672 202.8  40.4 258.8  17.5 3.21E-06 006.2 173.1  11.6 0.046730 0.440357 0.057775 hargrave 2021-05-23 11:56:14 
TT 674 199.6  41.6 260.3  19.8 3.03E-06 001.3 170.8  13.0 0.042385 0.063545 0.056072 hargrave 2021-05-24 14:10:36 
TT 676 199.2  36.9 255.4  20.6 1.97E-06 001.0 170.0  08.4 0.043466 0.026684 0.035991 hargrave 2021-05-25 13:59:46 
TT 678 193.9  36.6 255.6  24.9 1.29E-06 004.0 165.7  08.6 0.044680 0.106876 0.018534 hargrave 2021-05-26 14:41:10 
TT 680 196.7  40.2 259.2  22.1 7.46E-07 009.9 168.4  11.9 0.030562 0.164972 0.014697 hargrave 2021-05-30 16:30:41 
TT 682 204.5  33.6 251.6  16.5 4.77E-07 008.7 174.0  04.8 0.012370 0.092287 0.014435 hargrave 2021-06-02 10:22:37 
TT 684 196.6  31.1 249.4  23.2 3.40E-07 006.3 167.2  02.9 0.011783 0.047741 0.004368 hargrave 2021-06-03 19:16:16 
TT 686 192.9  25.8 243.8  26.9 2.03E-07 008.3 163.2 -01.8 0.010015 0.036869 0.004406 hargrave 2021-06-04 17:59:14 
TT 688 285.0 -31.6 169.1 -57.6 1.46E-07 003.5 272.8 -35.2 0.009603 0.013996 0.002856 hargrave 2021-06-05 16:14:11 
TT 690 151.2  22.9 256.0  64.0 2.45E-07 008.3 126.2  06.9 0.030477 0.035705 0.003634 hargrave 2021-06-06 15:12:06 
TT 692 181.9 -62.0 151.2  08.9 9.26E-08 005.3 072.8 -75.9 0.003994 0.009780 0.003261 hargrave 2021-06-08 10:43:06 
