PF18- 69a sun compass orientation
  93.24 106.1  42.0 221.5  81.4  11.9
NRM    309.3  77.0 311.0 -04.4 8.26E-05 001.2 199.4  51.6 1.347381 1.146702 1.070554 hargrave 2021-04-08 13:55:14 
TT  50 309.1  76.9 311.0 -04.5 8.21E-05 003.5 199.6  51.5 2.808198 5.267801 1.037950 hargrave 2021-04-09 13:16:38 
TT 100 306.7  74.6 310.2 -06.8 7.99E-05 001.3 203.4  51.2 1.397782 1.272846 0.966451 hargrave 2021-04-10 13:42:41 
TT 150 280.2  69.8 301.1 -08.7 4.83E-05 004.6 207.7  42.4 2.459520 3.908077 0.638753 hargrave 2021-04-11 12:17:49 
TT 200 269.7  66.4 295.8 -09.1 3.94E-05 000.9 208.8  37.3 0.257002 0.520474 0.496283 hargrave 2021-04-13 15:23:51 
TT 250 263.4  61.6 290.4 -10.5 3.27E-05 004.2 211.2  32.1 1.574857 2.381863 0.410893 hargrave 2021-04-18 14:13:36 
TT 300 261.6  58.6 287.5 -11.8 2.80E-05 002.7 212.9  29.3 0.912023 1.197508 0.373135 hargrave 2021-04-19 14:21:57 
TT 325 257.7  58.8 286.4 -10.1 2.41E-05 003.3 211.1  28.1 0.765658 1.455061 0.358057 hargrave 2021-04-20 12:48:54 
TT 350 258.3  56.6 284.7 -11.6 2.19E-05 000.9 213.0  26.6 0.114481 0.283599 0.303710 hargrave 2021-04-23 12:30:19 
TT 375 258.6  55.1 283.6 -12.6 1.83E-05 005.7 214.2  25.6 1.277893 1.735816 0.220024 hargrave 2021-04-25 09:32:39 
TT 415 257.8  51.5 280.3 -14.3 1.34E-05 002.8 216.4  22.6 0.500010 0.584424 0.201037 hargrave 2021-04-26 08:35:14 
TT 450 194.1  33.0 254.4  27.5 4.07E-04 003.7 178.3 -08.9 1.183982 28.81937 12.12851 hargrave 2021-04-27 13:19:38 
TT 475 192.9  38.8 261.0  27.5 1.20E-04 001.4 177.5 -03.1 0.203695 0.765488 3.392165 hargrave 2021-04-29 14:09:26 
TT 500 197.0  40.2 261.9  24.2 8.40E-05 002.7 180.7 -01.8 0.167989 4.088867 2.248189 hargrave 2021-05-01 09:18:21 
TT 520 193.3  40.6 262.9  26.9 7.03E-05 001.5 177.8 -01.4 0.118511 1.666543 1.434452 hargrave 2021-05-02 15:56:35 
TT 535 191.3  41.6 264.4  28.1 5.54E-05 004.0 176.4 -00.3 0.237778 4.325748 1.482159 hargrave 2021-05-04 08:31:55 
TT 550 191.9  41.9 264.6  27.6 4.75E-05 002.2 176.9  00.0 0.114317 1.754481 1.242520 hargrave 2021-05-04 18:06:36 
TT 560 192.6  43.2 265.8  26.8 4.08E-05 004.1 177.4  01.2 0.107671 3.263701 1.114641 hargrave 2021-05-05 15:33:46 
TT 570 193.3  43.8 266.4  26.1 3.25E-05 004.6 178.0  01.8 0.142399 2.978906 0.960543 hargrave 2021-05-06 21:52:48 
TT 580 201.4  44.9 266.3  20.2 2.55E-05 003.2 183.8  03.0 0.156656 1.498284 0.755489 hargrave 2021-05-08 19:09:09 
TT 590 196.6  45.8 268.0  23.4 2.11E-05 001.9 180.3  03.8 0.054352 0.472656 0.660011 hargrave 2021-05-09 18:07:54 
TT 600 198.6  47.4 269.3  21.7 1.62E-05 002.4 181.7  05.4 0.051874 0.644664 0.475228 hargrave 2021-05-11 08:58:28 
TT 610 197.8  48.4 270.5  22.1 1.20E-05 001.4 181.1  06.4 0.039077 0.191204 0.285740 hargrave 2021-05-12 08:54:52 
TT 620 200.1  49.6 271.4  20.3 9.57E-06 002.3 182.6  07.6 0.057932 0.375335 0.244055 hargrave 2021-05-13 11:47:49 
TT 630 218.9  50.4 271.5  08.3 6.47E-06 002.3 194.5  10.3 0.114893 0.278824 0.080421 hargrave 2021-05-14 11:15:41 
TT 640 213.1  49.8 270.8  12.0 4.36E-06 003.0 191.0  08.9 0.071110 0.252527 0.087501 hargrave 2021-05-15 09:27:12 
TT 650 229.7  49.7 271.7  01.3 4.41E-06 001.8 201.4  11.9 0.096297 0.124823 0.064645 hargrave 2021-05-16 11:18:57 
TT 660 215.1  53.0 274.0  10.7 3.67E-06 004.0 191.6  12.3 0.068587 0.291527 0.056131 hargrave 2021-05-17 12:28:09 
TT 664 231.4  50.9 273.1  00.5 3.78E-06 002.4 202.0  13.4 0.082050 0.166380 0.059459 hargrave 2021-05-18 14:49:56 
TT 668 231.4  47.1 269.4 -00.4 3.80E-06 002.7 203.6  10.0 0.112036 0.180278 0.057609 hargrave 2021-05-19 17:21:31 
TT 672 221.2  51.3 272.5  06.9 2.71E-06 005.0 195.7  11.6 0.074604 0.269801 0.043718 hargrave 2021-05-23 10:34:23 
TT 674 220.9  52.0 273.2  07.1 3.14E-06 001.7 195.3  12.2 0.055129 0.104273 0.040755 hargrave 2021-05-24 12:51:34 
TT 676 226.7  50.5 272.1  03.3 3.10E-06 001.5 199.3  12.0 0.053239 0.083655 0.045920 hargrave 2021-05-25 12:40:44 
TT 678 218.9  55.0 276.1  08.5 2.58E-06 001.8 193.3  14.8 0.057059 0.084349 0.049899 hargrave 2021-05-26 13:20:22 
TT 680 211.2  54.2 275.3  13.0 1.90E-06 007.9 189.0  13.0 0.062907 0.306291 0.059180 hargrave 2021-05-30 15:10:56 
TT 682 237.4  45.4 268.9 -04.8 2.04E-06 003.1 208.1  10.2 0.156982 0.072278 0.047677 hargrave 2021-06-02 09:04:07 
TT 684 214.5  51.3 272.3  11.1 1.71E-06 003.1 191.6  10.6 0.042986 0.087991 0.068313 hargrave 2021-06-03 17:58:49 
TT 686 226.3  49.3 270.8  03.4 1.61E-06 005.6 199.5  10.7 0.073873 0.174665 0.022993 hargrave 2021-06-04 16:41:39 
TT 688 244.7  40.8 266.3 -11.4 9.43E-07 003.1 215.1  08.7 0.037934 0.051776 0.009001 hargrave 2021-06-05 14:55:58 
TT 690 141.4  16.6 262.1  77.4 4.70E-07 007.0 127.6 -09.1 0.048528 0.040833 0.028258 hargrave 2021-06-06 13:53:45 
TT 692 113.7  48.9 328.6  47.0 4.62E-07 005.8 131.2  30.1 0.039499 0.047198 0.021571 hargrave 2021-06-08 09:25:04 
