PF18- 157a mag compass orientation (IGRF corrected)
 155.79 143.6  16.0 222.8  83.0  13.4
NRM    279.2  47.3 287.7 -28.1 6.47E-05 002.3 216.4  35.2 1.797967 0.734609 2.988862 hargrave 2021-04-09 19:47:17 
TT  50 277.6  47.5 286.8 -27.2 6.44E-05 003.2 215.0  35.1 3.411033 1.517662 3.028114 hargrave 2021-04-10 18:21:23 
TT 100 280.0  45.9 287.2 -29.6 6.19E-05 003.9 217.4  33.9 4.098839 2.538327 2.892143 hargrave 2021-04-12 14:50:16 
TT 150 277.8  45.0 285.1 -29.3 5.62E-05 002.4 215.9  32.7 0.903631 1.354714 2.763172 hargrave 2021-04-14 15:47:05 
TT 200 279.2  44.6 285.7 -30.2 5.56E-05 002.5 217.1  32.5 0.770677 1.542109 2.791776 hargrave 2021-04-15 13:43:44 
TT 250 268.9  44.5 279.7 -25.2 4.78E-05 002.6 208.7  30.9 1.554579 0.179900 2.497353 hargrave 2021-04-16 18:29:12 
TT 300 268.4  44.2 279.1 -25.1 4.19E-05 003.4 208.4  30.5 2.023553 1.402199 2.228669 hargrave 2021-04-18 21:37:59 
TT 325 271.1  43.6 280.1 -26.9 4.00E-05 005.5 210.7  30.3 3.268551 3.351787 2.129046 hargrave 2021-04-21 18:14:39 
TT 350 269.7  43.4 279.2 -26.3 3.66E-05 002.7 209.6  29.9 1.182412 0.230683 1.929745 hargrave 2021-04-22 15:48:04 
TT 375 265.2  43.8 277.2 -23.6 2.70E-05 003.4 205.9  29.7 1.296458 0.974607 1.447099 hargrave 2021-04-23 17:03:19 
TT 415 262.8  43.6 276.0 -22.2 2.15E-05 004.3 203.9  29.2 1.233404 1.312293 1.194392 hargrave 2021-04-25 20:05:38 
TT 450 258.6  43.8 274.4 -19.6 1.94E-05 003.3 200.4  29.0 0.193135 1.019594 1.065623 hargrave 2021-04-28 09:38:16 
TT 475 263.1  42.6 275.2 -22.9 1.71E-05 004.3 204.3  28.3 1.002925 1.046977 0.944256 hargrave 2021-04-30 11:43:40 
TT 500 263.4  42.8 275.6 -23.0 1.62E-05 002.9 204.5  28.5 0.599322 0.230486 0.880065 hargrave 2021-05-01 13:50:11 
TT 520 262.8  43.2 275.7 -22.4 1.51E-05 002.9 204.0  28.9 0.217756 0.609521 0.814154 hargrave 2021-05-02 12:41:24 
TT 535 259.5  42.8 273.8 -20.7 1.34E-05 004.1 201.3  28.1 0.670815 0.790870 0.731924 hargrave 2021-05-03 13:39:52 
TT 550 261.0  43.0 274.7 -21.5 1.23E-05 004.8 202.5  28.5 0.765767 0.896332 0.721446 hargrave 2021-05-05 12:28:26 
TT 560 258.1  43.6 274.0 -19.3 1.15E-05 006.9 200.0  28.8 0.911997 1.502524 0.648095 hargrave 2021-05-06 09:30:32 
TT 570 261.0  43.4 275.0 -21.3 1.06E-05 003.2 202.4  28.8 0.426507 0.225431 0.632597 hargrave 2021-05-07 15:24:57 
TT 580 260.3  42.8 274.2 -21.1 8.57E-06 003.6 201.9  28.2 0.397920 0.329769 0.499090 hargrave 2021-05-09 10:09:05 
TT 590 252.8  43.3 271.8 -16.1 7.98E-06 003.1 195.8  28.0 0.277071 0.110405 0.503598 hargrave 2021-05-10 11:00:22 
TT 600 252.0  43.6 271.8 -15.5 6.59E-06 003.1 195.1  28.2 0.225611 0.090984 0.410537 hargrave 2021-05-11 13:27:25 
TT 610 244.0  41.0 267.0 -11.0 6.29E-06 003.0 188.7  25.2 0.165652 0.073621 0.406270 hargrave 2021-05-12 14:25:13 
TT 620 249.3  39.5 267.0 -15.3 5.72E-06 005.4 193.2  24.0 0.052137 0.624628 0.365386 hargrave 2021-05-13 18:17:21 
TT 630 254.2  43.0 272.1 -17.2 4.14E-06 003.0 196.9  27.9 0.158999 0.083147 0.235186 hargrave 2021-05-15 18:11:20 
TT 640 254.9  43.2 272.4 -17.5 3.62E-06 002.8 197.5  28.0 0.098520 0.078970 0.211009 hargrave 2021-05-17 09:40:46 
TT 650 246.4  41.0 267.7 -12.7 3.84E-06 004.8 190.7  25.3 0.168209 0.320340 0.233307 hargrave 2021-05-18 11:52:00 
TT 660 255.0  39.4 269.0 -19.3 2.66E-06 003.6 198.0  24.4 0.096331 0.131275 0.161666 hargrave 2021-05-19 11:26:04 
TT 664 236.2  38.4 262.8 -06.0 2.98E-06 003.0 182.2  22.4 0.072846 0.080412 0.185180 hargrave 2021-05-20 19:15:35 
TT 668 235.7  43.9 268.0 -04.3 2.39E-06 004.1 181.7  27.9 0.081366 0.161283 0.142695 hargrave 2021-05-22 10:06:55 
TT 672 241.2  41.0 266.3 -09.0 1.94E-06 003.3 186.3  25.1 0.070896 0.051785 0.122254 hargrave 2021-05-24 10:04:32 
TT 674 254.5  37.8 267.2 -19.7 2.05E-06 005.3 197.8  22.7 0.125825 0.183983 0.123781 hargrave 2021-05-25 09:40:07 
TT 676 233.4  29.3 253.3 -05.7 1.54E-06 005.8 179.8  13.3 0.037969 0.181454 0.100837 hargrave 2021-05-26 09:41:50 
TT 678 249.6  26.2 254.1 -20.3 1.52E-06 006.4 194.6  10.7 0.077398 0.189748 0.107002 hargrave 2021-05-29 11:57:49 
TT 680 240.7  31.3 256.8 -11.4 7.45E-07 008.2 186.3  15.4 0.032610 0.132011 0.048473 hargrave 2021-05-31 09:42:35 
TT 682 246.5  18.5 245.4 -19.8 8.86E-07 004.5 192.2  02.9 0.022946 0.072162 0.059537 hargrave 2021-06-02 13:43:45 
TT 696 238.5  24.9 249.9 -11.1 7.53E-07 005.7 184.5  08.9 0.022893 0.087399 0.047706 hargrave 2021-06-03 15:16:32 
