PF18- 99a mag compass orientation (IGRF corrected)
 126.51  -2.4  15.0 218.9  81.9  13.9
NRM    219.2  58.0 276.6  06.7 3.13E-05 001.4 286.9  65.5 0.552773 0.835965 0.427139 hargrave 2021-04-08 14:48:51 
TT  50 222.4  57.0 275.8  04.9 3.11E-05 001.5 291.7  65.4 0.483658 1.003479 0.356323 hargrave 2021-04-09 14:10:16 
TT 100 218.2  57.7 276.3  07.2 3.02E-05 001.4 286.1  65.0 0.513437 0.779252 0.432416 hargrave 2021-04-10 14:36:54 
TT 150 216.0  56.2 274.7  08.3 2.80E-05 002.5 285.2  63.1 1.330023 1.046258 0.552000 hargrave 2021-04-11 13:11:04 
TT 200 215.2  56.2 274.8  08.8 2.72E-05 001.5 284.3  63.0 0.412724 0.832456 0.404928 hargrave 2021-04-13 16:09:15 
TT 250 215.0  55.7 274.2  08.9 2.65E-05 002.7 284.7  62.4 1.384513 0.959412 0.323547 hargrave 2021-04-18 15:00:42 
TT 300 217.0  55.1 273.6  07.7 2.52E-05 002.3 287.4  62.4 0.890855 1.009333 0.329581 hargrave 2021-04-19 15:20:03 
TT 325 216.4  54.8 273.4  08.0 2.36E-05 001.7 287.0  62.0 0.328893 0.856082 0.346493 hargrave 2021-04-20 13:47:00 
TT 350 214.8  55.4 273.9  09.0 2.25E-05 001.7 284.8  62.1 0.338343 0.782998 0.348935 hargrave 2021-04-23 13:24:42 
TT 375 214.4  55.0 273.6  09.2 2.08E-05 004.2 284.5  61.7 1.901762 0.961520 0.276336 hargrave 2021-04-25 10:27:40 
TT 415 214.3  55.0 273.5  09.3 1.74E-05 003.8 284.5  61.7 1.310431 0.865547 0.318887 hargrave 2021-04-26 09:31:23 
TT 450 207.6  56.5 275.1  13.0 1.57E-05 003.3 276.1  61.2 1.022631 0.646960 0.296251 hargrave 2021-04-27 14:16:36 
TT 475 213.0  54.1 272.6  10.0 1.51E-05 002.1 284.0  60.5 0.491427 0.563725 0.242138 hargrave 2021-04-29 15:03:27 
TT 500 214.0  53.6 272.1  09.4 1.40E-05 001.4 285.4  60.3 0.125750 0.413279 0.242502 hargrave 2021-05-01 10:11:49 
TT 520 210.0  53.8 272.3  11.8 1.32E-05 003.4 281.0  59.5 0.957495 0.500885 0.221462 hargrave 2021-05-02 16:42:45 
TT 535 207.2  54.5 273.2  13.4 1.22E-05 001.1 277.4  59.4 0.259605 0.171828 0.099275 hargrave 2021-05-04 09:23:26 
TT 550 208.7  55.7 274.3  12.4 1.10E-05 001.3 277.9  60.9 0.255045 0.174801 0.133104 hargrave 2021-05-04 19:01:55 
TT 560 207.9  54.1 272.7  13.0 1.05E-05 005.1 278.6  59.2 1.298714 0.157589 0.065187 hargrave 2021-05-05 16:30:22 
TT 570 206.0  57.3 276.1  13.8 7.83E-06 001.0 273.6  61.6 0.067622 0.161641 0.061169 hargrave 2021-05-06 22:46:01 
TT 580 202.1  56.3 275.4  16.0 5.13E-06 002.1 270.7  59.7 0.259911 0.054273 0.033600 hargrave 2021-05-08 20:03:25 
TT 590 197.1  58.7 278.4  18.1 4.17E-06 004.1 263.8  60.5 0.388519 0.136612 0.057479 hargrave 2021-05-09 19:03:37 
TT 600 199.4  47.8 266.9  19.1 3.61E-06 003.7 274.5  51.3 0.308991 0.101364 0.040288 hargrave 2021-05-11 09:51:33 
TT 610 199.2  63.2 282.7  16.0 3.09E-06 003.8 260.4  64.8 0.245285 0.131084 0.061250 hargrave 2021-05-12 09:48:52 
TT 620 172.0  69.7 294.0  22.5 2.72E-06 003.8 231.5  63.8 0.137563 0.207319 0.059026 hargrave 2021-05-13 12:41:46 
TT 630 225.3  52.0 271.2  02.5 2.73E-06 004.6 299.6  61.5 0.303278 0.047550 0.034696 hargrave 2021-05-14 12:10:30 
TT 640 220.0  33.0 251.8  03.4 2.58E-06 003.9 303.2  42.3 0.225676 0.073416 0.084699 hargrave 2021-05-15 10:19:18 
TT 650 146.4  68.7 301.7  28.3 2.42E-06 004.7 216.4  58.3 0.083362 0.259322 0.058189 hargrave 2021-05-16 12:11:13 
TT 660 181.6  30.4 250.8  36.1 2.71E-06 004.5 265.2  30.3 0.275597 0.157851 0.032173 hargrave 2021-05-17 13:23:37 
TT 664 073.5  87.3 311.2  09.6 2.04E-06 005.6 177.8  72.4 0.055712 0.274176 0.022880 hargrave 2021-05-18 15:43:18 
TT 668 188.9  31.3 250.4  29.7 2.70E-06 007.1 271.9  33.0 0.431334 0.182801 0.097220 hargrave 2021-05-19 18:15:01 
TT 672 117.5  87.0 309.5  11.1 1.64E-06 004.5 185.0  72.3 0.036391 0.174519 0.093196 hargrave 2021-05-23 11:26:32 
TT 674 159.5  55.3 287.6  36.9 2.09E-06 004.0 234.7  48.5 0.126070 0.164273 0.026750 hargrave 2021-05-24 13:42:30 
TT 676 163.5  52.1 282.7  37.7 2.28E-06 008.0 239.7  46.3 0.316672 0.323666 0.035393 hargrave 2021-05-25 13:30:55 
TT 678 050.0  84.7 314.2  09.1 1.48E-06 006.3 170.3  70.5 0.054971 0.228980 0.082995 hargrave 2021-05-26 14:12:44 
TT 680 208.8  25.7 243.5  12.6 2.52E-06 004.2 293.7  32.6 0.278993 0.146707 0.035487 hargrave 2021-05-30 16:02:41 
TT 682 248.5  27.1 252.4 -21.8 1.20E-06 002.3 337.2  41.1 0.097005 0.048732 0.045147 hargrave 2021-06-02 09:53:23 
TT 684 096.7  55.0 331.3  36.6 9.85E-07 008.2 186.8  40.1 0.066347 0.189289 0.013582 hargrave 2021-06-03 18:48:43 
TT 686 222.5  09.4 228.7 -02.2 1.44E-06 003.4 312.0  19.8 0.171612 0.115586 0.031205 hargrave 2021-06-04 17:30:47 
TT 688 205.0  06.4 223.4  14.6 1.32E-06 003.4 295.1  13.0 0.156747 0.155793 0.023740 hargrave 2021-06-05 15:46:18 
TT 690 030.5  02.2 035.5 -08.0 9.86E-07 002.8 122.5 -05.9 0.064411 0.199555 0.011343 hargrave 2021-06-06 14:43:28 
TT 692 008.4  11.7 021.1 -27.6 9.33E-07 005.3 103.4  08.5 0.083722 0.155888 0.056941 hargrave 2021-06-08 10:14:30 
