PF18- 24a mag compass orientation (IGRF corrected)
 103.18 169.6  39.0 221.5  81.4  12.1
NRM    222.0  57.0 278.2  07.0 9.67E-05 001.1 158.9  22.4 0.758509 0.588160 1.987047 hargrave 2021-04-06 18:41:55 
TT  50 213.2  54.5 275.6  11.8 9.65E-05 001.3 153.0  22.4 0.689176 1.941453 1.687487 hargrave 2021-04-12 10:28:31 
TT 100 217.1  53.6 274.7  09.5 9.24E-05 002.4 154.7  20.5 1.955128 4.147355 1.438214 hargrave 2021-04-13 11:42:52 
TT 150 221.8  51.5 272.7  06.5 8.54E-05 001.0 156.5  17.4 0.312187 1.125471 1.370580 hargrave 2021-04-14 19:03:34 
TT 200 220.5  49.8 270.9  07.2 4.08E-05 052.8 154.9  16.1 45.96699 21.50682 14.69438 hargrave 2021-04-16 12:48:22 
TT 200 215.7  47.3 268.2  10.2 8.16E-05 002.4 150.8  15.3 1.852261 3.557961 1.171878 hargrave 2021-04-16 14:00:30 
TT 250 213.8  45.9 266.8  11.5 7.71E-05 001.0 149.0  14.6 0.895730 1.210538 0.701536 hargrave 2021-04-19 23:10:53 
TT 300 218.1  47.1 268.1  08.6 6.60E-05 001.1 152.2  14.4 0.664348 1.114085 0.864523 hargrave 2021-04-21 13:14:14 
TT 325 215.1  45.7 266.6  10.6 5.90E-05 003.1 149.7  14.0 1.731759 3.302929 1.039099 hargrave 2021-04-22 10:54:47 
TT 350 220.3  47.4 268.5  07.1 5.47E-05 001.0 153.8  14.0 0.364014 0.556346 0.915189 hargrave 2021-04-23 08:46:44 
TT 375 216.5  45.9 266.8  09.6 5.07E-05 001.0 150.7  13.7 0.122874 0.547371 0.874673 hargrave 2021-04-24 15:44:49 
TT 415 214.7  45.4 266.2  10.9 4.76E-05 002.3 149.3  13.9 1.156088 1.967978 0.503608 hargrave 2021-04-25 14:36:05 
TT 450 216.5  45.6 266.5  09.6 4.43E-05 001.0 150.5  13.5 0.372697 0.590472 0.577508 hargrave 2021-04-26 21:11:59 
TT 475 215.9  45.2 266.1  10.0 4.23E-05 001.3 150.0  13.3 0.182470 0.666970 0.980643 hargrave 2021-04-29 10:17:50 
TT 500 216.3  45.7 266.6  09.8 4.03E-05 005.1 150.4  13.7 2.220261 3.726266 0.682014 hargrave 2021-04-30 15:23:17 
TT 520 208.9  42.8 263.6  15.0 3.84E-05 005.6 144.3  13.6 2.518154 3.699222 0.680025 hargrave 2021-05-01 17:35:59 
TT 535 209.8  43.5 264.4  14.3 3.60E-05 001.6 145.2  13.9 0.668633 0.995035 0.358436 hargrave 2021-05-03 09:14:00 
TT 550 216.3  45.5 266.4  09.8 3.34E-05 002.4 150.4  13.5 0.875425 1.390436 0.466079 hargrave 2021-05-04 12:57:24 
TT 560 206.5  41.2 262.1  16.9 2.97E-05 004.6 141.9  13.2 1.836414 2.158298 0.549010 hargrave 2021-05-06 16:20:39 
TT 570 213.6  44.0 264.9  11.6 2.60E-05 002.0 148.0  13.0 0.369204 0.849364 0.562862 hargrave 2021-05-07 11:02:21 
TT 580 213.1  44.1 264.9  12.0 2.40E-05 007.1 147.6  13.3 1.850984 3.088512 0.416215 hargrave 2021-05-08 12:24:38 
TT 590 214.6  44.3 265.1  10.9 2.32E-05 001.2 148.7  12.9 0.112429 0.183989 0.547391 hargrave 2021-05-09 13:47:35 
TT 600 214.4  43.3 264.1  11.0 2.31E-05 001.2 148.1  12.1 0.272369 0.191988 0.508089 hargrave 2021-05-10 14:33:04 
TT 610 212.1  42.5 263.3  12.7 2.20E-05 004.4 146.2  12.2 1.206762 1.555169 0.514161 hargrave 2021-05-11 16:29:05 
TT 620 213.6  43.4 264.2  11.6 2.08E-05 002.1 147.6  12.5 0.340875 0.763600 0.414491 hargrave 2021-05-12 18:47:48 
TT 630 215.7  44.8 265.7  10.1 1.99E-05 001.9 149.7  13.1 0.301257 0.650935 0.338107 hargrave 2021-05-14 16:05:39 
TT 640 211.9  42.7 263.5  12.9 1.95E-05 002.4 146.1  12.4 0.423858 0.830577 0.296231 hargrave 2021-05-15 13:50:10 
TT 650 220.4  46.4 267.5  07.0 1.86E-05 001.4 153.4  13.1 0.054334 0.341170 0.422338 hargrave 2021-05-16 16:43:06 
TT 660 204.3  39.7 260.7  18.7 1.68E-05 004.6 139.6  12.8 0.972609 1.298103 0.271067 hargrave 2021-05-17 17:23:44 
TT 664 212.2  43.6 264.4  12.6 1.64E-05 005.5 146.8  13.1 0.952134 1.635365 0.333252 hargrave 2021-05-18 20:51:06 
TT 668 217.7  45.4 266.4  08.8 1.45E-05 005.3 151.2  13.0 0.678820 1.432532 0.309399 hargrave 2021-05-20 09:39:40 
TT 672 216.2  44.5 265.4  09.8 1.21E-05 002.6 149.9  12.7 0.247732 0.556663 0.270777 hargrave 2021-05-23 15:00:14 
TT 674 208.1  41.5 262.3  15.7 9.80E-06 001.6 143.1  12.8 0.221341 0.148178 0.201707 hargrave 2021-05-24 17:19:16 
TT 676 214.6  42.6 263.4  10.9 9.53E-06 001.9 147.9  11.5 0.199461 0.241204 0.221730 hargrave 2021-05-25 17:06:22 
TT 678 207.2  40.0 260.7  16.5 5.72E-06 003.3 141.6  11.8 0.147367 0.389019 0.112302 hargrave 2021-05-26 17:45:48 
TT 680 213.0  43.2 264.0  12.1 4.42E-06 006.2 147.1  12.5 0.265990 0.509723 0.089951 hargrave 2021-05-30 11:54:47 
TT 682 205.9  38.9 259.7  17.5 2.97E-06 003.5 140.2  11.4 0.102157 0.193669 0.059921 hargrave 2021-05-31 13:04:03 
TT 684 219.8  40.1 261.2  06.8 2.14E-06 002.0 150.4  07.5 0.071804 0.047360 0.057771 hargrave 2021-06-03 09:51:45 
TT 686 220.4  41.1 262.1  06.5 1.19E-06 007.8 151.2  08.2 0.061533 0.189382 0.040070 hargrave 2021-06-04 11:18:28 
TT 688 252.8  51.5 278.6 -11.7 5.52E-07 005.5 175.7  12.6 0.027857 0.053144 0.033520 hargrave 2021-06-05 11:34:24 
TT 690 183.7  29.0 251.5  37.1 5.27E-07 003.4 119.0  14.0 0.014554 0.055042 0.013138 hargrave 2021-06-06 10:29:41 
TT 692 032.8 -08.1 048.3 -09.8 3.66E-07 005.7 310.4  18.5 0.062241 0.017234 0.004390 hargrave 2021-06-06 19:55:42 
TT 695 324.0  41.6 323.4 -38.5 3.16E-07 011.4 225.2  18.2 0.044283 0.061938 0.022029 hargrave 2021-06-10 14:01:46 
