PF18- 125a mag compass orientation (IGRF corrected)
 137.03 315.6  20.0 218.9  81.9  11.6
NRM    309.3  73.9 309.0 -08.0 7.05E-05 000.9 137.4  65.9 0.502506 1.037153 0.571655 hargrave 2021-04-09 18:50:06 
TT  50 308.6  73.4 308.8 -08.4 7.03E-05 001.5 136.2  65.9 1.967748 0.510843 0.523474 hargrave 2021-04-10 17:34:13 
TT 100 311.9  74.7 309.7 -07.2 6.85E-05 001.3 140.0  65.8 0.304218 1.669470 0.593479 hargrave 2021-04-12 14:03:07 
TT 150 307.7  73.8 308.6 -08.1 6.21E-05 000.8 136.7  66.3 0.667126 0.653877 0.504397 hargrave 2021-04-14 14:48:52 
TT 200 306.2  73.5 308.1 -08.4 6.01E-05 001.0 135.4  66.5 0.223970 1.029179 0.604218 hargrave 2021-04-15 12:45:51 
TT 250 279.9  66.0 297.2 -12.9 3.22E-05 000.8 105.2  70.0 0.198778 0.451311 0.139999 hargrave 2021-04-16 17:42:31 
TT 300 273.2  61.8 292.3 -14.8 2.56E-05 000.8 090.3  69.6 0.312440 0.226886 0.088280 hargrave 2021-04-18 20:39:19 
TT 325 274.0  61.0 292.1 -15.7 2.36E-05 001.2 089.4  68.7 0.519912 0.168038 0.087569 hargrave 2021-04-21 16:51:30 
TT 350 271.4  59.8 290.3 -15.8 2.08E-05 000.5 084.6  68.8 0.181714 0.131203 0.068441 hargrave 2021-04-22 14:52:54 
TT 375 263.5  57.6 285.6 -14.7 1.57E-05 000.5 071.7  69.7 0.106079 0.122511 0.053101 hargrave 2021-04-23 16:06:23 
TT 415 264.1  57.2 285.6 -15.2 1.23E-05 000.5 071.8  69.2 0.080109 0.079873 0.039067 hargrave 2021-04-25 19:08:05 
TT 450 264.1  55.4 284.2 -16.5 1.05E-05 002.4 068.8  67.7 0.473611 0.198130 0.032140 hargrave 2021-04-28 08:28:43 
TT 475 261.0  54.7 282.4 -15.6 9.40E-06 000.8 063.9  68.1 0.143443 0.043855 0.027456 hargrave 2021-04-30 10:44:17 
TT 500 258.4  53.0 280.1 -15.4 8.32E-06 000.6 058.3  67.5 0.095527 0.048025 0.050268 hargrave 2021-05-01 12:53:54 
TT 520 258.4  55.4 282.0 -14.0 7.47E-06 000.4 061.4  69.5 0.045186 0.039519 0.044710 hargrave 2021-05-02 11:42:33 
TT 535 252.7  55.9 280.5 -11.1 6.82E-06 000.9 054.0  71.6 0.085851 0.096126 0.020475 hargrave 2021-05-03 12:39:44 
TT 550 254.5  55.5 280.8 -12.2 6.39E-06 000.7 056.1  70.7 0.052807 0.078448 0.024067 hargrave 2021-05-05 11:29:35 
TT 560 254.3  53.1 278.7 -13.4 5.37E-06 001.4 052.6  68.7 0.093382 0.124898 0.015902 hargrave 2021-05-06 08:32:35 
TT 570 250.3  60.1 283.5 -07.7 5.52E-06 001.0 058.3  75.8 0.096231 0.052593 0.014447 hargrave 2021-05-07 14:27:09 
TT 580 245.0  54.6 277.3 -07.9 4.48E-06 000.9 039.4  72.4 0.041371 0.074673 0.015347 hargrave 2021-05-09 09:10:10 
TT 590 250.2  51.8 276.2 -12.0 3.26E-06 000.8 044.8  68.6 0.040477 0.032418 0.013865 hargrave 2021-05-10 10:00:43 
TT 600 217.7  60.5 279.2  07.6 3.16E-06 001.6 337.2  80.0 0.096887 0.036647 0.015308 hargrave 2021-05-11 12:29:28 
TT 610 222.9  61.7 280.5  05.2 2.66E-06 001.6 351.3  81.6 0.077002 0.038185 0.015759 hargrave 2021-05-12 13:32:10 
TT 620 204.1  55.6 274.4  15.0 1.64E-06 001.5 315.7  72.7 0.049963 0.019865 0.015633 hargrave 2021-05-13 17:22:56 
TT 630 248.5  43.6 268.3 -14.9 2.02E-06 002.0 035.8  61.2 0.058682 0.052407 0.038644 hargrave 2021-05-15 17:15:56 
TT 640 249.5  35.5 261.1 -19.2 1.73E-06 002.0 033.4  53.2 0.030990 0.065780 0.017622 hargrave 2021-05-17 08:44:07 
TT 650 245.3  46.0 269.5 -11.8 1.93E-06 005.2 032.5  64.1 0.056809 0.044686 0.598139 hargrave 2021-05-18 10:52:58 
TT 660 186.2  38.0 258.5  30.5 1.50E-06 003.8 305.9  51.9 0.102961 0.041010 0.041971 hargrave 2021-05-19 10:28:45 
TT 664 256.4  64.7 288.9 -07.5 1.22E-06 001.1 080.7  77.2 0.018994 0.021035 0.010279 hargrave 2021-05-20 18:17:41 
TT 668 229.3  80.2 299.2  06.2 1.17E-06 002.6 176.4  79.7 0.054739 0.027812 0.018037 hargrave 2021-05-22 09:12:13 
TT 672 224.5  81.3 300.2  07.2 1.03E-06 003.8 180.9  78.7 0.074219 0.026841 0.018051 hargrave 2021-05-24 09:11:31 
TT 674 180.2  44.2 267.1  32.8 1.20E-06 005.8 294.7  55.8 0.134709 0.041945 0.027415 hargrave 2021-05-25 08:45:19 
TT 676 359.4  40.4 348.5 -22.8 7.77E-07 002.8 142.5  25.4 0.017098 0.047006 0.011603 hargrave 2021-05-26 08:43:36 
TT 678 111.6  41.1 331.1  53.6 5.25E-07 005.4 233.3  30.9 0.044921 0.041710 0.009502 hargrave 2021-05-29 11:04:52 
TT 680 279.7  28.0 271.9 -44.2 5.66E-07 001.5 065.4  38.2 0.015047 0.017850 0.006462 hargrave 2021-05-31 08:46:21 
TT 682 271.7  18.9 255.6 -44.5 5.08E-07 002.3 053.4  31.9 0.012563 0.018405 0.011510 hargrave 2021-06-02 12:49:01 
TT 696 040.9  45.4 353.9  07.2 5.79E-07 002.7 176.3  25.5 0.021215 0.027763 0.010132 hargrave 2021-06-03 14:23:41 
