PF18- 130a mag compass orientation (IGRF corrected)
 140.18 315.6  36.0 218.9  81.9  13.3
NRM    250.2  45.6 270.7 -15.0 3.90E-05 001.7 072.0  72.2 1.428673 0.665507 0.136140 hargrave 2021-04-09 18:59:52 
TT  50 250.1  45.4 270.4 -15.0 3.88E-05 001.1 071.3  72.1 0.891588 0.455734 0.130174 hargrave 2021-04-10 17:43:09 
TT 100 251.1  46.1 271.4 -15.3 3.75E-05 001.7 074.6  72.0 1.370184 0.601907 0.122962 hargrave 2021-04-12 14:11:53 
TT 150 250.6  44.2 269.5 -15.9 3.46E-05 001.0 069.1  71.1 0.695262 0.435695 0.120346 hargrave 2021-04-14 14:58:43 
TT 200 250.8  44.3 269.7 -16.1 3.43E-05 001.4 069.7  71.0 1.043441 0.423913 0.144390 hargrave 2021-04-15 12:55:17 
TT 250 248.7  42.4 267.2 -15.6 3.08E-05 002.1 062.2  70.9 1.368418 0.677649 0.140744 hargrave 2021-04-16 17:48:38 
TT 300 247.4  42.0 266.4 -14.9 2.84E-05 000.9 059.1  71.2 0.534696 0.203745 0.133509 hargrave 2021-04-18 20:46:42 
TT 325 246.8  41.6 265.8 -14.6 2.70E-05 000.8 057.3  71.3 0.444389 0.148561 0.125181 hargrave 2021-04-21 17:02:06 
TT 350 247.1  41.8 266.1 -14.7 2.52E-05 000.7 058.2  71.3 0.379961 0.098081 0.118153 hargrave 2021-04-22 15:02:46 
TT 375 243.6  39.4 262.7 -13.3 2.01E-05 001.8 047.0  71.0 0.684041 0.452797 0.119141 hargrave 2021-04-23 16:15:48 
TT 415 242.9  39.8 262.9 -12.7 1.79E-05 001.3 046.5  71.6 0.495708 0.214683 0.084375 hargrave 2021-04-25 19:17:31 
TT 450 242.0  40.6 263.5 -11.7 8.15E-06 060.5 046.2  72.7 2.386235 2.490295 11.06482 hargrave 2021-04-28 08:37:45 
TT 450 241.8  39.6 262.3 -11.9 1.64E-05 001.4 043.7  71.9 0.475687 0.219979 0.113604 hargrave 2021-04-28 10:04:21 
TT 475 242.9  39.9 263.0 -12.7 1.55E-05 001.7 046.6  71.7 0.549578 0.224404 0.069231 hargrave 2021-04-30 10:53:44 
TT 500 241.9  40.0 262.8 -11.9 1.46E-05 000.8 044.7  72.2 0.217593 0.150897 0.120042 hargrave 2021-05-01 13:03:38 
TT 520 241.1  39.7 262.2 -11.4 1.36E-05 000.8 042.4  72.2 0.134986 0.176543 0.118333 hargrave 2021-05-02 11:53:50 
TT 535 238.7  39.3 261.3 -09.8 1.26E-05 000.7 036.5  72.9 0.044484 0.190160 0.047598 hargrave 2021-05-03 12:49:58 
TT 550 240.5  39.3 261.8 -11.1 1.18E-05 001.1 040.6  72.2 0.078936 0.277733 0.107626 hargrave 2021-05-05 11:40:12 
TT 560 240.3  38.4 260.8 -11.3 1.01E-05 001.6 038.7  71.5 0.127006 0.335460 0.086971 hargrave 2021-05-06 08:43:09 
TT 570 240.6  36.8 259.3 -12.1 9.17E-06 001.0 037.1  69.9 0.082666 0.185509 0.065934 hargrave 2021-05-07 14:37:43 
TT 580 231.5  34.6 255.1 -05.6 5.55E-06 001.8 014.5  70.2 0.065998 0.227785 0.024333 hargrave 2021-05-09 09:20:39 
TT 590 232.4  25.9 246.7 -08.4 4.82E-06 001.4 012.9  61.4 0.113091 0.074507 0.079522 hargrave 2021-05-10 10:11:17 
TT 600 230.4  41.6 261.7 -03.1 3.81E-06 001.3 016.5  77.2 0.101769 0.045650 0.019399 hargrave 2021-05-11 12:40:04 
TT 610 221.1  22.7 241.7  01.1 3.95E-06 004.3 352.0  58.5 0.089105 0.380375 0.056407 hargrave 2021-05-12 13:41:55 
TT 620 250.4  41.0 266.5 -17.4 3.29E-06 001.5 061.9  68.9 0.100359 0.052821 0.023094 hargrave 2021-05-13 17:31:51 
TT 630 215.9  36.7 255.1  07.2 2.84E-06 002.0 334.9  71.4 0.107502 0.057923 0.052404 hargrave 2021-05-15 17:26:28 
TT 640 202.8  40.6 259.0  17.5 2.26E-06 004.9 301.9  69.7 0.249559 0.055501 0.046094 hargrave 2021-05-17 08:53:56 
TT 650 200.6  27.0 244.7  19.9 2.67E-06 003.2 315.8  57.4 0.172957 0.055766 0.085780 hargrave 2021-05-18 11:03:36 
TT 660 238.1 -00.4 221.3 -19.1 3.22E-06 002.4 015.3  34.6 0.036859 0.124599 0.130114 hargrave 2021-05-19 10:39:22 
TT 664 184.4  38.9 260.1  31.6 2.03E-06 002.4 281.5  58.5 0.067691 0.083201 0.041741 hargrave 2021-05-20 18:28:17 
TT 668 138.1  70.9 305.5  26.9 1.71E-06 005.9 211.0  50.6 0.185261 0.157938 0.030148 hargrave 2021-05-22 09:21:10 
TT 672 172.6  38.5 263.7  40.4 1.84E-06 005.2 271.4  51.3 0.218710 0.034196 0.034782 hargrave 2021-05-24 09:21:17 
TT 674 101.8  77.0 315.1  19.6 1.54E-06 006.2 195.5  45.6 0.184040 0.167012 0.038253 hargrave 2021-05-25 08:54:17 
TT 676 272.0  11.4 246.4 -48.4 2.00E-06 003.1 058.7  33.9 0.078353 0.093697 0.089144 hargrave 2021-05-26 08:52:36 
TT 678 031.3  75.2 323.6  05.9 1.57E-06 006.1 175.3  39.6 0.065354 0.201707 0.071793 hargrave 2021-05-29 11:14:38 
TT 680 243.9 -01.2 221.3 -24.9 2.46E-06 002.2 021.9  32.7 0.096742 0.122808 0.027499 hargrave 2021-05-31 08:56:05 
TT 682 222.7 -17.0 202.5 -06.0 2.19E-06 001.6 357.1  18.9 0.061043 0.062864 0.034604 hargrave 2021-06-02 12:57:59 
TT 696 161.2  27.0 254.7  54.0 1.10E-06 007.1 273.2  36.4 0.182009 0.071563 0.024305 hargrave 2021-06-03 14:32:37 
