PF18- 62a sun compass orientation
  95.13 138.4  33.0 221.5  81.4   7.3
NRM    233.5  74.7 296.5  05.2 8.56E-05 002.0 181.8  41.7 1.179563 1.230271 1.300276 hargrave 2021-04-08 13:44:54 
TT  50 237.6  74.4 296.5  04.0 8.54E-05 001.6 183.3  41.5 1.154166 0.393948 1.231300 hargrave 2021-04-09 13:06:13 
TT 100 237.4  74.2 296.3  04.0 8.52E-05 001.6 183.3  41.3 1.113325 0.367182 1.241233 hargrave 2021-04-10 13:31:26 
TT 150 239.8  73.3 295.7  03.1 8.36E-05 001.9 184.3  40.6 1.112999 1.045167 1.397177 hargrave 2021-04-11 12:06:40 
TT 200 233.1  72.9 294.7  04.9 8.17E-05 002.0 181.8  40.0 1.337374 0.271159 1.569273 hargrave 2021-04-13 15:14:28 
TT 250 222.3  71.9 293.3  07.9 8.03E-05 002.9 177.6  39.0 1.019029 2.433708 1.383478 hargrave 2021-04-18 14:04:23 
TT 300 231.0  71.2 292.9  05.1 7.87E-05 001.3 181.1  38.2 0.706322 0.222983 1.034854 hargrave 2021-04-19 14:11:36 
TT 325 232.3  71.1 292.9  04.7 7.72E-05 001.3 181.6  38.1 0.713732 0.361879 1.050921 hargrave 2021-04-20 12:38:34 
TT 350 223.0  71.6 292.9  07.7 7.34E-05 001.6 177.8  38.7 0.650635 1.100817 0.824456 hargrave 2021-04-23 12:19:07 
TT 375 217.8  70.9 292.2  09.3 6.65E-05 002.5 175.6  38.2 0.624724 1.793713 1.002217 hargrave 2021-04-25 09:22:20 
TT 415 225.4  70.0 291.5  06.7 6.03E-05 003.5 178.7  37.1 0.705331 2.381333 0.960961 hargrave 2021-04-26 08:24:06 
TT 475 225.7  69.4 290.8  06.6 5.44E-05 002.0 178.8  36.4 0.823713 0.458433 1.046357 hargrave 2021-04-29 13:59:08 
TT 500 223.2  69.1 290.5  07.4 5.20E-05 001.7 177.7  36.2 0.595205 0.209581 0.908220 hargrave 2021-05-01 09:07:57 
TT 520 225.9  68.8 290.2  06.4 4.90E-05 001.5 178.9  35.8 0.539204 0.271288 0.755422 hargrave 2021-05-02 15:47:12 
TT 535 217.2  68.7 290.0  09.6 4.70E-05 002.1 175.0  36.0 0.688756 0.596774 0.853521 hargrave 2021-05-04 08:20:43 
TT 550 218.7  68.9 290.2  09.0 4.34E-05 001.5 175.7  36.1 0.410135 0.297876 0.646160 hargrave 2021-05-04 17:56:15 
TT 560 209.4  70.9 292.4  12.1 3.67E-05 003.1 172.2  38.6 0.414555 1.216197 0.672458 hargrave 2021-05-05 15:22:36 
TT 570 212.4  68.4 289.8  11.3 2.67E-05 002.5 172.8  36.0 0.401280 0.619431 0.436255 hargrave 2021-05-06 21:42:31 
TT 580 221.6  69.6 290.9  08.0 2.26E-05 002.7 177.0  36.7 0.213656 0.647444 0.357227 hargrave 2021-05-08 18:58:47 
TT 590 217.5  70.3 291.6  09.4 2.07E-05 001.9 175.4  37.5 0.341107 0.074352 0.363762 hargrave 2021-05-09 17:56:36 
TT 600 210.2  70.1 291.5  11.9 1.88E-05 002.2 172.3  37.7 0.392514 0.142424 0.331884 hargrave 2021-05-11 08:48:08 
TT 610 218.7  66.1 287.3  09.0 1.76E-05 003.0 175.3  33.3 0.300834 0.541721 0.295802 hargrave 2021-05-12 08:43:43 
TT 620 230.9  67.8 289.5  04.4 1.58E-05 002.9 181.1  34.8 0.211977 0.490507 0.252443 hargrave 2021-05-13 11:36:39 
TT 630 214.5  63.7 284.9  10.8 1.62E-05 003.8 172.9  31.1 0.147956 0.738044 0.251376 hargrave 2021-05-14 11:04:33 
TT 640 222.1  65.1 286.4  07.6 1.49E-05 002.3 176.9  32.2 0.308050 0.237514 0.229762 hargrave 2021-05-15 09:16:52 
TT 650 231.1  65.8 287.6  03.9 1.41E-05 003.1 181.3  32.8 0.210466 0.468188 0.231858 hargrave 2021-05-16 11:08:28 
TT 660 243.2  70.1 293.1  00.9 1.01E-05 002.8 186.3  37.6 0.208532 0.251994 0.152220 hargrave 2021-05-17 12:17:41 
TT 664 237.0  66.7 289.1  01.9 1.08E-05 001.8 184.1  33.9 0.153076 0.063946 0.183926 hargrave 2021-05-18 14:39:26 
TT 668 254.2  83.9 306.3  05.3 6.65E-06 002.5 184.3  51.4 0.169222 0.111766 0.069947 hargrave 2021-05-19 17:11:07 
TT 672 089.3  73.2 323.5  20.8 3.39E-06 001.4 150.8  67.2 0.064682 0.030384 0.016970 hargrave 2021-05-23 10:24:00 
TT 674 258.2  68.5 294.3 -04.4 5.36E-06 003.0 193.3  37.4 0.113254 0.148766 0.080936 hargrave 2021-05-24 12:41:04 
TT 676 256.9  62.6 289.2 -07.5 4.38E-06 002.1 194.9  31.6 0.090887 0.027673 0.079855 hargrave 2021-05-25 12:30:11 
TT 678 044.9  12.9 029.2  05.2 2.02E-06 003.4 355.1  45.9 0.055818 0.028587 0.067607 hargrave 2021-05-26 13:08:59 
TT 680 236.3  41.9 265.3 -05.1 3.18E-06 005.3 186.0  09.1 0.064824 0.191479 0.087819 hargrave 2021-05-30 15:00:29 
TT 682 337.9  10.9 005.4 -57.2 1.15E-06 003.9 280.5  19.8 0.053762 0.018447 0.019130 hargrave 2021-06-02 08:53:46 
TT 684 184.1  19.0 239.0  38.1 1.53E-06 002.5 138.4 -05.4 0.028148 0.037664 0.043182 hargrave 2021-06-03 17:48:30 
TT 686 160.3 -00.2 206.0  60.0 1.44E-06 002.1 108.6 -11.9 0.029327 0.041902 0.023057 hargrave 2021-06-04 16:30:30 
TT 688 346.0 -20.0 064.2 -54.8 1.09E-06 002.9 303.5 -02.9 0.051765 0.027050 0.013155 hargrave 2021-06-05 14:45:34 
TT 690 140.3 -18.6 149.2  61.4 1.21E-06 001.6 081.2 -16.6 0.020550 0.026281 0.016287 hargrave 2021-06-06 13:41:32 
TT 692 212.1  33.7 254.3  12.6 1.71E-06 001.2 166.5  01.8 0.061640 0.027379 0.015866 hargrave 2021-06-08 09:13:50 
