PF18- 10a mag compass orientation (IGRF corrected)
 104.77 144.6  33.0 221.5  81.4  13.9
NRM    238.7  68.9 291.4  02.0 6.44E-05 002.5 181.8  36.0 2.157649 0.948456 3.205969 hargrave 2021-04-06 18:22:57 
TT  50 220.3  68.1 289.4  08.4 6.44E-05 003.3 173.5  35.5 2.550639 2.640169 3.604628 hargrave 2021-04-12 10:04:26 
TT 100 219.7  68.2 289.5  08.7 6.33E-05 004.6 173.3  35.7 1.002313 6.429160 2.948127 hargrave 2021-04-13 11:17:04 
TT 100 220.2  68.2 289.5  08.5 6.34E-05 004.8 173.5  35.7 0.900128 6.695473 2.917482 hargrave 2021-04-13 13:05:19 
TT 150 216.0  65.1 286.3  10.1 5.78E-05 002.3 170.8  32.9 1.565489 0.552667 2.712944 hargrave 2021-04-14 18:42:53 
TT 200 216.3  61.7 282.8  10.0 5.23E-05 004.0 170.1  29.5 0.180305 4.532676 2.410291 hargrave 2021-04-16 12:23:31 
TT 250 210.3  59.4 280.7  13.1 4.97E-05 002.9 166.3  28.0 0.874766 1.992954 2.717254 hargrave 2021-04-19 22:49:36 
TT 300 204.8  58.3 279.9  16.1 4.83E-05 005.8 162.8  27.7 1.157840 6.527892 1.848853 hargrave 2021-04-21 12:47:35 
TT 325 219.2  59.3 280.4  08.6 4.65E-05 002.4 171.2  26.9 0.718114 1.568127 2.048420 hargrave 2021-04-22 10:27:18 
TT 350 203.7  57.6 279.3  16.8 4.21E-05 005.9 162.0  27.2 1.066120 5.649133 1.788732 hargrave 2021-04-23 08:20:55 
TT 375 211.0  58.0 279.2  12.8 3.65E-05 002.1 166.3  26.5 0.736496 0.289401 1.729326 hargrave 2021-04-24 15:17:18 
TT 415 207.3  57.3 278.7  14.9 3.40E-05 002.1 163.9  26.4 0.233456 1.046912 1.332623 hargrave 2021-04-25 14:09:41 
TT 450 230.9  33.8 256.3 -02.9 2.70E-05 029.9 176.9  00.8 0.973520 10.61092 18.76290 hargrave 2021-04-26 20:18:37 
TT 475 207.8  57.4 278.8  14.6 2.95E-05 001.6 164.3  26.4 0.259934 0.489204 0.983804 hargrave 2021-04-29 09:52:09 
TT 500 206.8  56.7 278.1  15.3 2.86E-05 002.2 163.4  25.9 0.623482 0.306695 1.335423 hargrave 2021-04-30 14:58:32 
TT 520 210.9  57.5 278.7  12.9 2.73E-05 002.7 166.1  26.0 0.179745 1.325721 1.188399 hargrave 2021-05-01 17:10:41 
TT 535 204.9  59.2 280.9  15.8 1.30E-05 043.3 163.2  28.6 16.30328 4.907893 9.279936 hargrave 2021-05-03 08:48:12 
TT 535 207.1  57.8 279.2  14.9 2.60E-05 002.1 164.0  26.9 0.347166 0.538189 1.149152 hargrave 2021-05-03 10:46:19 
TT 550 210.2  57.6 278.8  13.3 2.49E-05 004.0 165.7  26.3 0.100847 1.989831 1.394241 hargrave 2021-05-04 12:32:36 
TT 560 201.2  55.7 277.7  18.5 2.38E-05 001.7 159.8  25.9 0.210319 0.433639 0.834153 hargrave 2021-05-06 15:54:13 
TT 570 206.9  57.1 278.5  15.1 2.22E-05 002.8 163.7  26.3 0.115914 1.305562 0.709088 hargrave 2021-05-07 10:36:24 
TT 580 209.3  57.0 278.3  13.8 2.13E-05 001.5 165.0  25.8 0.278112 0.115012 0.736546 hargrave 2021-05-08 11:57:23 
TT 590 209.3  57.0 278.3  13.9 1.97E-05 001.7 165.0  25.8 0.345529 0.302509 0.672621 hargrave 2021-05-09 13:19:16 
TT 600 209.0  56.5 277.8  14.1 1.90E-05 003.7 164.7  25.4 0.687146 1.411926 0.715594 hargrave 2021-05-10 14:05:54 
TT 610 205.7  56.1 277.6  15.9 1.85E-05 002.8 162.6  25.5 0.068244 1.082656 0.681497 hargrave 2021-05-11 16:01:37 
TT 620 201.0  54.7 276.7  18.8 1.79E-05 003.0 159.3  25.0 0.283043 1.194971 0.496661 hargrave 2021-05-12 18:23:31 
TT 630 206.0  57.2 278.6  15.6 1.71E-05 001.6 163.2  26.4 0.112355 0.368103 0.532891 hargrave 2021-05-14 15:39:10 
TT 640 197.1  54.3 276.8  21.1 1.69E-05 005.7 156.8  25.4 0.680154 2.151531 0.576301 hargrave 2021-05-15 13:23:59 
TT 650 208.0  56.3 277.6  14.6 1.67E-05 001.7 164.1  25.3 0.215535 0.208497 0.615412 hargrave 2021-05-16 16:16:59 
TT 660 207.4  57.2 278.6  14.9 1.57E-05 003.7 164.0  26.3 0.096803 1.261260 0.615557 hargrave 2021-05-17 16:56:15 
TT 664 201.2  55.1 277.0  18.6 1.56E-05 001.6 159.6  25.3 0.202758 0.112782 0.551924 hargrave 2021-05-18 20:24:39 
TT 668 206.2  55.9 277.3  15.7 1.49E-05 005.5 162.8  25.2 0.359671 1.915154 0.492289 hargrave 2021-05-20 09:13:07 
TT 672 206.5  55.7 277.1  15.5 1.47E-05 002.9 163.0  25.0 0.111500 0.916572 0.469888 hargrave 2021-05-23 14:32:29 
TT 674 202.7  56.3 278.0  17.6 1.37E-05 005.3 160.9  26.2 0.312269 1.647334 0.558192 hargrave 2021-05-24 16:53:11 
TT 676 203.4  55.7 277.4  17.2 1.33E-05 005.5 161.1  25.5 0.385983 1.676937 0.501822 hargrave 2021-05-25 16:38:43 
TT 678 201.3  55.3 277.3  18.5 1.22E-05 004.1 159.8  25.5 0.243974 1.124919 0.423829 hargrave 2021-05-26 17:18:30 
TT 680 204.4  56.4 278.0  16.6 1.05E-05 001.9 162.0  26.0 0.103933 0.253737 0.416052 hargrave 2021-05-30 11:29:34 
TT 682 203.7  56.8 278.5  16.9 8.00E-06 006.2 161.7  26.5 0.284363 1.143971 0.263919 hargrave 2021-05-31 12:37:29 
TT 684 207.2  55.5 276.9  15.2 7.77E-06 001.3 163.3  24.7 0.111190 0.069682 0.219744 hargrave 2021-06-03 09:26:56 
TT 686 212.9  56.2 277.3  11.9 5.83E-06 003.5 166.9  24.6 0.079379 0.465779 0.173768 hargrave 2021-06-04 10:53:40 
TT 688 206.0  55.9 277.3  15.8 2.47E-06 001.5 162.7  25.2 0.053404 0.058717 0.058275 hargrave 2021-06-05 11:10:23 
TT 690 201.3  52.3 274.1  19.1 1.59E-06 004.5 158.7  22.7 0.046648 0.168289 0.047734 hargrave 2021-06-06 10:04:52 
TT 692 225.4  58.4 279.9  05.3 1.23E-06 004.7 174.7  25.7 0.032090 0.135322 0.033168 hargrave 2021-06-06 19:31:07 
TT 695 223.8  46.1 267.5  04.6 6.97E-07 005.2 172.3  13.5 0.017098 0.085969 0.023051 hargrave 2021-06-10 13:38:34 
