PF18- 37a sun compass orientation
 101.36 129.1  33.0 221.5  81.4   8.6
NRM    315.7  75.1 312.6 -06.3 1.17E-04 004.7 207.0  55.8 6.337385 4.782011 2.318458 hargrave 2021-04-06 19:00:42 
TT  50 315.2  74.9 312.5 -06.5 1.16E-04 003.2 207.3  55.6 4.711680 1.720252 2.669499 hargrave 2021-04-12 10:52:15 
TT 100 315.3  74.2 312.5 -07.1 1.13E-04 003.2 208.4  55.4 4.538808 1.587043 2.614668 hargrave 2021-04-13 12:04:59 
TT 150 312.7  73.2 311.8 -08.2 1.03E-04 002.4 209.6  54.4 2.892344 0.740901 2.316160 hargrave 2021-04-14 19:22:40 
TT 200 283.6  71.4 302.8 -07.9 6.40E-05 002.5 204.5  46.0 1.562264 0.380535 1.847066 hargrave 2021-04-16 13:09:39 
TT 250 268.5  68.4 296.8 -07.3 5.16E-05 002.5 201.6  40.5 1.202548 0.342894 1.537832 hargrave 2021-04-19 23:29:31 
TT 300 267.4  66.0 294.9 -08.8 4.57E-05 005.0 202.8  38.2 2.110167 2.251953 1.517481 hargrave 2021-04-21 13:38:47 
TT 325 265.7  64.4 293.3 -09.4 4.07E-05 006.0 203.0  36.5 2.162052 2.627819 1.390832 hargrave 2021-04-22 11:17:54 
TT 350 263.1  63.7 291.9 -09.0 3.48E-05 005.9 202.1  35.4 1.761885 2.232055 1.208576 hargrave 2021-04-23 09:09:43 
TT 375 260.4  62.4 290.1 -08.9 2.49E-05 002.8 201.6  33.6 0.630819 0.123200 0.850768 hargrave 2021-04-24 16:11:10 
TT 415 256.3  61.0 287.7 -08.2 2.09E-05 003.1 200.1  31.5 0.511732 0.347888 0.749127 hargrave 2021-04-25 15:15:57 
TT 450 257.6  61.4 288.5 -08.4 1.68E-05 005.4 200.6  32.2 0.699210 0.977670 0.648100 hargrave 2021-04-27 08:11:13 
TT 475 250.0  63.1 288.0 -04.6 1.58E-05 004.3 196.0  32.4 0.555254 0.621049 0.594323 hargrave 2021-04-29 10:40:45 
TT 500 250.0  62.1 287.1 -05.1 1.48E-05 003.3 196.4  31.5 0.371336 0.230773 0.583418 hargrave 2021-04-30 15:46:02 
TT 520 246.5  62.2 286.4 -03.6 1.34E-05 003.2 194.5  31.0 0.339181 0.085482 0.549810 hargrave 2021-05-01 17:58:01 
TT 535 245.1  59.4 283.6 -04.1 1.25E-05 002.9 194.6  28.2 0.265708 0.058926 0.480788 hargrave 2021-05-03 09:37:45 
TT 550 241.6  63.3 286.5 -01.1 1.19E-05 003.6 191.7  31.5 0.313661 0.246973 0.513824 hargrave 2021-05-04 13:21:00 
TT 560 241.5  62.6 285.8 -01.3 1.07E-05 004.0 191.8  30.8 0.332415 0.343801 0.445748 hargrave 2021-05-06 16:44:16 
TT 570 244.5  63.9 287.6 -02.0 1.01E-05 003.2 192.9  32.5 0.280245 0.100095 0.394493 hargrave 2021-05-07 11:25:28 
TT 580 243.9  62.1 285.9 -02.5 9.13E-06 004.3 193.2  30.7 0.304292 0.298093 0.404528 hargrave 2021-05-08 12:49:52 
TT 590 241.2  64.4 287.5 -00.5 8.62E-06 003.4 191.1  32.6 0.223781 0.080188 0.377327 hargrave 2021-05-09 14:12:16 
TT 600 242.0  60.2 283.7 -02.4 8.02E-06 003.6 192.7  28.6 0.207180 0.117465 0.358353 hargrave 2021-05-10 14:57:20 
TT 610 236.3  61.6 284.1  00.6 7.00E-06 003.4 189.3  29.3 0.168945 0.050647 0.317337 hargrave 2021-05-11 16:52:55 
TT 620 231.2  62.2 284.0  03.1 6.71E-06 004.2 186.5  29.5 0.163982 0.229525 0.317487 hargrave 2021-05-12 19:11:18 
TT 630 230.7  59.5 281.4  02.8 5.89E-06 003.6 186.6  26.9 0.105995 0.067572 0.294243 hargrave 2021-05-14 16:30:09 
TT 640 238.8  58.8 281.9 -01.4 5.13E-06 003.5 191.3  26.9 0.123641 0.123108 0.211145 hargrave 2021-05-15 14:13:27 
TT 650 233.5  61.2 283.4  01.8 5.21E-06 004.0 187.9  28.7 0.135408 0.192574 0.204528 hargrave 2021-05-16 17:05:37 
TT 660 225.6  63.9 285.3  05.9 4.00E-06 004.0 183.3  31.0 0.121083 0.136684 0.157344 hargrave 2021-05-17 17:46:00 
TT 664 219.8  60.3 281.5  08.3 4.69E-06 006.0 180.4  27.3 0.119909 0.328394 0.237933 hargrave 2021-05-18 21:13:51 
TT 668 217.1  60.9 282.0  09.6 4.76E-06 006.6 178.9  27.9 0.138537 0.404330 0.211265 hargrave 2021-05-20 10:02:31 
TT 672 224.2  61.7 283.0  06.3 4.03E-06 004.9 182.8  28.7 0.115245 0.209660 0.184973 hargrave 2021-05-23 15:22:38 
TT 674 148.1  59.6 301.0  37.5 2.98E-06 053.8 141.8  39.3 2.735954 3.298217 0.157225 hargrave 2021-05-24 17:43:15 
TT 674 231.2  64.7 286.5  03.7 3.56E-06 004.7 186.1  32.0 0.102422 0.173940 0.149268 hargrave 2021-05-24 19:11:55 
TT 676 214.4  64.8 286.0  10.8 3.41E-06 004.9 177.6  31.9 0.097353 0.162953 0.171788 hargrave 2021-05-25 17:32:05 
TT 678 214.2  66.2 287.5  10.8 3.18E-06 004.9 177.6  33.3 0.083822 0.161094 0.157928 hargrave 2021-05-26 18:08:38 
TT 680 228.4  56.7 278.4  03.4 2.89E-06 006.3 185.6  23.9 0.080233 0.227702 0.138017 hargrave 2021-05-30 12:18:01 
TT 682 243.4  47.6 272.3 -07.9 1.51E-06 004.0 196.8  16.5 0.041740 0.057100 0.062855 hargrave 2021-05-31 13:26:57 
TT 684 237.3  58.2 281.0 -00.9 1.58E-06 005.1 190.6  26.1 0.057352 0.084910 0.067618 hargrave 2021-06-03 10:13:01 
TT 686 218.6  55.4 276.5  08.7 1.44E-06 005.5 179.7  22.4 0.037619 0.093127 0.066662 hargrave 2021-06-04 11:39:39 
TT 688 262.5  48.7 279.8 -18.4 9.28E-07 005.4 209.2  21.6 0.043344 0.049830 0.039037 hargrave 2021-06-05 11:56:22 
TT 690 251.0  42.7 270.1 -14.9 6.60E-07 004.8 203.5  13.3 0.026676 0.027915 0.029901 hargrave 2021-06-06 10:50:53 
TT 692 227.2  48.3 270.0  02.6 3.29E-07 005.2 185.6  15.5 0.008381 0.021208 0.012861 hargrave 2021-06-06 20:16:41 
TT 695 240.4  52.3 276.0 -04.5 3.83E-07 004.6 193.8  20.6 0.011974 0.018491 0.016141 hargrave 2021-06-10 14:23:48 
