PF18- 93a sun compass orientation
 123.76 314.3  32.0 218.9  81.9  13.2
NRM    233.9  60.9 280.9 -00.1 5.05E-05 001.7 125.3  84.3 1.955695 0.297493 0.127387 hargrave 2021-04-08 14:38:27 
TT  50 233.5  61.3 281.2  00.2 5.04E-05 001.5 129.1  84.3 1.685010 0.244650 0.139051 hargrave 2021-04-09 14:00:44 
TT 100 233.0  61.2 281.1  00.4 5.01E-05 001.8 129.9  84.5 2.035205 0.579818 0.149633 hargrave 2021-04-10 14:27:23 
TT 150 232.3  59.8 279.6  00.4 4.76E-05 001.7 116.8  85.5 1.808410 0.277721 0.101770 hargrave 2021-04-11 13:01:33 
TT 200 230.2  56.1 275.7  00.5 4.28E-05 001.4 061.9  86.3 1.379575 0.310693 0.068964 hargrave 2021-04-13 16:01:19 
TT 250 228.1  54.1 273.5  01.2 4.06E-05 001.5 029.7  85.6 1.386474 0.389150 0.139673 hargrave 2021-04-18 14:52:43 
TT 300 227.7  53.7 273.0  01.3 3.87E-05 001.4 025.4  85.2 1.207087 0.259101 0.189704 hargrave 2021-04-19 15:10:32 
TT 325 227.2  53.2 272.6  01.6 3.79E-05 001.5 019.9  85.0 1.283534 0.193821 0.163137 hargrave 2021-04-20 13:36:38 
TT 350 227.2  53.0 272.3  01.5 3.55E-05 001.3 019.1  84.7 1.012273 0.411676 0.141852 hargrave 2021-04-23 13:15:08 
TT 375 224.6  52.3 271.4  02.9 3.14E-05 001.5 002.0  84.3 1.098485 0.141514 0.067973 hargrave 2021-04-25 10:17:17 
TT 415 225.5  51.8 271.0  02.3 2.62E-05 001.1 007.0  83.8 0.534077 0.426150 0.047715 hargrave 2021-04-26 09:20:09 
TT 450 224.2  51.4 270.4  03.1 2.34E-05 001.0 359.2  83.4 0.499928 0.244725 0.085615 hargrave 2021-04-27 14:03:34 
TT 475 225.2  51.2 270.4  02.4 2.15E-05 001.6 004.9  83.2 0.681466 0.347716 0.106694 hargrave 2021-04-29 14:53:58 
TT 500 223.6  51.2 270.2  03.4 2.03E-05 001.4 356.4  83.2 0.539807 0.365715 0.061788 hargrave 2021-05-01 10:02:13 
TT 520 221.6  50.9 269.7  04.6 1.89E-05 001.1 346.4  82.7 0.405477 0.263016 0.051325 hargrave 2021-05-02 16:34:01 
TT 535 222.5  50.9 269.7  04.0 1.80E-05 001.5 351.0  82.8 0.584307 0.206247 0.051397 hargrave 2021-05-04 09:13:58 
TT 550 221.9  50.8 269.6  04.4 1.67E-05 001.1 348.2  82.7 0.417668 0.112344 0.074613 hargrave 2021-05-04 18:51:42 
TT 560 223.1  50.9 269.8  03.7 1.50E-05 001.6 353.7  82.9 0.493243 0.228842 0.064093 hargrave 2021-05-05 16:20:02 
TT 570 220.2  51.3 270.0  05.5 9.81E-06 001.2 338.5  82.9 0.263672 0.058060 0.038336 hargrave 2021-05-06 22:36:32 
TT 580 221.6  53.5 272.3  04.9 7.77E-06 001.6 340.4  85.3 0.265379 0.078517 0.038335 hargrave 2021-05-08 19:53:55 
TT 590 219.4  55.0 273.7  06.4 6.62E-06 001.7 315.5  86.0 0.255849 0.059170 0.047356 hargrave 2021-05-09 18:54:10 
TT 600 221.6  44.3 263.2  03.8 6.17E-06 001.6 351.7  76.2 0.212381 0.063943 0.067429 hargrave 2021-05-11 09:42:05 
TT 610 222.3  42.4 261.3  03.0 5.15E-06 002.0 354.4  74.3 0.211107 0.076618 0.095486 hargrave 2021-05-12 09:39:21 
TT 620 217.8  57.8 276.4  07.4 5.01E-06 001.8 270.1  86.6 0.202667 0.040998 0.043853 hargrave 2021-05-13 12:32:18 
TT 630 044.8  32.4 007.2  09.3 6.53E-07 080.1 180.4  00.4 0.045255 0.066955 6.330882 hargrave 2021-05-14 12:01:01 
TT 630 222.7  64.8 283.6  05.7 4.51E-06 001.9 185.7  83.2 0.196268 0.039686 0.026449 hargrave 2021-05-14 13:08:01 
TT 640 213.7  64.1 282.8  09.6 3.54E-06 001.9 215.3  82.0 0.157559 0.023987 0.023516 hargrave 2021-05-15 10:09:35 
TT 650 203.2  68.8 288.0  13.2 3.32E-06 002.8 212.1  75.8 0.161249 0.141030 0.012301 hargrave 2021-05-16 12:01:35 
TT 660 214.0  75.8 294.6  09.1 2.91E-06 003.1 188.1  71.8 0.136724 0.159385 0.014320 hargrave 2021-05-17 13:12:26 
TT 664 233.8  77.1 296.4  04.6 2.74E-06 002.1 173.6  70.7 0.106540 0.082628 0.023467 hargrave 2021-05-18 15:33:40 
TT 668 206.9  24.7 242.4  14.2 2.69E-06 002.6 332.2  54.5 0.115289 0.072348 0.089491 hargrave 2021-05-19 18:04:41 
TT 672 171.2  88.2 307.7  09.4 2.08E-06 002.9 182.8  59.0 0.125356 0.089652 0.014443 hargrave 2021-05-23 11:16:49 
TT 674 193.4  38.0 257.2  25.0 2.00E-06 003.0 301.4  61.7 0.129601 0.042893 0.034682 hargrave 2021-05-24 13:32:52 
TT 676 247.3  27.1 252.0 -20.8 1.87E-06 001.5 037.5  55.1 0.041690 0.042813 0.036948 hargrave 2021-05-25 13:21:16 
TT 678 241.9  01.0 223.4 -22.6 1.38E-06 002.4 020.7  31.3 0.035768 0.047532 0.054869 hargrave 2021-05-26 14:03:14 
TT 680 251.4  01.3 225.5 -32.0 1.45E-06 002.7 031.6  29.3 0.055458 0.071335 0.041573 hargrave 2021-05-30 15:52:11 
TT 682 234.1 -13.0 207.7 -16.6 1.51E-06 002.4 010.1  18.5 0.051733 0.054369 0.053526 hargrave 2021-06-02 09:43:53 
TT 684 003.5  16.4 014.3 -30.6 1.09E-06 006.3 140.7 -08.3 0.050305 0.172706 0.010096 hargrave 2021-06-03 18:39:16 
TT 686 356.6  18.1 009.4 -36.1 8.04E-07 004.5 135.2 -04.3 0.026736 0.122623 0.014745 hargrave 2021-06-04 17:21:19 
TT 688 150.5 -12.7 175.1  60.1 6.00E-07 002.4 290.4 -02.4 0.048903 0.080628 0.015653 hargrave 2021-06-05 15:36:43 
TT 690 358.4  27.0 000.8 -30.6 8.49E-07 007.0 140.2  03.3 0.038225 0.154071 0.009230 hargrave 2021-06-06 14:33:52 
TT 692 273.9 -36.0 172.5 -47.6 8.44E-07 004.1 039.2 -12.7 0.050060 0.036336 0.062405 hargrave 2021-06-08 10:04:57 
