PF18- 12a mag compass orientation (IGRF corrected)
 104.62 148.6  41.0 221.5  81.4   4.4
NRM    288.9  58.8 299.2 -20.2 9.67E-05 001.5 206.2  25.3 0.572231 0.502812 0.789507 hargrave 2021-04-06 18:26:30 
TT  50 280.6  61.0 296.4 -16.3 9.60E-05 007.3 201.0  25.0 2.025926 4.963780 0.717864 hargrave 2021-04-12 10:08:40 
TT 100 279.0  60.4 295.4 -16.4 9.43E-05 001.7 200.5  24.1 0.477199 0.894669 0.663399 hargrave 2021-04-13 11:22:55 
TT 150 272.8  56.1 290.0 -17.8 7.80E-05 001.3 199.3  18.9 0.136760 0.432584 0.645134 hargrave 2021-04-14 18:47:10 
TT 200 265.9  52.5 284.3 -17.6 6.64E-05 003.9 196.7  14.1 0.587092 1.829491 0.512215 hargrave 2021-04-16 12:28:35 
TT 250 261.4  51.2 281.4 -16.3 6.10E-05 002.0 194.4  12.0 0.210462 0.652110 0.642793 hargrave 2021-04-19 22:52:01 
TT 300 258.3  50.9 280.0 -14.9 5.81E-05 001.1 192.5  11.3 0.118695 0.285614 0.401739 hargrave 2021-04-21 12:54:20 
TT 325 265.1  49.3 281.4 -19.3 5.36E-05 002.1 197.2  10.9 0.201129 0.797346 0.308565 hargrave 2021-04-22 10:34:02 
TT 350 260.9  49.0 279.4 -17.4 4.66E-05 004.0 194.6  09.9 0.362112 1.342673 0.290779 hargrave 2021-04-23 08:26:49 
TT 375 261.9  48.9 279.8 -17.9 3.94E-05 001.2 195.3  10.0 0.109533 0.254012 0.250238 hargrave 2021-04-24 15:23:14 
TT 415 261.8  48.8 279.6 -18.0 3.65E-05 002.0 195.3  09.8 0.133243 0.485343 0.241577 hargrave 2021-04-25 14:14:43 
TT 450 266.6  47.6 280.8 -21.2 3.16E-05 002.1 198.7  09.6 0.167422 0.418749 0.237688 hargrave 2021-04-26 20:22:48 
TT 475 258.4  49.4 278.8 -15.8 2.96E-05 001.8 192.9  09.9 0.100857 0.355614 0.202194 hargrave 2021-04-29 09:58:02 
TT 500 266.0  48.3 281.1 -20.4 2.84E-05 001.0 198.1  10.1 0.043578 0.112707 0.191856 hargrave 2021-04-30 15:03:35 
TT 520 259.1  49.3 278.9 -16.3 2.68E-05 001.8 193.4  09.9 0.060038 0.294490 0.205984 hargrave 2021-05-01 17:15:48 
TT 535 260.0  48.4 278.5 -17.2 2.55E-05 000.8 194.2  09.1 0.035714 0.119107 0.103355 hargrave 2021-05-03 08:54:05 
TT 550 262.7  48.5 279.7 -18.7 2.47E-05 002.1 196.0  09.7 0.089536 0.363438 0.173838 hargrave 2021-05-04 12:37:38 
TT 560 264.8  48.4 280.6 -19.8 2.39E-05 001.1 197.4  10.0 0.037644 0.087688 0.175413 hargrave 2021-05-06 16:00:04 
TT 570 257.9  49.8 278.9 -15.3 2.29E-05 002.4 192.5  10.2 0.081931 0.399772 0.144729 hargrave 2021-05-07 10:42:18 
TT 580 257.5  49.6 278.6 -15.2 2.21E-05 002.9 192.3  09.9 0.139973 0.429388 0.192375 hargrave 2021-05-08 12:02:25 
TT 590 253.2  49.4 276.9 -12.9 2.11E-05 003.2 189.5  09.2 0.075410 0.496399 0.168440 hargrave 2021-05-09 13:25:11 
TT 600 255.3  49.0 277.2 -14.3 2.08E-05 001.4 191.0  09.0 0.025482 0.146139 0.168933 hargrave 2021-05-10 14:12:45 
TT 610 257.7  48.6 277.7 -15.9 2.01E-05 003.9 192.7  08.9 0.130442 0.559812 0.168597 hargrave 2021-05-11 16:07:30 
TT 620 194.8  48.2 270.8  24.1 3.43E-05 001.8 151.6  14.3 0.239645 0.394684 0.167236 hargrave 2021-05-12 18:27:21 
TT 620 257.8  48.3 277.6 -16.1 1.95E-05 003.1 192.8  08.7 0.100199 0.414767 0.174665 hargrave 2021-05-13 14:36:02 
TT 630 256.5  48.8 277.6 -15.1 1.90E-05 006.2 191.9  09.0 0.198291 0.882732 0.140576 hargrave 2021-05-14 15:45:01 
TT 640 257.6  49.0 278.2 -15.6 1.88E-05 002.1 192.5  09.4 0.068082 0.274378 0.116990 hargrave 2021-05-15 13:29:06 
TT 650 256.0  48.5 277.1 -15.0 1.86E-05 001.9 191.6  08.6 0.072734 0.223156 0.141235 hargrave 2021-05-16 16:23:44 
TT 660 246.9  50.0 275.4 -09.1 1.76E-05 003.2 185.4  09.2 0.059800 0.408027 0.137774 hargrave 2021-05-17 17:02:57 
TT 664 255.3  48.6 276.9 -14.5 1.73E-05 004.2 191.0  08.7 0.134520 0.527715 0.156183 hargrave 2021-05-18 20:30:30 
TT 668 250.0  49.1 275.6 -11.3 1.65E-05 006.7 187.5  08.6 0.144121 0.825250 0.140944 hargrave 2021-05-20 09:19:01 
TT 672 258.2  48.4 277.8 -16.3 1.58E-05 001.9 193.0  08.9 0.037688 0.204368 0.112217 hargrave 2021-05-23 14:38:25 
TT 674 256.2  48.0 276.7 -15.4 1.52E-05 005.4 191.8  08.2 0.140769 0.610683 0.132345 hargrave 2021-05-24 16:58:21 
TT 676 256.8  47.2 276.3 -16.2 1.44E-05 002.3 192.4  07.5 0.058423 0.216777 0.130210 hargrave 2021-05-25 16:43:49 
TT 678 252.8  47.9 275.4 -13.5 1.29E-05 001.4 189.5  07.7 0.029914 0.072252 0.117593 hargrave 2021-05-26 17:24:24 
TT 680 258.7  47.5 277.2 -17.0 1.15E-05 003.0 193.5  08.1 0.076005 0.233095 0.112841 hargrave 2021-05-30 11:35:29 
TT 682 258.7  46.8 276.6 -17.4 9.28E-06 001.5 193.7  07.4 0.037453 0.061484 0.086812 hargrave 2021-05-31 12:43:22 
TT 684 258.1  48.5 277.9 -16.2 7.85E-06 001.7 192.9  09.0 0.042228 0.053523 0.084666 hargrave 2021-06-03 09:31:59 
TT 686 252.0  48.4 275.6 -12.7 5.89E-06 005.4 188.9  08.1 0.051181 0.241637 0.049195 hargrave 2021-06-04 10:58:42 
TT 688 266.0  49.3 281.9 -19.8 2.94E-06 002.2 197.8  11.1 0.025851 0.042563 0.021373 hargrave 2021-06-05 11:15:26 
TT 690 249.1  52.9 278.7 -09.0 1.92E-06 004.4 186.4  12.3 0.019878 0.061586 0.016473 hargrave 2021-06-06 10:09:08 
TT 692 272.9  37.7 276.2 -31.3 1.07E-06 002.1 206.5  01.9 0.011385 0.015196 0.005319 hargrave 2021-06-06 19:36:54 
TT 695 271.7  33.1 271.4 -33.7 8.04E-07 001.4 207.3 -02.7 0.006943 0.007586 0.002846 hargrave 2021-06-10 13:42:49 
