PF18- 136a mag compass orientation (IGRF corrected)
 143.57 316.6  15.0 218.9  81.9  14.1
NRM    256.2  67.2 290.9 -05.9 3.61E-05 002.3 065.7  77.9 1.658851 1.221321 0.097680 hargrave 2021-04-09 19:08:22 
TT  50 254.2  66.8 290.1 -05.5 3.59E-05 001.4 061.5  78.0 0.836673 0.868077 0.087899 hargrave 2021-04-10 17:50:56 
TT 100 248.9  63.9 286.4 -05.3 3.34E-05 002.2 046.1  76.6 1.349605 1.199019 0.119923 hargrave 2021-04-12 14:19:37 
TT 150 242.5  60.3 281.8 -04.3 3.03E-05 001.3 030.0  74.2 0.704818 0.692084 0.234978 hargrave 2021-04-14 15:08:01 
TT 200 242.2  60.2 281.7 -04.2 2.99E-05 002.2 029.4  74.2 1.103915 1.144326 0.175293 hargrave 2021-04-15 13:04:26 
TT 250 233.9  55.2 275.4 -01.7 2.52E-05 002.4 012.2  70.0 0.855477 1.193447 0.266175 hargrave 2021-04-16 17:57:52 
TT 300 229.9  52.8 272.5 -00.1 2.17E-05 001.8 005.3  67.8 0.590583 0.723047 0.339764 hargrave 2021-04-18 20:58:32 
TT 325 228.7  52.0 271.6  00.4 2.02E-05 001.4 003.3  67.0 0.539583 0.372063 0.296879 hargrave 2021-04-21 17:38:15 
TT 350 225.9  50.7 269.9  01.9 1.90E-05 001.3 359.0  65.7 0.495868 0.222939 0.310360 hargrave 2021-04-22 15:11:18 
TT 375 224.2  48.8 267.9  02.6 1.69E-05 002.3 356.4  63.8 0.408972 0.825025 0.327603 hargrave 2021-04-23 16:24:57 
TT 415 220.2  47.7 266.4  05.1 1.55E-05 002.3 350.6  62.6 0.287459 0.786115 0.265027 hargrave 2021-04-25 19:26:39 
TT 450 218.2  45.9 264.5  06.3 1.42E-05 001.9 348.0  60.7 0.521597 0.305746 0.286459 hargrave 2021-04-28 09:03:42 
TT 475 217.6  45.5 264.1  06.7 1.34E-05 001.6 347.2  60.3 0.360974 0.225017 0.297630 hargrave 2021-04-30 11:02:55 
TT 500 215.1  45.0 263.4  08.4 1.27E-05 001.8 343.8  59.6 0.258430 0.404243 0.284994 hargrave 2021-05-01 13:12:38 
TT 520 210.7  44.3 262.6  11.5 1.20E-05 001.6 337.9  58.5 0.317951 0.166287 0.296037 hargrave 2021-05-02 12:02:42 
TT 535 208.7  42.5 260.8  12.9 1.13E-05 001.5 335.8  56.6 0.137008 0.336430 0.215188 hargrave 2021-05-03 12:59:57 
TT 550 211.7  42.4 260.6  10.8 1.08E-05 002.3 339.8  56.7 0.163770 0.529793 0.267666 hargrave 2021-05-05 11:49:29 
TT 560 210.1  41.8 260.0  11.9 1.03E-05 001.7 337.8  56.0 0.351125 0.073762 0.250424 hargrave 2021-05-06 08:51:37 
TT 570 207.9  42.1 260.3  13.6 9.62E-06 002.4 334.8  56.0 0.107870 0.527710 0.213214 hargrave 2021-05-07 14:46:59 
TT 580 206.8  39.2 257.4  14.4 8.63E-06 002.1 334.1  53.0 0.342277 0.148506 0.237585 hargrave 2021-05-09 09:30:46 
TT 590 203.7  41.1 259.5  16.8 8.35E-06 001.7 329.6  54.5 0.168585 0.238054 0.190659 hargrave 2021-05-10 10:20:34 
TT 600 207.5  36.7 254.8  13.9 8.06E-06 002.0 335.6  50.6 0.127575 0.321383 0.199445 hargrave 2021-05-11 12:48:32 
TT 610 202.4  40.4 258.8  17.8 7.50E-06 003.5 328.2  53.7 0.118280 0.619694 0.182644 hargrave 2021-05-12 13:50:22 
TT 620 199.7  37.3 255.7  20.2 7.52E-06 002.7 325.7  50.3 0.069472 0.456546 0.191781 hargrave 2021-05-13 17:40:16 
TT 630 199.6  39.2 257.8  20.0 7.26E-06 002.4 325.0  52.1 0.041808 0.368535 0.217292 hargrave 2021-05-16 13:38:27 
TT 640 198.7  38.0 256.6  20.8 7.12E-06 001.8 324.4  50.8 0.200525 0.139615 0.203224 hargrave 2021-05-17 09:02:25 
TT 650 202.4  38.2 256.5  18.0 6.85E-06 001.8 328.8  51.5 0.194623 0.110602 0.214310 hargrave 2021-05-18 11:12:06 
TT 660 202.0  34.9 253.0  18.4 7.02E-06 001.9 329.2  48.2 0.164372 0.158184 0.242975 hargrave 2021-05-19 10:47:53 
TT 664 204.2  38.8 257.1  16.5 6.64E-06 001.7 330.9  52.3 0.231614 0.052773 0.157922 hargrave 2021-05-20 18:36:44 
TT 668 207.6  35.8 253.9  13.9 6.45E-06 002.1 335.8  49.8 0.231184 0.157759 0.185742 hargrave 2021-05-22 09:29:38 
TT 672 204.5  36.7 254.9  16.4 6.03E-06 002.7 331.8  50.3 0.285532 0.274957 0.174355 hargrave 2021-05-24 09:29:45 
TT 674 202.9  33.2 251.3  17.7 5.38E-06 002.6 330.7  46.7 0.233887 0.183051 0.169593 hargrave 2021-05-25 09:02:46 
TT 676 200.8  38.2 256.6  19.2 4.72E-06 002.2 326.8  51.3 0.207788 0.088571 0.130344 hargrave 2021-05-26 09:06:11 
TT 678 191.5  37.4 256.9  26.6 3.24E-06 001.8 315.9  49.1 0.072875 0.086698 0.085112 hargrave 2021-05-29 11:23:03 
TT 680 200.8  42.4 261.1  18.8 2.61E-06 002.4 325.5  55.5 0.137670 0.053599 0.046233 hargrave 2021-05-31 09:04:31 
TT 682 202.9  32.4 250.4  17.8 1.73E-06 002.4 330.9  45.9 0.077390 0.034658 0.060663 hargrave 2021-06-02 13:06:27 
TT 696 146.5  39.9 285.3  54.5 3.49E-07 003.2 267.1  40.8 0.019002 0.026300 0.003970 hargrave 2021-06-03 14:41:00 
