PF18- 97a mag compass orientation (IGRF corrected)
 125.62 312.6  32.0 218.9  81.9  12.6
NRM    235.5  60.8 281.0 -00.9 2.31E-05 001.0 118.5  82.9 0.451075 0.188889 0.054167 hargrave 2021-04-08 14:44:41 
TT  50 235.3  61.0 281.1 -00.7 2.30E-05 001.0 120.2  82.9 0.464120 0.175115 0.055935 hargrave 2021-04-09 14:06:56 
TT 100 236.0  60.4 280.7 -01.2 2.23E-05 001.4 114.9  82.7 0.665766 0.131380 0.060013 hargrave 2021-04-10 14:33:35 
TT 150 239.4  57.7 278.8 -03.8 1.95E-05 001.4 095.0  81.1 0.594923 0.164319 0.048394 hargrave 2021-04-11 13:07:45 
TT 200 241.5  57.4 279.0 -04.9 1.85E-05 001.1 094.8  79.9 0.435635 0.136942 0.057325 hargrave 2021-04-13 16:06:31 
TT 250 241.5  55.5 277.2 -05.7 1.70E-05 001.8 084.7  79.4 0.669091 0.095534 0.054279 hargrave 2021-04-18 14:57:58 
TT 300 242.4  55.9 277.8 -06.0 1.57E-05 001.2 087.5  79.1 0.373334 0.152404 0.049574 hargrave 2021-04-19 15:16:44 
TT 325 242.0  56.6 278.3 -05.5 1.42E-05 000.9 090.7  79.5 0.239680 0.125475 0.041653 hargrave 2021-04-20 13:42:49 
TT 350 241.8  56.0 277.7 -05.6 1.36E-05 001.7 087.5  79.4 0.504783 0.139643 0.040684 hargrave 2021-04-23 13:21:22 
TT 375 240.5  55.6 277.1 -05.1 1.25E-05 001.0 083.8  80.0 0.278905 0.068417 0.026095 hargrave 2021-04-25 10:23:30 
TT 415 241.8  56.9 278.5 -05.3 1.06E-05 001.2 092.0  79.7 0.285041 0.059891 0.034925 hargrave 2021-04-26 09:27:13 
TT 450 239.0  56.8 277.9 -03.9 8.81E-06 001.2 089.4  81.1 0.216245 0.064349 0.019823 hargrave 2021-04-27 14:10:36 
TT 475 238.1  56.4 277.4 -03.6 7.87E-06 001.7 086.1  81.5 0.273631 0.083363 0.014332 hargrave 2021-04-29 15:00:08 
TT 500 235.0  57.4 277.7 -01.6 6.84E-06 001.1 090.4  83.4 0.161063 0.055345 0.017876 hargrave 2021-05-01 10:08:25 
TT 520 229.3  58.2 277.7  01.5 6.08E-06 001.2 095.9  86.5 0.150774 0.051141 0.022315 hargrave 2021-05-02 16:39:19 
TT 535 230.9  56.6 276.3  00.3 5.48E-06 001.5 076.2  85.3 0.179269 0.037215 0.018829 hargrave 2021-05-04 09:20:08 
TT 550 233.0  57.4 277.4 -00.6 4.90E-06 001.4 088.7  84.4 0.146446 0.045355 0.012969 hargrave 2021-05-04 18:58:38 
TT 560 233.8  59.5 279.5 -00.4 4.76E-06 001.4 109.2  84.0 0.130377 0.073335 0.024163 hargrave 2021-05-05 16:27:03 
TT 570 234.0  55.4 275.7 -01.7 3.55E-06 001.9 072.4  83.2 0.122258 0.084892 0.019927 hargrave 2021-05-06 22:42:42 
TT 580 238.8  60.0 280.8 -02.7 2.80E-06 001.6 110.5  81.4 0.054783 0.086976 0.009763 hargrave 2021-05-08 20:00:06 
TT 590 230.4  62.1 281.6  01.8 2.40E-06 002.1 139.9  84.3 0.085071 0.072273 0.011529 hargrave 2021-05-09 19:00:19 
TT 600 240.8  67.3 287.9 -00.7 1.81E-06 002.7 145.9  77.6 0.087206 0.056429 0.028032 hargrave 2021-05-11 09:48:14 
TT 610 201.8  68.8 288.1  13.7 1.49E-06 003.7 211.8  75.9 0.087485 0.082019 0.013974 hargrave 2021-05-12 09:45:32 
TT 620 217.5  27.5 246.0  05.0 1.23E-06 003.5 351.1  59.3 0.049887 0.067701 0.047712 hargrave 2021-05-13 12:38:28 
TT 630 254.0  44.2 270.8 -18.1 1.05E-06 002.9 068.2  66.3 0.018347 0.076311 0.025255 hargrave 2021-05-14 12:07:11 
TT 640 156.8  72.6 300.1  23.4 1.03E-06 003.5 214.3  60.9 0.058039 0.055373 0.006328 hargrave 2021-05-15 10:15:55 
TT 650 282.5  78.4 303.8 -02.3 1.04E-06 004.9 158.1  62.2 0.022717 0.114464 0.012025 hargrave 2021-05-16 12:07:52 
TT 660 138.5  63.9 303.8  33.7 8.70E-07 006.1 225.0  51.8 0.063486 0.102054 0.013519 hargrave 2021-05-17 13:20:16 
TT 664 261.6  57.1 284.5 -14.3 9.20E-07 003.6 104.2  69.4 0.044722 0.063178 0.004683 hargrave 2021-05-18 15:39:57 
TT 668 208.8  19.7 237.4  12.2 8.84E-07 003.9 339.4  50.3 0.056110 0.034958 0.040596 hargrave 2021-05-19 18:11:42 
TT 672 257.8  47.8 275.5 -18.2 8.47E-07 001.7 079.3  66.8 0.025343 0.023931 0.005471 hargrave 2021-05-23 11:23:07 
TT 674 218.8  20.3 239.0  02.9 9.62E-07 002.4 354.2  52.2 0.035436 0.024478 0.029833 hargrave 2021-05-24 13:39:09 
TT 676 257.3  49.1 276.4 -17.2 7.20E-07 003.2 081.5  67.9 0.012612 0.057517 0.013329 hargrave 2021-05-25 13:27:33 
TT 678 213.5  10.7 228.8  06.7 8.46E-07 002.8 347.9  42.2 0.030972 0.037298 0.024150 hargrave 2021-05-26 14:09:25 
TT 680 052.9  83.9 314.9  09.5 6.28E-07 005.1 181.8  52.0 0.025788 0.065958 0.010845 hargrave 2021-05-30 15:59:19 
TT 682 223.4 -04.8 214.7 -05.1 7.47E-07 001.8 000.9  27.2 0.017073 0.025724 0.009106 hargrave 2021-06-02 09:50:05 
TT 684 322.9  41.4 322.4 -38.9 5.15E-07 004.1 122.2  29.3 0.012663 0.060806 0.010536 hargrave 2021-06-03 18:45:25 
TT 686 239.0 -04.9 216.7 -20.6 5.22E-07 002.9 018.2  25.7 0.016463 0.028653 0.010835 hargrave 2021-06-04 17:27:29 
TT 688 126.5  13.5 332.5  84.2 3.24E-07 006.1 257.7  08.2 0.031524 0.061410 0.010281 hargrave 2021-06-05 15:42:58 
TT 690 320.3  20.5 330.2 -59.3 3.73E-07 005.9 107.5  13.3 0.024171 0.068173 0.011227 hargrave 2021-06-06 14:40:06 
TT 692 250.8 -16.7 204.2 -32.8 5.79E-07 003.5 027.5  11.7 0.021829 0.035944 0.020393 hargrave 2021-06-08 10:11:11 
