PF18- 86a sun compass orientation
 120.99 301.7  11.0 218.9  81.9  11.7
NRM    250.4  65.3 287.9 -05.1 6.21E-05 000.4 060.7  72.5 0.310372 0.270960 0.266204 hargrave 2021-04-08 14:24:41 
TT  50 249.3  65.1 287.5 -04.8 6.15E-05 000.3 059.0  72.5 0.286715 0.269469 0.252545 hargrave 2021-04-09 13:46:15 
TT 100 248.1  63.6 285.9 -05.1 5.67E-05 000.7 055.6  71.3 0.726559 0.423825 0.243763 hargrave 2021-04-10 14:14:31 
TT 150 240.7  53.8 275.4 -05.9 4.28E-05 000.5 039.0  63.0 0.206204 0.284741 0.258972 hargrave 2021-04-11 12:48:43 
TT 200 238.5  50.4 271.7 -05.9 3.94E-05 002.2 034.9  59.8 0.947221 1.457428 0.270776 hargrave 2021-04-13 15:49:49 
TT 250 237.8  47.3 268.6 -06.5 3.44E-05 000.5 033.0  56.9 0.251644 0.232559 0.242854 hargrave 2021-04-18 14:41:15 
TT 300 235.1  45.5 266.4 -05.3 2.99E-05 000.9 029.3  55.4 0.379426 0.358677 0.186118 hargrave 2021-04-19 14:56:06 
TT 325 233.5  45.3 265.8 -04.3 2.65E-05 002.0 027.3  55.3 0.391260 0.986148 0.157332 hargrave 2021-04-20 13:22:13 
TT 350 232.2  44.2 264.5 -03.7 2.44E-05 001.4 025.5  54.3 0.419362 0.580861 0.161549 hargrave 2021-04-23 13:01:25 
TT 375 230.1  43.2 263.2 -02.5 2.29E-05 001.4 022.8  53.5 0.215161 0.618352 0.138769 hargrave 2021-04-25 10:02:46 
TT 415 230.2  42.2 262.2 -02.9 2.12E-05 001.0 022.8  52.5 0.242046 0.333526 0.127983 hargrave 2021-04-26 09:06:23 
TT 450 229.0  41.4 261.2 -02.1 1.94E-05 000.8 021.2  51.8 0.182105 0.254605 0.118973 hargrave 2021-04-27 13:50:05 
TT 475 228.1  41.3 261.0 -01.5 1.82E-05 000.8 020.0  51.7 0.109849 0.253489 0.109489 hargrave 2021-04-29 14:40:19 
TT 500 225.5  40.3 259.7  00.3 1.68E-05 001.8 016.8  51.0 0.241174 0.582255 0.099312 hargrave 2021-05-01 09:49:23 
TT 520 225.2  39.5 258.8  00.3 1.56E-05 001.7 016.3  50.1 0.057326 0.530376 0.113732 hargrave 2021-05-02 16:21:50 
TT 535 232.0  39.8 260.2 -04.7 1.47E-05 004.9 024.5  50.0 0.606793 1.341737 0.080542 hargrave 2021-05-04 09:01:13 
TT 550 220.8  38.1 256.9  03.5 1.38E-05 001.9 010.9  49.0 0.070551 0.526377 0.082382 hargrave 2021-05-04 18:38:10 
TT 560 221.4  38.7 257.6  03.1 1.29E-05 001.8 011.7  49.5 0.153201 0.441458 0.072148 hargrave 2021-05-05 16:06:23 
TT 570 221.3  37.9 256.7  03.1 1.22E-05 000.5 011.5  48.7 0.098451 0.083058 0.074363 hargrave 2021-05-06 22:22:52 
TT 580 222.0  36.6 255.5  02.3 1.16E-05 000.6 012.3  47.4 0.082358 0.109865 0.076733 hargrave 2021-05-08 19:39:24 
TT 590 220.3  36.9 255.7  03.8 1.12E-05 000.8 010.2  47.8 0.050071 0.182513 0.072178 hargrave 2021-05-09 18:40:38 
TT 600 221.4  36.4 255.3  02.8 1.10E-05 000.9 011.5  47.2 0.059655 0.175871 0.060241 hargrave 2021-05-11 09:28:31 
TT 610 222.9  36.0 255.0  01.5 1.07E-05 000.6 013.3  46.7 0.051138 0.118797 0.070197 hargrave 2021-05-12 09:26:32 
TT 620 222.2  34.8 253.8  02.0 1.08E-05 000.9 012.3  45.6 0.090262 0.165611 0.083146 hargrave 2021-05-13 12:18:44 
TT 630 220.5  37.7 256.5  03.7 1.03E-05 000.8 010.6  48.5 0.051599 0.146661 0.079013 hargrave 2021-05-14 11:46:35 
TT 640 218.4  36.6 255.2  05.2 1.01E-05 001.8 008.0  47.5 0.102739 0.357642 0.071316 hargrave 2021-05-15 09:56:32 
TT 650 219.0  36.8 255.4  04.8 9.77E-06 000.6 008.7  47.7 0.048005 0.112816 0.074200 hargrave 2021-05-16 11:48:36 
TT 660 217.7  34.3 252.8  05.5 9.36E-06 000.9 007.0  45.2 0.056163 0.166608 0.075015 hargrave 2021-05-17 12:59:27 
TT 664 217.3  37.0 255.5  06.1 8.45E-06 001.7 006.7  47.9 0.065745 0.282170 0.055039 hargrave 2021-05-18 15:20:37 
TT 668 216.4  37.3 255.8  06.8 7.43E-06 000.8 005.7  48.3 0.033723 0.111240 0.041361 hargrave 2021-05-19 17:51:00 
TT 672 215.3  38.3 256.7  07.8 5.26E-06 000.7 004.3  49.3 0.030900 0.068684 0.053712 hargrave 2021-05-23 11:03:07 
TT 674 221.3  34.2 253.0  02.6 5.34E-06 002.0 011.2  45.0 0.065051 0.212991 0.038476 hargrave 2021-05-24 13:19:50 
TT 676 228.4  35.7 255.6 -02.9 3.59E-06 001.4 019.7  46.2 0.069675 0.085356 0.025626 hargrave 2021-05-25 13:09:03 
TT 678 215.4  36.0 254.4  07.6 2.36E-06 003.0 004.3  47.0 0.033618 0.141000 0.022932 hargrave 2021-05-26 13:51:13 
TT 680 210.2  35.9 254.0  11.8 1.61E-06 001.2 358.2  46.9 0.022831 0.033251 0.013283 hargrave 2021-05-30 15:39:55 
TT 682 199.1  36.1 254.6  20.8 6.53E-07 001.8 345.0  46.8 0.013191 0.021187 0.006245 hargrave 2021-06-02 09:31:52 
TT 684 236.8  55.8 276.5 -03.1 3.48E-07 004.6 034.9  65.4 0.007773 0.031518 0.004956 hargrave 2021-06-03 18:27:17 
TT 686 190.7  08.3 223.9  28.9 5.48E-07 004.7 338.1  18.5 0.013291 0.053864 0.005158 hargrave 2021-06-04 17:09:20 
TT 688 117.9  21.1 347.0  73.3 3.53E-07 002.5 262.1  19.9 0.013872 0.023521 0.003109 hargrave 2021-06-05 15:23:49 
TT 690 308.3  52.0 308.5 -29.9 1.57E-07 008.0 109.8  49.5 0.004141 0.028596 0.004570 hargrave 2021-06-06 14:21:45 
TT 692 271.7 -05.0 221.3 -53.0 2.60E-07 001.9 059.7  00.5 0.007737 0.007495 0.004394 hargrave 2021-06-08 09:52:55 
