PF18- 159a mag compass orientation (IGRF corrected)
 156.65 127.6  27.0 222.8  83.0  13.3
NRM    266.5  46.6 280.2 -22.5 2.79E-05 001.0 215.3  26.2 0.200063 0.482776 0.425717 hargrave 2021-04-09 19:53:30 
TT  50 263.0  47.3 279.3 -20.2 2.80E-05 001.3 212.5  26.0 0.498499 0.492036 0.433329 hargrave 2021-04-10 18:25:53 
TT 100 258.5  47.8 277.9 -17.4 2.78E-05 001.3 209.1  25.4 0.273575 0.697408 0.440575 hargrave 2021-04-12 14:54:23 
TT 150 262.3  46.1 277.9 -20.5 2.75E-05 001.2 212.5  24.7 0.423011 0.478335 0.453397 hargrave 2021-04-14 15:52:34 
TT 200 261.2  46.3 277.7 -19.8 2.74E-05 003.7 211.6  24.6 1.280010 1.915864 0.490252 hargrave 2021-04-15 13:49:47 
TT 250 259.2  45.4 276.1 -19.1 2.57E-05 001.8 210.5  23.3 0.603485 0.835400 0.395453 hargrave 2021-04-16 18:32:13 
TT 300 260.5  45.1 276.3 -20.0 2.41E-05 001.3 211.5  23.3 0.389531 0.438600 0.399887 hargrave 2021-04-18 21:41:35 
TT 325 260.0  45.2 276.2 -19.6 2.37E-05 005.5 211.1  23.3 1.659716 2.514335 0.374817 hargrave 2021-04-21 18:20:51 
TT 350 260.1  45.0 276.1 -19.8 2.30E-05 004.3 211.3  23.2 1.298840 1.879331 0.370076 hargrave 2021-04-22 15:54:20 
TT 375 264.9  43.6 277.0 -23.4 2.06E-05 001.0 215.3  23.1 0.152156 0.322537 0.349430 hargrave 2021-04-23 17:09:15 
TT 415 260.1  44.9 276.0 -19.9 1.80E-05 003.5 211.3  23.1 0.813112 1.197857 0.307002 hargrave 2021-04-25 20:10:45 
TT 450 256.3  45.7 275.3 -17.2 1.67E-05 005.8 208.3  23.0 1.039648 1.995632 0.270138 hargrave 2021-04-28 09:43:21 
TT 475 260.0  44.9 276.0 -19.8 1.53E-05 003.5 211.2  23.1 0.696127 0.998711 0.265194 hargrave 2021-04-30 11:50:26 
TT 500 259.4  45.1 275.9 -19.4 1.44E-05 002.9 210.8  23.1 0.554192 0.782210 0.228966 hargrave 2021-05-01 13:56:11 
TT 520 261.6  44.5 276.2 -21.0 1.34E-05 004.0 212.6  23.0 0.724892 1.001737 0.221034 hargrave 2021-05-02 12:46:33 
TT 535 258.0  44.9 275.2 -18.6 1.21E-05 002.3 209.8  22.6 0.350124 0.517450 0.163420 hargrave 2021-05-03 13:46:40 
TT 550 253.5  46.5 275.0 -15.1 1.14E-05 003.3 206.0  23.2 0.413337 0.724584 0.227475 hargrave 2021-05-05 12:34:41 
TT 560 254.4  46.4 275.2 -15.6 1.10E-05 002.6 206.7  23.3 0.346416 0.547293 0.188559 hargrave 2021-05-06 09:36:44 
TT 570 259.4  45.1 275.9 -19.3 1.05E-05 002.8 210.7  23.1 0.398514 0.535493 0.181556 hargrave 2021-05-07 15:31:11 
TT 580 253.8  46.5 275.1 -15.3 9.65E-06 004.4 206.3  23.3 0.490504 0.848407 0.182377 hargrave 2021-05-09 10:15:35 
TT 590 253.6  46.3 274.9 -15.2 9.34E-06 003.7 206.1  23.0 0.394059 0.681218 0.161871 hargrave 2021-05-10 11:06:42 
TT 600 258.2  45.6 275.9 -18.4 9.03E-06 003.4 209.7  23.3 0.373191 0.591114 0.156898 hargrave 2021-05-11 13:33:38 
TT 610 250.9  47.2 274.8 -13.1 8.91E-06 001.0 203.9  23.4 0.052518 0.123395 0.158516 hargrave 2021-05-12 14:30:38 
TT 620 252.8  46.3 274.6 -14.8 8.69E-06 004.9 205.6  22.8 0.331966 0.963301 0.151779 hargrave 2021-05-13 18:23:35 
TT 630 255.3  46.4 275.5 -16.2 7.85E-06 001.5 207.4  23.4 0.152149 0.186723 0.123329 hargrave 2021-05-15 18:17:31 
TT 640 257.3  46.4 276.2 -17.4 7.05E-06 004.9 208.8  23.8 0.414664 0.682196 0.117079 hargrave 2021-05-17 09:46:19 
TT 650 255.8  47.0 276.2 -16.2 6.08E-06 004.1 207.5  24.1 0.291240 0.483889 0.113586 hargrave 2021-05-18 11:58:20 
TT 660 254.8  46.0 274.9 -16.1 4.79E-06 001.7 207.1  22.9 0.078739 0.160851 0.076209 hargrave 2021-05-19 11:31:31 
TT 664 256.3  46.3 275.8 -16.9 4.54E-06 002.0 208.1  23.5 0.117986 0.168692 0.078872 hargrave 2021-05-20 19:21:48 
TT 668 251.5  48.3 276.0 -13.1 3.98E-06 004.8 204.1  24.5 0.202004 0.386426 0.065559 hargrave 2021-05-22 10:12:20 
TT 672 254.4  47.3 276.0 -15.2 3.46E-06 004.8 206.4  24.1 0.163911 0.351718 0.040440 hargrave 2021-05-24 10:10:47 
TT 674 254.9  48.8 277.5 -14.8 3.14E-06 004.1 206.3  25.6 0.143507 0.258616 0.050074 hargrave 2021-05-25 09:44:45 
TT 676 243.5  50.6 276.0 -07.3 2.58E-06 001.1 197.8  25.4 0.031914 0.052339 0.036724 hargrave 2021-05-26 09:46:27 
TT 678 250.5  46.7 274.2 -13.2 2.69E-06 003.8 203.8  22.8 0.100423 0.212195 0.043208 hargrave 2021-05-29 12:02:26 
TT 680 252.8  53.3 280.9 -11.5 1.75E-06 003.6 203.4  29.5 0.072418 0.128776 0.016573 hargrave 2021-05-31 09:48:02 
TT 682 243.7  47.6 273.2 -08.6 1.27E-06 003.8 198.8  22.5 0.039524 0.106835 0.014770 hargrave 2021-06-02 13:48:22 
TT 696 250.2  42.6 270.3 -14.7 5.77E-07 005.5 204.8  18.7 0.027670 0.069609 0.007825 hargrave 2021-06-03 15:21:56 
