PF18- 163a sun compass orientation
 159.15 148.2  43.0 222.8  83.0   8.0
NRM    261.3  44.0 275.7 -21.1 1.18E-05 005.2 196.4  03.3 0.251647 0.813638 0.082812 hargrave 2021-04-09 20:00:03 
TT  50 259.4  44.3 275.1 -19.8 1.18E-05 002.6 195.0  03.2 0.145009 0.417671 0.070301 hargrave 2021-04-10 18:31:13 
TT 100 260.2  41.9 273.3 -21.6 1.15E-05 004.6 196.2  01.0 0.253018 0.699530 0.072974 hargrave 2021-04-12 14:59:55 
TT 150 260.9  39.9 271.8 -23.1 1.13E-05 002.2 197.2 -00.8 0.116916 0.319933 0.069584 hargrave 2021-04-14 15:59:08 
TT 200 255.9  40.6 270.4 -19.4 1.12E-05 004.6 193.3 -01.0 0.203480 0.689896 0.067467 hargrave 2021-04-15 13:56:46 
TT 250 249.9  39.0 266.7 -16.0 1.03E-05 003.1 189.1 -03.4 0.080701 0.437172 0.056085 hargrave 2021-04-16 18:39:42 
TT 300 256.3  37.7 267.8 -21.1 9.81E-06 002.7 194.3 -03.8 0.102871 0.349356 0.058164 hargrave 2021-04-18 21:50:40 
TT 325 253.4  37.9 266.9 -18.8 9.76E-06 001.4 191.9 -04.0 0.041156 0.183950 0.057847 hargrave 2021-04-21 18:27:21 
TT 350 253.6  37.6 266.7 -19.2 9.48E-06 001.2 192.2 -04.3 0.044146 0.140504 0.055811 hargrave 2021-04-22 16:00:57 
TT 375 254.3  36.5 265.9 -20.2 8.75E-06 000.7 193.0 -05.3 0.035461 0.061181 0.052312 hargrave 2021-04-23 17:16:06 
TT 415 258.7  34.8 266.0 -24.1 8.09E-06 007.6 196.8 -06.2 0.234795 0.827781 0.061195 hargrave 2021-04-25 20:17:35 
TT 450 247.3  36.0 263.1 -15.2 7.71E-06 000.8 187.4 -06.6 0.045188 0.070433 0.049220 hargrave 2021-04-28 09:49:11 
TT 475 248.9  35.5 263.1 -16.6 7.40E-06 000.7 188.8 -07.0 0.030044 0.056333 0.053978 hargrave 2021-04-30 11:57:18 
TT 500 258.4  33.6 264.7 -24.4 7.14E-06 006.7 196.9 -07.4 0.180325 0.645627 0.049879 hargrave 2021-05-01 14:03:05 
TT 520 242.7  42.8 268.5 -09.5 6.79E-06 010.5 183.3 -00.1 0.049870 0.673893 0.751328 hargrave 2021-05-02 12:54:14 
TT 520 251.3  34.9 263.3 -18.6 6.90E-06 001.2 190.8 -07.3 0.028464 0.105717 0.042382 hargrave 2021-05-02 13:03:35 
TT 535 249.3  34.8 262.5 -17.1 6.47E-06 001.2 189.2 -07.6 0.028565 0.090469 0.052519 hargrave 2021-05-03 13:53:33 
TT 550 249.6  34.1 262.0 -17.6 6.22E-06 000.8 189.5 -08.2 0.032839 0.054846 0.034983 hargrave 2021-05-05 12:41:15 
TT 560 247.5  34.1 261.3 -15.9 6.15E-06 001.4 187.7 -08.4 0.042245 0.112211 0.035275 hargrave 2021-05-06 09:43:17 
TT 570 239.2  43.1 267.9 -07.0 5.82E-06 014.2 180.7  00.1 0.039922 0.879789 0.776945 hargrave 2021-05-07 15:37:43 
TT 570 245.8  34.2 260.9 -14.6 6.01E-06 000.8 186.3 -08.6 0.050125 0.039569 0.056336 hargrave 2021-05-07 16:25:07 
TT 580 243.9  34.0 260.2 -13.2 5.64E-06 001.6 184.8 -08.9 0.026852 0.124783 0.034797 hargrave 2021-05-09 10:22:17 
TT 590 248.4  33.4 260.9 -16.9 5.53E-06 001.3 188.6 -09.1 0.031377 0.098515 0.034102 hargrave 2021-05-10 11:13:22 
TT 600 247.8  32.7 260.0 -16.7 5.40E-06 002.3 188.2 -09.9 0.028893 0.172569 0.031710 hargrave 2021-05-11 13:40:13 
TT 610 240.0  32.9 258.2 -10.4 5.16E-06 002.0 181.5 -10.1 0.035094 0.140372 0.033737 hargrave 2021-05-12 14:37:13 
TT 620 243.6  32.3 258.5 -13.5 4.93E-06 001.0 184.6 -10.5 0.027313 0.059676 0.031299 hargrave 2021-05-13 18:30:09 
TT 630 240.3  31.6 257.0 -11.0 4.68E-06 002.6 181.8 -11.3 0.027269 0.169039 0.030739 hargrave 2021-05-15 18:25:39 
TT 640 248.9  30.5 258.2 -18.3 4.49E-06 001.0 189.4 -11.9 0.029004 0.060818 0.028630 hargrave 2021-05-17 09:53:01 
TT 650 240.6  32.0 257.5 -11.1 4.40E-06 006.5 182.1 -10.9 0.023955 0.399731 0.025897 hargrave 2021-05-18 12:04:57 
TT 660 244.5  31.6 258.0 -14.4 4.07E-06 003.0 185.4 -11.2 0.020933 0.171370 0.026232 hargrave 2021-05-19 11:38:07 
TT 664 244.8  31.7 258.2 -14.6 3.77E-06 005.4 185.7 -11.1 0.027044 0.285875 0.026510 hargrave 2021-05-20 19:28:20 
TT 668 241.8  31.3 257.0 -12.3 3.40E-06 004.4 183.1 -11.7 0.033297 0.207769 0.020378 hargrave 2021-05-22 10:19:43 
TT 672 245.1  31.7 258.3 -14.9 2.88E-06 002.5 186.0 -11.0 0.014573 0.098506 0.017418 hargrave 2021-05-24 10:17:20 
TT 674 247.2  31.8 259.0 -16.5 2.57E-06 006.5 187.8 -10.8 0.038406 0.232358 0.015935 hargrave 2021-05-25 09:51:19 
TT 676 233.9  32.1 256.2 -05.6 2.40E-06 003.9 176.3 -10.8 0.034746 0.130288 0.014567 hargrave 2021-05-26 09:53:01 
TT 678 238.1  31.5 256.3 -09.2 1.57E-06 002.5 179.9 -11.5 0.023124 0.054439 0.011088 hargrave 2021-05-29 12:08:59 
TT 680 235.0  29.8 254.1 -07.0 1.49E-06 005.5 177.2 -13.2 0.020842 0.115540 0.014138 hargrave 2021-05-31 09:54:38 
TT 682 248.0  31.9 259.3 -17.1 1.05E-06 003.1 188.4 -10.6 0.015784 0.023753 0.039043 hargrave 2021-06-02 13:54:56 
TT 696 340.8  16.4 002.4 -53.7 3.02E-07 003.9 267.6  20.4 0.016593 0.003746 0.001468 hargrave 2021-06-03 15:28:29 
