PF18- 13a mag compass orientation (IGRF corrected)
 104.55 151.6  45.0 221.5  81.4  11.3
NRM    212.7  69.5 290.9  11.1 6.76E-05 005.8 169.1  26.5 0.458906 6.734292 3.730235 hargrave 2021-04-06 18:27:38 
TT  50 216.1  69.8 291.0  09.9 6.77E-05 003.5 170.4  26.3 1.322528 2.246100 3.966815 hargrave 2021-04-12 10:10:56 
TT 100 214.9  68.2 289.5  10.4 6.65E-05 003.2 169.4  24.9 1.326118 1.219358 3.862220 hargrave 2021-04-13 11:24:22 
TT 150 213.0  60.3 281.5  11.7 5.61E-05 005.0 165.6  17.9 2.093266 3.791071 3.476528 hargrave 2021-04-14 18:48:19 
TT 200 209.7  55.1 276.3  13.8 5.17E-05 003.9 161.9  13.7 1.231386 1.993601 3.256083 hargrave 2021-04-16 12:30:00 
TT 250 220.2  54.4 275.6  07.7 4.92E-05 004.3 167.5  11.1 0.100589 2.792009 3.161295 hargrave 2021-04-19 22:53:09 
TT 300 210.2  51.5 272.5  13.8 4.74E-05 003.3 160.7  10.2 0.557183 0.265052 3.003290 hargrave 2021-04-21 12:55:46 
TT 325 213.7  52.1 273.1  11.6 4.43E-05 003.3 163.0  10.0 0.500865 0.325109 2.786005 hargrave 2021-04-22 10:35:29 
TT 350 210.9  50.8 271.8  13.3 3.96E-05 004.0 160.9  09.4 0.244650 1.846649 2.548619 hargrave 2021-04-23 08:28:15 
TT 375 213.3  51.1 272.1  11.8 3.44E-05 005.6 162.4  09.2 1.295468 2.869025 2.177360 hargrave 2021-04-24 15:24:39 
TT 415 217.9  51.6 272.6  08.9 3.19E-05 004.3 165.4  08.7 0.131083 1.735970 2.088550 hargrave 2021-04-25 14:16:08 
TT 450 210.6  49.8 270.8  13.6 2.82E-05 004.7 160.4  08.6 0.357028 1.917838 1.748262 hargrave 2021-04-26 20:23:56 
TT 475 210.1  49.5 270.5  14.0 2.68E-05 003.4 159.9  08.4 0.084155 0.533947 1.742589 hargrave 2021-04-29 09:59:27 
TT 500 215.8  51.2 272.1  10.2 2.58E-05 003.8 164.0  08.7 0.065312 0.786694 1.753082 hargrave 2021-04-30 15:05:00 
TT 520 208.1  48.9 270.0  15.3 2.45E-05 003.8 158.5  08.4 0.147963 0.956346 1.588545 hargrave 2021-05-01 17:17:16 
TT 535 213.1  50.4 271.3  11.9 2.32E-05 005.1 162.1  08.5 0.437845 1.893019 1.301205 hargrave 2021-05-03 08:55:31 
TT 550 213.2  50.2 271.1  11.9 2.20E-05 003.7 162.0  08.3 0.136512 0.395054 1.530429 hargrave 2021-05-04 12:39:03 
TT 560 212.9  50.2 271.2  12.1 2.05E-05 003.8 161.9  08.5 0.188419 1.084283 1.079978 hargrave 2021-05-06 16:01:29 
TT 570 209.4  49.7 270.7  14.4 1.85E-05 002.9 159.6  08.7 0.257123 0.208148 1.011684 hargrave 2021-05-07 10:43:45 
TT 580 203.2  46.9 268.2  18.7 1.71E-05 003.4 154.6  07.9 0.097313 0.548607 0.990967 hargrave 2021-05-08 12:03:51 
TT 590 204.8  48.3 269.6  17.5 1.50E-05 004.5 156.2  08.7 0.285934 1.008486 0.843648 hargrave 2021-05-09 13:26:37 
TT 600 208.7  49.3 270.3  14.8 1.42E-05 003.0 159.0  08.5 0.061117 0.240587 0.816123 hargrave 2021-05-10 14:14:13 
TT 610 210.4  49.9 270.9  13.7 1.41E-05 003.2 160.3  08.7 0.296366 0.367725 0.770078 hargrave 2021-05-11 16:08:56 
TT 620 212.9  50.3 271.3  12.1 1.34E-05 003.9 161.9  08.5 0.377911 0.732170 0.645154 hargrave 2021-05-12 18:28:47 
TT 630 207.2  50.4 271.5  15.7 1.25E-05 002.7 158.6  09.9 0.077265 0.248606 0.609847 hargrave 2021-05-14 15:46:26 
TT 640 208.9  50.7 271.8  14.6 1.18E-05 003.6 159.7  09.8 0.044499 0.466885 0.688945 hargrave 2021-05-15 13:30:33 
TT 650 209.7  50.6 271.6  14.1 1.16E-05 003.1 160.1  09.5 0.241594 0.304862 0.607247 hargrave 2021-05-16 16:25:11 
TT 660 204.2  47.9 269.3  17.9 1.12E-05 003.8 155.7  08.5 0.143146 0.565192 0.623050 hargrave 2021-05-17 17:04:23 
TT 664 206.8  48.6 269.7  16.1 1.12E-05 005.5 157.6  08.4 0.290149 0.997293 0.621113 hargrave 2021-05-18 20:31:56 
TT 668 205.2  48.6 269.9  17.2 9.75E-06 005.9 156.6  08.9 0.262005 0.969280 0.542137 hargrave 2021-05-20 09:20:28 
TT 672 200.0  46.7 268.4  21.0 9.82E-06 005.0 152.5  08.7 0.262177 0.759456 0.553686 hargrave 2021-05-23 14:39:52 
TT 674 208.8  48.7 269.7  14.8 9.10E-06 002.7 158.9  08.0 0.068442 0.113718 0.472808 hargrave 2021-05-24 16:59:48 
TT 676 204.8  47.4 268.6  17.6 9.04E-06 002.8 155.8  07.9 0.106240 0.044083 0.494129 hargrave 2021-05-25 16:45:16 
TT 678 207.3  48.3 269.4  15.8 7.52E-06 003.9 157.8  08.0 0.053677 0.387079 0.423158 hargrave 2021-05-26 17:25:51 
TT 680 203.6  46.6 267.9  18.5 7.09E-06 004.4 154.7  07.5 0.122932 0.424405 0.427964 hargrave 2021-05-30 11:36:55 
TT 682 209.2  48.8 269.9  14.6 5.66E-06 007.6 159.1  08.0 0.202392 0.759482 0.324641 hargrave 2021-05-31 12:44:48 
TT 684 208.9  48.3 269.4  14.8 4.83E-06 003.0 158.8  07.6 0.106703 0.075505 0.258836 hargrave 2021-06-03 09:33:24 
TT 686 212.6  51.6 272.6  12.2 3.28E-06 003.5 162.2  09.8 0.041229 0.130027 0.183079 hargrave 2021-06-04 11:00:07 
TT 688 204.9  51.6 273.0  17.0 1.70E-06 005.9 157.7  11.6 0.040327 0.176886 0.094522 hargrave 2021-06-05 11:16:52 
TT 690 203.6  41.3 262.4  19.1 1.34E-06 006.2 152.4  02.8 0.044010 0.146797 0.076955 hargrave 2021-06-06 10:10:33 
TT 692 230.8  48.6 270.8  00.4 3.75E-07 006.9 172.9  04.1 0.018353 0.048747 0.019497 hargrave 2021-06-06 19:38:20 
TT 695 265.3  41.0 274.7 -24.7 4.14E-07 009.1 197.6 -01.4 0.028657 0.067458 0.019470 hargrave 2021-06-10 13:44:15 
