PF18- 27a mag compass orientation (IGRF corrected)
 102.94 139.6  23.0 221.5  81.4   9.8
NRM    281.2  73.9 303.4 -05.3 5.42E-05 001.4 202.1  54.8 0.992375 0.413757 0.718195 hargrave 2021-04-06 18:45:30 
TT  50 275.6  74.7 302.6 -03.8 5.36E-05 002.9 199.2  54.7 1.801257 1.571689 1.143678 hargrave 2021-04-12 10:33:50 
TT 100 276.6  70.3 300.3 -07.6 4.60E-05 003.2 203.1  51.0 1.701236 1.536844 1.143476 hargrave 2021-04-13 11:47:21 
TT 150 259.2  64.7 291.6 -07.1 3.59E-05 002.4 196.9  43.4 0.936483 0.615286 0.948635 hargrave 2021-04-14 19:07:13 
TT 200 249.9  61.7 286.8 -05.2 3.16E-05 002.6 192.3  39.6 0.685427 0.746394 0.982985 hargrave 2021-04-16 12:55:30 
TT 250 248.8  59.7 284.7 -05.8 2.76E-05 003.4 192.1  37.5 0.762769 1.181719 0.774502 hargrave 2021-04-19 23:14:26 
TT 300 249.7  59.3 284.6 -06.3 2.23E-05 003.8 192.7  37.2 0.564657 1.260332 0.482710 hargrave 2021-04-21 13:19:33 
TT 325 247.2  59.0 283.7 -05.3 1.94E-05 004.1 191.2  36.7 0.427246 1.285319 0.234456 hargrave 2021-04-22 10:59:19 
TT 350 242.3  58.6 282.3 -03.2 1.77E-05 001.0 188.2  35.9 0.157140 0.103986 0.253999 hargrave 2021-04-23 08:52:05 
TT 375 245.0  58.3 282.6 -04.6 1.65E-05 002.0 189.9  35.8 0.219394 0.471722 0.230707 hargrave 2021-04-24 15:50:10 
TT 415 246.6  57.3 282.1 -05.8 1.50E-05 001.2 191.1  34.9 0.138907 0.133707 0.237428 hargrave 2021-04-25 15:01:08 
TT 450 248.2  56.9 282.1 -06.7 1.35E-05 003.6 192.2  34.7 0.255945 0.748668 0.251327 hargrave 2021-04-26 21:29:58 
TT 475 246.6  56.7 281.5 -06.1 1.25E-05 001.3 191.2  34.3 0.138499 0.091142 0.227231 hargrave 2021-04-29 10:23:11 
TT 500 241.7  57.3 281.0 -03.4 1.17E-05 002.2 187.9  34.7 0.185970 0.304940 0.272178 hargrave 2021-04-30 15:27:44 
TT 520 241.2  57.0 280.6 -03.2 1.06E-05 003.5 187.6  34.3 0.186718 0.578141 0.221946 hargrave 2021-05-01 17:41:19 
TT 535 243.1  56.1 280.1 -04.5 9.63E-06 002.0 189.0  33.5 0.101648 0.285641 0.126091 hargrave 2021-05-03 09:19:19 
TT 550 237.7  55.2 278.2 -02.0 8.87E-06 002.1 185.5  32.3 0.107188 0.246357 0.183716 hargrave 2021-05-04 13:01:51 
TT 560 242.2  55.7 279.6 -04.2 8.07E-06 004.3 188.5  33.1 0.164736 0.545704 0.164642 hargrave 2021-05-06 16:25:57 
TT 570 237.3  56.3 279.2 -01.4 7.67E-06 002.9 185.1  33.4 0.061917 0.352492 0.122811 hargrave 2021-05-07 11:06:54 
TT 580 235.2  56.5 279.1 -00.3 7.13E-06 001.9 183.7  33.6 0.110281 0.082769 0.185347 hargrave 2021-05-08 12:29:57 
TT 590 237.7  55.6 278.6 -01.9 6.97E-06 002.4 185.5  32.8 0.105164 0.200687 0.175761 hargrave 2021-05-09 13:53:45 
TT 600 235.2  54.2 276.9 -00.9 6.19E-06 001.9 183.8  31.3 0.086854 0.054401 0.173948 hargrave 2021-05-10 14:37:39 
TT 610 234.0  52.7 275.2 -00.6 6.10E-06 002.5 183.1  29.7 0.072019 0.202610 0.157229 hargrave 2021-05-11 16:33:36 
TT 620 236.7  51.8 274.8 -02.4 5.93E-06 002.2 185.0  28.9 0.067218 0.139906 0.161842 hargrave 2021-05-12 18:53:56 
TT 630 236.3  52.5 275.4 -02.0 5.81E-06 003.4 184.7  29.6 0.080468 0.299927 0.140811 hargrave 2021-05-14 16:10:58 
TT 640 234.8  53.0 275.6 -01.0 5.52E-06 002.4 183.6  30.0 0.086448 0.178784 0.110022 hargrave 2021-05-15 13:54:45 
TT 650 234.9  53.3 276.0 -01.0 5.35E-06 002.8 183.7  30.4 0.080584 0.218617 0.104118 hargrave 2021-05-16 16:47:40 
TT 660 224.1  54.7 276.1  05.5 4.54E-06 006.6 176.3  31.8 0.078472 0.513561 0.097699 hargrave 2021-05-17 17:28:15 
TT 664 231.3  53.3 275.4  01.1 3.67E-06 004.7 181.2  30.3 0.071506 0.261687 0.117527 hargrave 2021-05-18 20:55:34 
TT 668 237.9  54.6 277.7 -02.3 3.61E-06 003.9 185.6  31.7 0.074108 0.213122 0.087328 hargrave 2021-05-20 09:44:09 
TT 672 239.3  53.0 276.5 -03.6 2.54E-06 003.9 186.7  30.3 0.056873 0.158698 0.039602 hargrave 2021-05-23 15:04:48 
TT 674 233.2  47.0 269.6 -01.6 2.04E-06 003.7 182.7  24.0 0.044401 0.098917 0.076753 hargrave 2021-05-24 17:24:37 
TT 676 220.5  53.9 275.1  07.5 1.40E-06 004.7 173.8  31.1 0.023182 0.096635 0.059301 hargrave 2021-05-25 17:12:35 
TT 678 267.0  47.5 280.9 -21.5 8.18E-07 003.9 207.6  28.0 0.033615 0.041347 0.031927 hargrave 2021-05-26 17:51:05 
TT 680 218.2  39.2 260.1  08.0 4.73E-07 007.0 170.8  16.5 0.007472 0.053796 0.020010 hargrave 2021-05-30 12:00:11 
TT 682 277.2  35.3 277.2 -35.4 2.14E-07 007.8 219.5  18.5 0.015463 0.024598 0.005668 hargrave 2021-05-31 13:08:32 
TT 684 306.6  34.4 305.6 -46.7 1.56E-07 007.7 244.0  26.6 0.017716 0.010978 0.001752 hargrave 2021-06-03 09:56:14 
TT 686 005.9  47.2 346.7 -16.4 2.99E-07 004.3 289.5  60.1 0.014419 0.017655 0.004087 hargrave 2021-06-04 11:22:57 
TT 688 002.5  25.0 005.9 -30.0 2.61E-07 003.6 301.2  39.1 0.007987 0.015903 0.005948 hargrave 2021-06-05 11:38:52 
TT 690 098.6 -15.0 077.2  49.7 2.55E-07 002.1 046.8  00.6 0.005150 0.006096 0.006191 hargrave 2021-06-06 10:34:10 
TT 692 020.7 -22.5 062.3 -22.4 2.10E-07 003.3 333.5 -02.0 0.006959 0.012667 0.007147 hargrave 2021-06-06 20:00:07 
TT 695 266.7  06.3 238.4 -42.9 2.04E-07 005.4 217.8 -12.1 0.008792 0.017023 0.004348 hargrave 2021-06-10 14:06:15 
