PF18- 43a sun compass orientation
  99.73 149.0  21.0 221.5  81.4  13.5
NRM    321.8  71.4 314.8 -09.7 1.79E-04 001.6 220.0  60.6 4.468998 4.030158 3.006014 hargrave 2021-04-06 19:09:39 
TT  50 318.2  72.4 313.5 -08.9 1.78E-04 002.4 217.0  60.4 9.049457 2.489963 3.826103 hargrave 2021-04-12 11:03:54 
TT 100 310.2  74.1 311.1 -07.3 1.69E-04 001.8 211.3  60.0 5.724033 1.710702 3.778439 hargrave 2021-04-13 12:16:37 
TT 150 306.6  69.8 309.8 -11.6 1.22E-04 001.8 214.8  56.0 4.266186 0.800147 2.848831 hargrave 2021-04-14 19:33:14 
TT 200 291.4  64.8 302.8 -15.1 8.01E-05 001.7 210.8  48.7 2.129148 0.794123 2.248911 hargrave 2021-04-16 13:19:22 
TT 250 281.2  62.0 297.3 -15.6 6.49E-05 002.5 206.2  44.4 2.794770 1.627882 2.017599 hargrave 2021-04-19 23:37:22 
TT 300 284.8  59.4 297.5 -18.8 5.62E-05 003.7 209.7  42.5 3.443784 2.829174 1.900079 hargrave 2021-04-21 13:50:24 
TT 325 280.4  58.9 295.2 -18.0 5.10E-05 003.4 207.1  41.3 2.805990 2.375233 1.768733 hargrave 2021-04-22 11:29:40 
TT 350 278.2  57.9 293.6 -18.2 4.27E-05 003.4 206.0  40.0 2.325546 1.948094 1.491395 hargrave 2021-04-23 09:21:22 
TT 375 277.1  55.6 291.7 -19.7 2.98E-05 002.1 206.1  37.6 0.999902 0.341348 1.043488 hargrave 2021-04-24 16:23:41 
TT 415 270.2  56.1 288.9 -16.9 2.57E-05 002.1 201.3  37.1 0.754147 0.391655 0.932493 hargrave 2021-04-25 15:25:50 
TT 450 280.7  54.5 292.8 -21.8 1.92E-05 002.7 209.1  37.2 0.796118 0.675584 0.654569 hargrave 2021-04-27 08:20:36 
TT 475 269.7  56.2 288.7 -16.6 1.77E-05 002.6 200.9  37.2 0.735162 0.496369 0.649535 hargrave 2021-04-29 10:53:09 
TT 500 269.3  55.8 288.3 -16.7 1.63E-05 003.4 200.7  36.8 0.730866 0.893223 0.619525 hargrave 2021-04-30 15:56:49 
TT 520 271.5  56.6 289.8 -17.0 1.48E-05 004.4 202.0  37.8 0.862570 1.175952 0.538123 hargrave 2021-05-01 18:09:37 
TT 535 271.6  56.1 289.5 -17.4 1.33E-05 003.3 202.2  37.4 0.584315 0.770664 0.355950 hargrave 2021-05-03 09:49:24 
TT 550 265.7  56.8 287.5 -14.6 1.28E-05 003.1 198.0  37.3 0.501962 0.623260 0.483965 hargrave 2021-05-04 13:32:36 
TT 560 271.1  56.6 289.6 -16.8 1.15E-05 001.6 201.7  37.8 0.209681 0.187072 0.330680 hargrave 2021-05-06 16:56:40 
TT 570 271.3  58.9 291.3 -15.2 9.75E-06 001.6 201.1  40.0 0.230267 0.081578 0.275642 hargrave 2021-05-07 11:37:11 
TT 580 264.8  57.0 287.4 -14.1 8.97E-06 003.0 197.4  37.4 0.060278 0.555183 0.299419 hargrave 2021-05-08 13:01:27 
TT 590 269.4  56.4 288.8 -16.3 7.80E-06 001.8 200.6  37.4 0.194813 0.128298 0.247393 hargrave 2021-05-09 14:24:50 
TT 600 273.1  57.8 291.3 -16.6 6.41E-06 001.6 202.7  39.2 0.131402 0.058305 0.207143 hargrave 2021-05-10 15:10:03 
TT 610 262.2  58.8 287.8 -11.9 5.70E-06 001.8 195.2  38.9 0.136226 0.051060 0.190796 hargrave 2021-05-11 17:05:23 
TT 620 252.8  54.0 280.8 -10.4 4.29E-06 004.2 189.7  33.4 0.140285 0.362400 0.176697 hargrave 2021-05-12 19:23:31 
TT 630 235.3  52.2 275.0 -01.5 3.42E-06 007.0 177.4  31.2 0.067089 0.540193 0.156625 hargrave 2021-05-14 16:42:35 
TT 640 267.8  51.0 284.1 -19.5 2.75E-06 004.5 200.9  31.9 0.131881 0.250744 0.070248 hargrave 2021-05-15 14:25:15 
TT 650 235.8  45.7 268.8 -03.6 3.41E-06 004.6 177.5  24.7 0.060423 0.348658 0.112260 hargrave 2021-05-16 17:16:34 
TT 660 216.4  62.9 284.1  10.0 2.08E-06 005.5 166.2  42.9 0.046666 0.125353 0.410693 hargrave 2021-05-17 17:58:25 
TT 664 219.2  53.8 274.9  08.3 2.36E-06 002.3 166.1  33.6 0.070545 0.050392 0.095966 hargrave 2021-05-18 21:25:24 
TT 668 255.4  66.2 291.9 -04.9 1.74E-06 004.3 189.4  45.7 0.088383 0.147172 0.045692 hargrave 2021-05-20 10:14:56 
TT 672 203.8  58.0 279.7  16.6 2.23E-06 004.1 156.6  39.6 0.035131 0.206462 0.065411 hargrave 2021-05-23 15:34:23 
TT 674 255.6  63.6 289.8 -06.5 1.61E-06 002.9 190.0  43.1 0.061008 0.071165 0.065871 hargrave 2021-05-24 17:54:11 
TT 676 203.0  59.2 281.1  16.8 1.88E-06 003.7 156.6  40.8 0.050155 0.146384 0.063386 hargrave 2021-05-25 17:43:54 
TT 678 240.7  45.4 269.6 -07.0 2.45E-06 004.0 181.3  24.4 0.054433 0.200410 0.102345 hargrave 2021-05-26 18:21:21 
TT 680 201.8  50.2 271.9  19.1 1.18E-06 005.9 152.8  32.3 0.032130 0.146584 0.072896 hargrave 2021-05-30 12:28:58 
TT 682 278.7  46.3 286.5 -27.8 5.71E-07 006.1 210.3  29.0 0.037198 0.071533 0.027842 hargrave 2021-05-31 13:37:44 
TT 684 226.2  36.7 258.4  01.4 1.60E-06 002.4 169.4  16.1 0.038569 0.039691 0.079128 hargrave 2021-06-03 10:24:37 
TT 686 272.3  48.0 284.0 -23.7 1.52E-06 003.2 205.0  29.5 0.057763 0.097819 0.039166 hargrave 2021-06-04 11:50:26 
TT 688 263.0  45.9 277.7 -20.4 9.24E-07 006.0 198.4  26.3 0.060353 0.114897 0.025470 hargrave 2021-06-05 12:07:12 
TT 690 157.4  40.6 280.1  50.6 6.18E-07 003.9 114.1  34.6 0.039034 0.050166 0.004639 hargrave 2021-06-06 11:01:41 
TT 692 356.6 -07.1 042.9 -45.3 5.93E-07 003.7 298.3  02.8 0.056930 0.016849 0.017790 hargrave 2021-06-06 20:27:22 
TT 695 244.7  34.2 260.0 -13.8 4.87E-07 005.2 184.8  13.3 0.012793 0.058116 0.016813 hargrave 2021-06-10 14:35:23 
