PF18- 132a mag compass orientation (IGRF corrected)
 140.68 326.6  22.0 218.9  81.9  13.4
NRM    236.9  57.5 278.2 -02.6 5.13E-05 001.0 000.9  79.5 1.101004 0.435484 0.284552 hargrave 2021-04-09 19:02:43 
TT  50 236.0  57.4 277.9 -02.2 5.11E-05 001.0 358.3  79.4 1.127956 0.467694 0.273161 hargrave 2021-04-10 17:45:31 
TT 100 235.9  55.8 276.3 -02.7 4.87E-05 001.0 358.2  77.8 1.032920 0.269372 0.327917 hargrave 2021-04-12 14:14:50 
TT 150 233.6  50.4 270.8 -03.0 4.27E-05 001.0 353.7  72.3 0.744138 0.527180 0.440201 hargrave 2021-04-14 15:02:22 
TT 200 233.2  50.0 270.4 -02.8 4.23E-05 000.9 352.9  72.0 0.824977 0.220951 0.315652 hargrave 2021-04-15 12:58:11 
TT 250 231.9  45.7 265.9 -03.1 3.75E-05 001.0 351.3  67.5 0.552502 0.575147 0.443747 hargrave 2021-04-16 17:52:46 
TT 300 231.4  44.4 264.6 -03.1 3.43E-05 000.8 350.8  66.3 0.517427 0.167715 0.381942 hargrave 2021-04-18 20:52:20 
TT 325 230.3  44.1 264.1 -02.4 3.22E-05 001.8 348.8  65.9 0.871943 0.996280 0.388672 hargrave 2021-04-21 17:05:45 
TT 350 230.4  43.8 263.8 -02.6 2.92E-05 001.6 349.2  65.6 0.722657 0.702991 0.358836 hargrave 2021-04-22 15:05:36 
TT 375 036.1 -64.1 102.8 -08.5 3.11E-10 067.6 105.3 -79.5 0.001145 0.000954 0.000388 hargrave 2021-04-23 16:18:42 
TT 375 230.1  42.7 262.7 -02.6 1.16E-05 075.7 348.9  64.5 7.023358 1.384552 14.99502 hargrave 2021-04-24 12:41:33 
TT 375 229.1  42.5 262.3 -02.0 2.31E-05 001.9 347.3  64.2 0.524761 0.866247 0.241333 hargrave 2021-04-24 12:51:53 
TT 415 228.2  41.8 261.5 -01.5 1.95E-05 000.7 345.9  63.4 0.115509 0.222644 0.193234 hargrave 2021-04-25 19:20:25 
TT 450 228.2  40.9 260.7 -01.7 1.77E-05 001.4 346.2  62.6 0.351431 0.421207 0.166705 hargrave 2021-04-28 08:58:29 
TT 475 228.7  40.9 260.7 -02.0 1.67E-05 000.8 347.0  62.6 0.250789 0.074058 0.224904 hargrave 2021-04-30 10:56:40 
TT 500 229.8  40.7 260.7 -02.8 1.60E-05 000.6 348.7  62.5 0.126744 0.116802 0.140494 hargrave 2021-05-01 13:06:37 
TT 520 229.4  40.9 260.9 -02.5 1.51E-05 000.7 348.0  62.7 0.164041 0.093944 0.159428 hargrave 2021-05-02 11:56:47 
TT 535 227.8  39.6 259.3 -01.6 1.40E-05 000.4 345.8  61.2 0.080037 0.092307 0.079367 hargrave 2021-05-03 12:53:42 
TT 550 229.8  40.5 260.5 -02.9 1.30E-05 001.8 348.9  62.3 0.212915 0.498087 0.105755 hargrave 2021-05-05 11:43:01 
TT 560 231.1  37.2 257.6 -04.7 1.18E-05 000.6 351.5  59.1 0.054085 0.159109 0.080417 hargrave 2021-05-06 08:45:57 
TT 570 229.2  40.9 260.8 -02.4 9.89E-06 000.6 347.8  62.6 0.071023 0.119966 0.046600 hargrave 2021-05-07 14:40:32 
TT 580 226.4  40.4 259.8 -00.4 6.41E-06 000.9 343.3  61.8 0.065475 0.114591 0.039413 hargrave 2021-05-09 09:23:34 
TT 590 228.7  37.4 257.3 -02.8 2.87E-06 057.9 347.8  59.1 2.066358 0.448611 3.529815 hargrave 2021-05-10 10:14:54 
TT 590 232.7  36.6 257.3 -06.0 5.76E-06 001.9 354.0  58.5 0.054320 0.245305 0.047795 hargrave 2021-05-10 11:24:38 
TT 600 218.3  39.2 257.8  05.6 5.24E-06 002.2 331.3  59.5 0.180109 0.204366 0.031072 hargrave 2021-05-11 12:42:54 
TT 610 233.3  41.8 262.4 -05.2 4.57E-06 000.7 354.4  63.7 0.062200 0.042508 0.025105 hargrave 2021-05-12 13:44:43 
TT 620 217.5  27.7 246.2  05.0 4.43E-06 001.6 334.2  48.1 0.126798 0.119994 0.033220 hargrave 2021-05-13 17:34:38 
TT 630 215.2  43.3 261.7  08.2 3.54E-06 001.4 324.5  62.9 0.078183 0.072805 0.061698 hargrave 2021-05-15 17:29:16 
TT 640 213.6  26.2 244.4  08.3 4.06E-06 002.5 329.8  46.0 0.177009 0.139538 0.073185 hargrave 2021-05-17 08:56:46 
TT 650 213.7  31.3 249.5  08.7 3.95E-06 002.3 328.1  51.0 0.175933 0.090236 0.086146 hargrave 2021-05-18 11:06:25 
TT 660 235.1  46.7 267.5 -05.0 2.64E-06 001.4 357.2  68.7 0.056829 0.061109 0.039190 hargrave 2021-05-19 10:42:13 
TT 664 209.9  39.9 258.1  12.0 3.38E-06 003.8 319.0  58.4 0.232673 0.184540 0.033078 hargrave 2021-05-20 18:31:05 
TT 668 235.0  49.5 270.2 -04.1 2.59E-06 002.6 356.7  71.5 0.127649 0.085399 0.044553 hargrave 2021-05-22 09:23:58 
TT 672 241.2  35.8 258.6 -12.8 2.90E-06 001.9 006.9  57.7 0.100884 0.065714 0.043290 hargrave 2021-05-24 09:24:06 
TT 674 240.2  46.0 268.0 -08.5 2.53E-06 002.0 006.7  67.9 0.090925 0.053795 0.062616 hargrave 2021-05-25 08:57:07 
TT 676 210.0  46.7 265.1  12.0 2.33E-06 002.5 313.9  64.8 0.130212 0.035350 0.035561 hargrave 2021-05-26 08:55:25 
TT 678 241.3  45.8 268.1 -09.3 2.08E-06 001.3 008.7  67.7 0.065997 0.038219 0.028279 hargrave 2021-05-29 11:17:26 
TT 680 239.3  49.7 271.3 -06.6 2.03E-06 002.1 005.5  71.7 0.103191 0.043550 0.020142 hargrave 2021-05-31 08:58:54 
TT 682 213.9  55.0 273.4  09.5 1.15E-06 001.9 309.8  73.2 0.041704 0.046735 0.036269 hargrave 2021-06-02 13:00:48 
TT 696 175.7  59.3 284.0  27.9 7.50E-07 005.9 258.4  62.9 0.086326 0.065443 0.013267 hargrave 2021-06-03 14:35:25 
