PF18- 156a mag compass orientation (IGRF corrected)
 155.55 149.6  28.0 222.8  83.0  13.7
NRM    324.9  55.9 320.3 -26.3 6.92E-05 003.0 232.5  45.2 2.521117 3.878341 1.825244 hargrave 2021-04-09 19:44:55 
TT  50 320.8  57.4 317.6 -25.3 6.90E-05 001.7 228.7  44.8 0.821077 1.793135 1.909898 hargrave 2021-04-10 18:20:09 
TT 100 315.3  57.4 314.3 -25.6 6.58E-05 002.3 225.5  42.9 2.910080 0.735594 1.923120 hargrave 2021-04-12 14:48:59 
TT 150 297.1  55.3 302.9 -26.4 5.56E-05 002.7 216.2  35.6 2.533176 1.902164 1.765268 hargrave 2021-04-14 15:45:33 
TT 200 298.8  54.0 303.5 -27.9 5.48E-05 002.1 218.0  34.9 0.360187 2.036705 1.927809 hargrave 2021-04-15 13:41:57 
TT 250 288.1  47.1 293.3 -31.6 4.65E-05 002.2 214.4  25.8 1.496922 1.050264 1.649235 hargrave 2021-04-16 18:27:46 
TT 300 283.1  45.5 288.9 -31.1 4.06E-05 001.6 211.6  23.1 0.221075 0.595567 1.483447 hargrave 2021-04-18 21:36:16 
TT 325 281.1  44.8 287.1 -30.9 3.86E-05 005.7 210.5  21.9 2.942537 4.123766 1.488442 hargrave 2021-04-21 18:13:07 
TT 350 277.8  44.5 284.7 -29.6 3.55E-05 003.0 208.1  20.8 1.366114 1.681504 1.305130 hargrave 2021-04-22 15:46:31 
TT 375 281.0  41.5 284.6 -33.4 2.59E-05 001.8 211.5  18.8 0.484322 0.328999 0.944732 hargrave 2021-04-23 17:01:34 
TT 415 272.1  42.4 279.7 -28.3 2.02E-05 001.8 204.6  17.7 0.326045 0.278129 0.786251 hargrave 2021-04-25 20:03:55 
TT 450 269.2  43.3 278.8 -26.1 1.81E-05 001.6 202.2  17.9 0.108795 0.273680 0.642921 hargrave 2021-04-28 09:36:46 
TT 475 270.0  42.8 278.8 -26.8 1.59E-05 002.0 202.9  17.6 0.351804 0.327362 0.592988 hargrave 2021-04-30 11:41:56 
TT 500 270.7  42.5 278.9 -27.4 1.46E-05 002.8 203.5  17.4 0.478460 0.672171 0.519588 hargrave 2021-05-01 13:48:33 
TT 520 267.4  42.3 277.0 -25.7 1.34E-05 001.6 201.1  16.7 0.157299 0.115553 0.488693 hargrave 2021-05-02 12:39:48 
TT 535 267.3  41.5 276.2 -26.1 1.16E-05 001.9 201.2  15.8 0.071791 0.360515 0.385623 hargrave 2021-05-03 13:38:08 
TT 550 268.7  41.6 277.1 -26.9 1.05E-05 003.9 202.3  16.2 0.448005 0.779438 0.410593 hargrave 2021-05-05 12:26:54 
TT 560 269.0  40.3 276.2 -27.8 9.72E-06 002.2 202.8  15.1 0.059818 0.372001 0.362098 hargrave 2021-05-06 09:28:11 
TT 570 267.8  42.8 277.7 -25.6 9.10E-06 001.8 201.3  17.3 0.045116 0.171044 0.357133 hargrave 2021-05-07 15:23:25 
TT 580 267.5  40.7 275.7 -26.7 7.20E-06 003.4 201.6  15.2 0.262322 0.448848 0.274321 hargrave 2021-05-09 10:07:27 
TT 590 260.7  40.0 271.8 -22.8 6.30E-06 003.4 196.4  13.5 0.179537 0.417619 0.241686 hargrave 2021-05-10 10:58:49 
TT 600 264.1  43.8 276.7 -22.9 4.43E-06 002.3 198.3  17.6 0.116063 0.153813 0.161160 hargrave 2021-05-11 13:25:54 
TT 610 254.3  38.1 267.5 -19.4 3.99E-06 004.0 191.7  10.8 0.104473 0.341515 0.139323 hargrave 2021-05-12 14:23:41 
TT 620 271.0  34.5 272.1 -32.7 3.76E-06 008.2 205.8  09.8 0.308880 0.667439 0.119864 hargrave 2021-05-13 18:15:50 
TT 630 270.6  37.6 274.6 -30.5 2.70E-06 002.5 204.7  12.7 0.081626 0.118769 0.096672 hargrave 2021-05-15 18:09:48 
TT 640 266.0  41.4 275.6 -25.4 1.83E-06 002.3 200.3  15.6 0.038639 0.046820 0.086512 hargrave 2021-05-17 09:39:11 
TT 650 248.3  35.0 262.5 -16.2 2.74E-06 002.8 187.2  07.3 0.033401 0.154847 0.098916 hargrave 2021-05-18 11:50:27 
TT 660 280.6  29.8 274.4 -42.0 1.52E-06 004.6 215.1  07.5 0.100661 0.121749 0.063313 hargrave 2021-05-19 11:24:32 
TT 664 230.4  43.3 266.7 -00.7 1.46E-06 003.0 173.1  15.6 0.036769 0.097243 0.033804 hargrave 2021-05-20 19:14:03 
TT 668 221.2  40.6 263.1  05.8 1.84E-06 002.7 165.7  13.7 0.041352 0.106987 0.057078 hargrave 2021-05-22 10:04:35 
TT 672 236.4  53.9 277.8 -02.2 1.12E-06 004.3 177.9  25.9 0.047372 0.107095 0.028326 hargrave 2021-05-24 10:03:00 
TT 674 266.2  31.2 266.1 -31.3 1.51E-06 005.7 202.6  05.7 0.092741 0.176894 0.057194 hargrave 2021-05-25 09:38:35 
TT 676 226.8  36.1 259.1  00.9 1.37E-06 004.7 169.5  08.7 0.034057 0.153221 0.042524 hargrave 2021-05-26 09:40:19 
TT 678 231.1  24.8 248.6 -04.5 1.44E-06 004.9 172.3 -02.9 0.031509 0.163469 0.050343 hargrave 2021-05-29 11:56:17 
TT 680 222.2  38.3 260.8  04.8 1.10E-06 003.9 166.1  11.2 0.028480 0.099770 0.037326 hargrave 2021-05-31 09:41:03 
TT 682 230.0  35.0 258.4 -01.8 1.07E-06 005.7 172.1  07.3 0.025465 0.138922 0.045095 hargrave 2021-06-02 13:42:13 
TT 696 268.5  17.4 252.5 -39.9 7.77E-07 005.7 207.7 -07.3 0.038801 0.093204 0.037972 hargrave 2021-06-03 15:15:01 
