PF18- 22a mag compass orientation (IGRF corrected)
 103.41 122.6  19.0 221.5  81.4   8.0
NRM    257.7  72.1 297.1 -02.2 9.31E-05 001.8 203.0  56.0 0.338626 2.116661 0.835819 hargrave 2021-04-06 18:39:35 
TT  50 255.9  71.9 296.6 -01.8 9.29E-05 001.1 202.2  55.6 0.270583 1.169017 0.833603 hargrave 2021-04-12 10:25:37 
TT 100 256.6  70.8 295.9 -02.6 8.78E-05 001.1 203.2  54.7 0.827240 0.719949 0.906947 hargrave 2021-04-13 11:39:56 
TT 150 244.7  65.1 288.7 -01.7 7.07E-05 002.0 199.5  47.8 0.437898 1.857502 0.698294 hargrave 2021-04-14 19:01:10 
TT 200 247.6  61.7 286.2 -04.3 6.42E-05 001.7 202.6  44.9 0.506097 1.316144 0.662161 hargrave 2021-04-16 12:45:27 
TT 250 241.6  61.5 284.9 -01.8 3.00E-05 024.8 198.8  44.0 17.44382 5.927426 17.81983 hargrave 2021-04-19 23:06:58 
TT 250 243.5  60.4 284.2 -03.0 5.99E-05 002.5 200.3  43.2 0.429711 2.016350 0.548338 hargrave 2021-04-20 09:43:18 
TT 300 245.6  59.1 283.5 -04.5 4.92E-05 002.3 202.2  42.2 0.454707 1.460701 0.391991 hargrave 2021-04-21 13:11:19 
TT 325 238.5  59.4 282.4 -01.1 4.46E-05 001.1 197.3  41.7 0.146138 0.639951 0.267205 hargrave 2021-04-22 10:51:52 
TT 350 247.7  58.0 282.9 -06.0 4.03E-05 000.7 203.9  41.3 0.167268 0.266260 0.254810 hargrave 2021-04-23 08:43:49 
TT 375 243.0  58.1 282.0 -03.7 3.58E-05 001.6 200.7  40.8 0.250143 0.757837 0.209064 hargrave 2021-04-24 15:41:54 
TT 415 246.3  57.1 281.8 -05.7 3.24E-05 000.5 203.3  40.3 0.073392 0.079505 0.231039 hargrave 2021-04-25 14:33:11 
TT 450 223.9  58.7 280.1  06.1 2.79E-05 007.9 187.7  40.0 0.468311 3.080700 0.185493 hargrave 2021-04-26 21:09:05 
TT 475 242.1  57.2 281.0 -03.6 2.63E-05 001.2 200.4  39.9 0.163738 0.367307 0.165267 hargrave 2021-04-29 10:14:56 
TT 500 243.6  56.4 280.6 -04.7 2.47E-05 002.7 201.6  39.3 0.316617 0.844037 0.181837 hargrave 2021-04-30 15:20:23 
TT 520 236.2  57.5 280.2 -00.5 2.30E-05 001.4 196.2  39.6 0.177165 0.398260 0.141473 hargrave 2021-05-01 17:33:02 
TT 535 240.9  56.8 280.4 -03.1 2.11E-05 001.5 199.6  39.4 0.196035 0.384541 0.131122 hargrave 2021-05-03 09:11:05 
TT 550 237.5  56.4 279.3 -01.5 1.96E-05 001.5 197.3  38.6 0.108090 0.385284 0.102067 hargrave 2021-05-04 12:54:30 
TT 560 240.5  56.7 280.2 -03.0 1.76E-05 001.7 199.4  39.2 0.167993 0.362078 0.126922 hargrave 2021-05-06 16:17:43 
TT 570 238.2  57.3 280.4 -01.6 1.46E-05 001.0 197.7  39.6 0.063735 0.166277 0.088889 hargrave 2021-05-07 10:59:24 
TT 580 236.4  57.6 280.3 -00.6 1.35E-05 000.8 196.3  39.7 0.081481 0.107797 0.084260 hargrave 2021-05-08 12:21:43 
TT 590 240.6  57.7 281.1 -02.7 1.24E-05 000.6 199.2  40.2 0.059564 0.053003 0.069204 hargrave 2021-05-09 13:44:39 
TT 600 235.3  57.2 279.8 -00.1 1.13E-05 001.1 195.6  39.2 0.071464 0.152050 0.074515 hargrave 2021-05-10 14:30:04 
TT 610 231.8  54.5 276.7  01.1 1.09E-05 000.6 193.7  36.3 0.042687 0.056486 0.065736 hargrave 2021-05-11 16:26:10 
TT 620 233.7  53.2 275.7 -00.3 1.03E-05 000.8 195.3  35.1 0.042425 0.090216 0.072201 hargrave 2021-05-12 18:44:54 
TT 630 227.4  55.4 277.0  03.7 9.94E-06 000.6 190.4  36.8 0.044549 0.066292 0.062053 hargrave 2021-05-14 16:02:43 
TT 640 236.5  51.7 274.7 -02.4 9.68E-06 001.6 197.6  33.8 0.051991 0.203923 0.057363 hargrave 2021-05-15 13:47:11 
TT 650 231.3  54.7 276.8  01.4 9.33E-06 002.9 193.3  36.4 0.084456 0.367287 0.053751 hargrave 2021-05-16 16:40:08 
TT 660 236.3  54.8 277.6 -01.3 8.58E-06 001.1 196.8  36.9 0.043816 0.120352 0.047565 hargrave 2021-05-17 17:20:48 
TT 664 238.7  54.5 277.7 -02.8 8.14E-06 002.0 198.7  36.8 0.085323 0.207156 0.044493 hargrave 2021-05-18 20:48:12 
TT 668 230.9  55.4 277.4  01.8 7.48E-06 000.6 192.9  37.1 0.031624 0.051650 0.036807 hargrave 2021-05-20 09:36:44 
TT 672 237.7  54.3 277.4 -02.3 6.10E-06 000.8 197.9  36.6 0.036698 0.049960 0.035653 hargrave 2021-05-23 14:57:17 
TT 674 232.6  54.7 276.9  00.7 5.56E-06 000.8 194.2  36.5 0.037496 0.051197 0.029548 hargrave 2021-05-24 17:16:19 
TT 676 229.9  54.7 276.6  02.2 5.23E-06 001.8 192.3  36.3 0.026990 0.125774 0.028681 hargrave 2021-05-25 17:03:25 
TT 678 239.8  56.2 279.6 -02.8 3.66E-06 001.6 199.0  38.6 0.039263 0.077824 0.017251 hargrave 2021-05-26 17:42:54 
TT 680 229.8  51.5 273.4  01.6 2.91E-06 001.8 192.7  33.1 0.036425 0.067892 0.019048 hargrave 2021-05-30 11:51:49 
TT 682 225.7  51.7 273.2  04.2 2.29E-06 002.3 189.6  33.0 0.031862 0.067873 0.018874 hargrave 2021-05-31 13:01:08 
TT 684 247.5  43.3 269.4 -12.3 1.38E-06 003.3 207.8  27.0 0.028112 0.059512 0.008116 hargrave 2021-06-03 09:48:51 
TT 686 243.7  45.2 270.2 -09.0 9.81E-07 001.7 204.4  28.4 0.013683 0.021395 0.007048 hargrave 2021-06-04 11:15:35 
TT 688 270.8  33.4 271.0 -32.9 3.23E-07 001.6 230.0  22.1 0.005663 0.006533 0.002768 hargrave 2021-06-05 11:31:30 
TT 690 171.1  40.7 270.5  42.5 2.90E-07 001.7 146.2  25.5 0.009378 0.006537 0.002176 hargrave 2021-06-06 10:26:48 
TT 692 031.3  12.5 027.5 -08.0 2.35E-07 003.3 358.5  31.5 0.004733 0.009811 0.003160 hargrave 2021-06-06 19:52:49 
TT 695 177.5  53.0 280.7  32.2 3.10E-07 017.4 154.5  36.5 0.029716 0.072016 0.002896 hargrave 2021-06-10 13:58:53 
