PF18- 146a mag compass orientation (IGRF corrected)
 148.95  46.6  12.0 222.8  83.0  10.3
NRM    252.0  61.3 287.8 -07.2 5.93E-05 001.5 272.5  64.2 1.518224 0.357810 0.255720 hargrave 2021-04-09 19:26:31 
TT  50 251.8  60.9 287.4 -07.3 5.88E-05 001.3 272.7  63.9 1.304118 0.420999 0.271588 hargrave 2021-04-10 18:06:06 
TT 100 251.5  61.1 287.5 -07.1 5.87E-05 001.6 272.3  64.0 1.672519 0.376905 0.297577 hargrave 2021-04-12 14:34:05 
TT 150 248.9  61.0 286.9 -06.0 5.69E-05 001.3 269.7  63.4 1.276569 0.342052 0.282245 hargrave 2021-04-14 15:27:52 
TT 200 248.3  61.0 286.7 -05.8 5.65E-05 000.9 269.2  63.3 0.839556 0.276998 0.235624 hargrave 2021-04-15 13:22:14 
TT 250 239.2  55.9 280.2 -03.2 4.64E-05 000.9 264.5  56.7 0.636943 0.248512 0.227518 hargrave 2021-04-16 18:12:28 
TT 300 234.4  54.2 277.8 -01.0 4.24E-05 000.6 261.1  54.1 0.318994 0.205488 0.217894 hargrave 2021-04-18 21:16:53 
TT 325 235.2  52.3 276.1 -01.9 4.05E-05 000.7 262.9  52.5 0.381347 0.327446 0.212146 hargrave 2021-04-21 17:55:33 
TT 350 231.7  52.1 275.4  00.1 3.74E-05 001.3 259.8  51.6 0.782118 0.268794 0.193939 hargrave 2021-04-22 15:28:47 
TT 375 224.8  52.4 275.1  04.3 3.25E-05 000.9 253.2  50.5 0.500861 0.163773 0.166357 hargrave 2021-04-23 16:42:45 
TT 415 226.3  49.4 272.3  03.0 2.68E-05 001.2 256.1  47.9 0.526986 0.231581 0.149855 hargrave 2021-04-25 19:46:00 
TT 450 220.9  48.5 271.0  06.5 2.41E-05 002.5 251.6  46.0 1.009141 0.363089 0.147986 hargrave 2021-04-28 09:18:55 
TT 475 222.0  47.5 270.0  05.7 2.18E-05 002.1 253.0  45.2 0.773406 0.245256 0.131513 hargrave 2021-04-30 11:23:09 
TT 500 216.4  46.6 269.0  09.4 1.94E-05 000.5 248.3  43.2 0.117639 0.073919 0.113349 hargrave 2021-05-01 13:30:12 
TT 520 213.4  45.0 267.4  11.6 1.80E-05 000.7 246.1  41.1 0.170120 0.081883 0.110505 hargrave 2021-05-02 12:20:52 
TT 535 211.6  45.3 267.8  12.9 1.73E-05 001.9 244.3  41.1 0.514024 0.261822 0.139069 hargrave 2021-05-03 13:18:32 
TT 550 211.2  45.2 267.7  13.1 1.62E-05 001.5 244.1  41.0 0.402789 0.162589 0.122441 hargrave 2021-05-05 12:07:38 
TT 560 206.0  43.4 266.1  17.0 1.46E-05 001.9 240.0  38.2 0.423587 0.225840 0.132498 hargrave 2021-05-06 09:09:46 
TT 570 208.7  44.4 267.0  14.9 1.45E-05 001.9 242.1  39.7 0.427256 0.235865 0.133182 hargrave 2021-05-07 15:05:03 
TT 580 206.1  48.7 271.6  16.2 1.41E-05 001.7 238.3  43.4 0.307898 0.264964 0.117539 hargrave 2021-05-09 09:47:54 
TT 590 199.3  38.9 262.2  22.6 1.16E-05 001.7 235.2  32.7 0.272800 0.171767 0.128544 hargrave 2021-05-10 10:39:34 
TT 600 200.3  43.4 266.8  21.0 1.12E-05 003.0 234.9  37.3 0.488362 0.335207 0.121108 hargrave 2021-05-11 13:07:30 
TT 610 190.8  43.4 268.6  27.8 1.13E-05 001.4 226.6  35.7 0.160968 0.186710 0.145149 hargrave 2021-05-12 14:06:53 
TT 620 192.3  36.9 261.2  28.4 9.81E-06 002.2 229.5  29.6 0.295793 0.216217 0.141894 hargrave 2021-05-13 17:58:18 
TT 630 188.4  36.6 261.8  31.5 9.29E-06 001.0 226.0  28.7 0.077031 0.110800 0.089774 hargrave 2021-05-16 13:55:15 
TT 640 193.4  34.3 258.1  28.1 9.07E-06 003.4 231.0  27.2 0.452262 0.308016 0.082972 hargrave 2021-05-17 09:20:42 
TT 650 185.4  37.4 263.6  33.6 8.12E-06 000.9 223.1  29.0 0.069185 0.076464 0.077340 hargrave 2021-05-18 11:30:18 
TT 660 192.7  35.7 259.8  28.4 7.70E-06 000.9 230.1  28.4 0.076066 0.090690 0.067372 hargrave 2021-05-19 11:06:05 
TT 664 188.2  33.4 258.3  32.5 7.68E-06 001.6 226.5  25.5 0.146209 0.127934 0.112289 hargrave 2021-05-20 18:55:41 
TT 668 186.4  32.4 257.5  34.2 7.18E-06 004.0 225.0  24.3 0.384813 0.337474 0.085120 hargrave 2021-05-22 09:47:48 
TT 672 184.2  36.2 262.6  34.8 6.46E-06 001.5 222.3  27.7 0.112583 0.133048 0.045304 hargrave 2021-05-24 09:46:14 
TT 674 186.7  36.1 261.7  33.0 5.58E-06 002.1 224.6  27.9 0.157757 0.146113 0.039332 hargrave 2021-05-25 09:20:59 
TT 676 185.7  32.5 257.8  34.8 5.12E-06 002.5 224.4  24.2 0.162536 0.159751 0.035707 hargrave 2021-05-26 09:23:29 
TT 678 182.3  35.4 262.3  36.6 3.12E-06 003.5 220.7  26.6 0.129307 0.152035 0.023117 hargrave 2021-05-29 11:39:32 
TT 680 196.4  34.0 257.3  25.7 2.08E-06 001.8 233.8  27.4 0.056454 0.046853 0.018359 hargrave 2021-05-31 09:22:39 
TT 682 191.4  35.5 259.9  29.4 1.06E-06 001.5 228.9  28.1 0.016055 0.029590 0.008510 hargrave 2021-06-02 13:23:48 
TT 696 155.3  21.7 259.1  63.8 6.86E-07 006.0 197.7  10.3 0.024426 0.070791 0.009579 hargrave 2021-06-03 14:58:17 
