PF18- 152a mag compass orientation (IGRF corrected)
 152.67  45.6  27.0 222.8  83.0  11.8
NRM    248.7  68.4 293.5 -02.6 3.08E-05 001.6 229.1  63.4 0.819618 0.443241 0.443711 hargrave 2021-04-09 19:38:44 
TT  50 247.9  68.2 293.1 -02.5 3.07E-05 001.7 229.3  63.0 0.945661 0.319950 0.419071 hargrave 2021-04-10 18:15:07 
TT 100 248.3  68.8 293.7 -02.4 2.98E-05 001.7 228.2  63.4 0.270384 0.901530 0.408179 hargrave 2021-04-12 14:43:49 
TT 150 251.2  66.2 292.0 -04.5 2.75E-05 001.5 234.4  63.4 0.137362 0.766574 0.311067 hargrave 2021-04-14 15:39:20 
TT 200 253.0  64.6 290.9 -06.0 2.71E-05 002.0 238.4  63.4 1.038162 0.197348 0.400673 hargrave 2021-04-15 13:35:18 
TT 250 260.1  59.1 288.1 -11.8 2.39E-05 002.1 252.9  63.7 0.935142 0.269010 0.281126 hargrave 2021-04-16 18:22:21 
TT 300 263.2  56.5 287.1 -14.7 2.17E-05 001.2 259.9  63.6 0.385839 0.306801 0.227292 hargrave 2021-04-18 21:29:42 
TT 325 262.5  56.5 286.8 -14.3 2.09E-05 001.8 259.2  63.3 0.707709 0.272382 0.224397 hargrave 2021-04-21 18:06:56 
TT 350 263.2  55.2 286.0 -15.5 1.96E-05 002.7 262.1  62.8 1.022302 0.265283 0.201536 hargrave 2021-04-22 15:40:18 
TT 375 265.7  51.0 283.6 -19.3 1.55E-05 000.9 270.9  61.2 0.079090 0.231660 0.132436 hargrave 2021-04-23 16:54:59 
TT 415 265.6  50.1 282.8 -19.8 1.21E-05 001.7 272.2  60.5 0.364872 0.182428 0.121668 hargrave 2021-04-25 19:57:21 
TT 450 263.7  51.4 283.1 -18.0 1.08E-05 001.5 268.6  60.6 0.200762 0.248585 0.103809 hargrave 2021-04-28 09:29:10 
TT 475 266.0  50.1 283.0 -20.0 9.67E-06 001.6 272.6  60.7 0.253583 0.181292 0.094098 hargrave 2021-04-30 11:35:21 
TT 500 258.7  54.8 284.1 -13.7 8.96E-06 004.1 259.4  60.6 0.719229 0.246029 0.063909 hargrave 2021-05-01 13:41:43 
TT 520 263.0  50.7 282.2 -18.2 8.26E-06 002.0 269.1  59.8 0.304546 0.125448 0.065060 hargrave 2021-05-02 12:33:02 
TT 535 263.2  50.2 281.8 -18.5 7.33E-06 001.6 269.9  59.5 0.214967 0.095688 0.068274 hargrave 2021-05-03 13:31:32 
TT 550 263.4  51.4 283.0 -17.9 6.96E-06 001.2 268.4  60.5 0.104560 0.119883 0.065523 hargrave 2021-05-05 12:20:42 
TT 560 263.5  50.5 282.3 -18.5 6.20E-06 002.8 269.7  59.9 0.340152 0.109899 0.046864 hargrave 2021-05-06 09:21:59 
TT 570 265.6  50.1 282.8 -19.8 5.53E-06 000.9 272.2  60.6 0.030995 0.076739 0.053213 hargrave 2021-05-07 15:17:14 
TT 580 261.6  52.2 282.9 -16.6 4.26E-06 001.4 265.6  60.2 0.095061 0.062436 0.046510 hargrave 2021-05-09 10:00:56 
TT 590 257.1  52.1 281.2 -14.3 3.12E-06 002.8 262.1  58.1 0.174721 0.023056 0.029732 hargrave 2021-05-10 10:52:36 
TT 600 266.9  51.2 284.2 -19.7 2.52E-06 000.9 271.7  61.9 0.039216 0.021452 0.027490 hargrave 2021-05-11 13:19:42 
TT 610 253.7  55.4 283.1 -10.9 2.13E-06 002.4 254.9  58.8 0.100966 0.033541 0.026767 hargrave 2021-05-12 14:17:30 
TT 620 236.4  40.6 264.9 -05.6 1.91E-06 002.8 257.2  40.1 0.105577 0.040190 0.031904 hargrave 2021-05-13 18:09:39 
TT 630 262.4  68.6 296.4 -06.7 1.18E-06 002.4 231.9  68.3 0.043161 0.040415 0.008434 hargrave 2021-05-15 18:03:37 
TT 640 242.7  28.8 254.8 -13.8 1.64E-06 002.7 270.8  33.1 0.089981 0.023746 0.021706 hargrave 2021-05-17 09:32:57 
TT 650 236.9  65.9 289.4  00.7 9.21E-07 002.0 229.5  58.2 0.024506 0.031206 0.017009 hargrave 2021-05-18 11:43:24 
TT 660 253.6  15.7 244.5 -27.1 1.27E-06 004.1 288.2  26.5 0.110985 0.022602 0.017017 hargrave 2021-05-19 11:18:19 
TT 664 308.7  72.4 311.5 -10.6 8.26E-07 002.8 192.5  80.3 0.020807 0.042436 0.009685 hargrave 2021-05-20 19:07:52 
TT 668 260.8  69.5 296.7 -05.8 7.34E-07 003.9 229.5  67.8 0.049418 0.033419 0.005174 hargrave 2021-05-22 09:58:23 
TT 672 218.4  52.3 274.8  08.2 1.17E-06 002.0 234.8  42.1 0.041182 0.021231 0.020231 hargrave 2021-05-24 09:56:50 
TT 674 248.1  16.4 243.6 -21.9 1.15E-06 003.2 282.7  24.7 0.075014 0.021050 0.010141 hargrave 2021-05-25 09:32:23 
TT 676 133.4  74.1 312.6  22.9 5.28E-07 005.0 179.1  47.2 0.029991 0.051583 0.006024 hargrave 2021-05-26 09:34:07 
TT 678 213.1  31.1 253.2  11.9 8.89E-07 005.1 244.5  22.1 0.075208 0.057767 0.026120 hargrave 2021-05-29 11:50:07 
TT 680 184.0  63.6 290.7  22.7 5.87E-07 004.9 206.4  41.6 0.038272 0.043822 0.013674 hargrave 2021-05-31 09:34:03 
TT 682 184.7  42.5 269.4  32.3 6.85E-07 005.2 217.1  22.5 0.039013 0.066034 0.022935 hargrave 2021-06-02 13:35:12 
TT 696 222.4  20.8 243.4  02.8 8.28E-07 005.9 257.5  17.0 0.091074 0.053295 0.027401 hargrave 2021-06-03 15:08:52 
