PF18- 78a sun compass orientation
 117.33 306.3  27.0 218.9  81.9  14.3
NRM    319.0  76.4 311.3 -05.3 1.41E-04 001.8 154.8  57.4 4.976330 1.370428 3.672552 hargrave 2021-04-08 14:09:28 
TT  50 319.7  77.2 311.3 -04.4 1.39E-04 001.9 156.2  57.8 4.835233 2.463130 3.817777 hargrave 2021-04-09 13:31:57 
TT 100 313.3  76.5 309.9 -05.4 1.29E-04 002.2 153.5  58.6 6.162400 1.999844 3.224074 hargrave 2021-04-10 13:58:32 
TT 150 276.3  67.7 296.9 -10.7 6.70E-05 001.9 127.4  65.6 2.897085 0.620831 0.996101 hargrave 2021-04-11 12:33:40 
TT 200 269.2  62.6 291.3 -13.0 5.45E-05 002.3 113.0  66.5 3.131038 0.344050 0.527363 hargrave 2021-04-13 15:36:22 
TT 250 262.8  58.6 286.2 -13.7 4.52E-05 002.6 100.2  67.4 2.959535 0.279956 0.280451 hargrave 2021-04-18 14:28:08 
TT 300 043.0  30.5 009.0  07.6 4.29E-07 086.1 185.8  03.7 1.247430 21.78662 52.11536 hargrave 2021-04-19 14:37:49 
TT 300 260.0  56.2 283.3 -14.2 3.69E-05 001.7 092.8  67.4 1.509254 0.248720 0.179949 hargrave 2021-04-19 16:35:46 
TT 325 255.9  53.8 279.8 -13.8 3.07E-05 002.0 084.1  67.7 1.484062 0.173864 0.164359 hargrave 2021-04-20 13:05:30 
TT 350 257.5  55.0 281.4 -13.8 2.87E-05 002.4 088.2  67.8 1.719566 0.220513 0.130914 hargrave 2021-04-23 12:47:04 
TT 375 253.2  51.4 276.9 -13.7 2.57E-05 002.2 076.6  67.4 1.372541 0.227193 0.145165 hargrave 2021-04-25 09:47:37 
TT 415 251.5  51.7 276.5 -12.7 2.01E-05 003.3 075.0  68.3 1.607234 0.270660 0.119062 hargrave 2021-04-26 08:50:18 
TT 450 248.2  50.9 274.8 -11.3 1.71E-05 001.0 069.5  69.2 0.402221 0.080555 0.137666 hargrave 2021-04-27 13:33:27 
TT 475 247.1  50.1 273.8 -11.1 1.58E-05 002.8 066.6  69.0 1.071486 0.278141 0.138243 hargrave 2021-04-29 14:25:12 
TT 500 244.9  49.2 272.2 -10.2 1.42E-05 002.7 061.7  69.2 0.929078 0.190617 0.126070 hargrave 2021-05-01 09:34:13 
TT 520 242.3  46.9 269.4 -09.6 1.37E-05 002.4 054.3  68.3 0.748303 0.348670 0.097953 hargrave 2021-05-02 16:09:10 
TT 535 237.0  46.3 267.5 -06.3 1.20E-05 002.6 044.5  69.6 0.741611 0.178707 0.141118 hargrave 2021-05-04 08:46:08 
TT 550 236.9  45.7 266.9 -06.5 1.11E-05 002.8 043.5  69.1 0.680409 0.316211 0.152868 hargrave 2021-05-04 18:23:11 
TT 560 241.0  43.2 265.6 -10.1 1.05E-05 003.0 047.5  65.6 0.714999 0.303566 0.154024 hargrave 2021-05-05 15:50:26 
TT 570 235.9  44.0 265.1 -06.4 9.28E-06 002.2 039.9  67.9 0.461614 0.195245 0.142791 hargrave 2021-05-06 22:09:24 
TT 580 234.8  47.4 268.1 -04.6 7.85E-06 002.1 042.0  71.3 0.385222 0.097100 0.081366 hargrave 2021-05-08 19:23:25 
TT 590 231.4  47.9 268.0 -02.3 7.47E-06 001.6 036.1  72.7 0.274202 0.037538 0.102385 hargrave 2021-05-09 18:24:38 
TT 600 231.7  39.3 259.7 -04.6 6.90E-06 002.2 028.5  64.6 0.366139 0.082193 0.096295 hargrave 2021-05-11 09:12:40 
TT 610 233.3  41.3 262.0 -05.3 5.96E-06 001.8 032.8  66.1 0.250528 0.036249 0.110184 hargrave 2021-05-12 09:10:40 
TT 620 206.9  32.8 250.8  14.4 5.38E-06 002.3 344.5  59.2 0.248178 0.082578 0.180915 hargrave 2021-05-13 12:03:36 
TT 630 228.0  43.1 262.7 -01.1 5.02E-06 002.0 024.4  68.9 0.210811 0.068151 0.116140 hargrave 2021-05-14 11:29:53 
TT 640 202.0  41.2 259.7  18.1 4.69E-06 002.3 332.0  66.6 0.236283 0.069027 0.106945 hargrave 2021-05-15 09:43:02 
TT 650 211.5  47.0 265.4  11.0 4.39E-06 002.1 348.2  73.8 0.211766 0.055253 0.088136 hargrave 2021-05-16 11:33:19 
TT 660 221.5  30.1 249.0  01.8 4.54E-06 002.3 008.3  56.9 0.185482 0.096016 0.152719 hargrave 2021-05-17 12:44:11 
TT 664 223.8  44.4 263.5  02.2 3.91E-06 001.8 016.7  70.9 0.163815 0.030576 0.072449 hargrave 2021-05-18 15:06:02 
TT 668 232.0  41.5 261.9 -04.3 3.56E-06 002.3 030.7  66.6 0.189448 0.054679 0.067824 hargrave 2021-05-19 17:37:25 
TT 672 230.0  41.2 261.2 -02.9 2.88E-06 002.3 026.8  66.8 0.089442 0.117007 0.078702 hargrave 2021-05-23 10:49:31 
TT 674 226.4  41.7 261.2 -00.2 2.53E-06 002.2 020.4  67.9 0.124136 0.041008 0.056521 hargrave 2021-05-24 13:06:04 
TT 676 215.3  20.1 238.4  06.1 2.58E-06 003.2 358.7  47.1 0.117109 0.139997 0.102561 hargrave 2021-05-25 12:55:16 
TT 678 228.6  28.8 248.9 -04.5 2.30E-06 002.1 019.0  54.9 0.099957 0.022905 0.072560 hargrave 2021-05-26 13:35:22 
TT 680 193.3  43.9 263.6  23.9 1.63E-06 002.3 314.5  66.8 0.086698 0.043745 0.017230 hargrave 2021-05-30 15:25:22 
TT 682 237.4  49.6 270.7 -05.5 1.23E-06 002.0 050.4  72.3 0.054128 0.032907 0.017541 hargrave 2021-06-02 09:18:21 
TT 684 247.3  57.1 280.0 -07.9 1.04E-06 002.4 083.1  73.6 0.049065 0.035395 0.015180 hargrave 2021-06-03 18:13:51 
TT 686 306.0  33.3 305.2 -48.5 4.85E-07 004.1 106.3  29.5 0.015112 0.038021 0.033077 hargrave 2021-06-04 16:55:50 
TT 688 111.8  23.8 353.1  67.3 4.95E-07 002.4 246.4  14.8 0.019229 0.030741 0.015912 hargrave 2021-06-05 15:10:15 
TT 690 190.1 -13.9 199.2  25.4 6.10E-07 006.9 334.1  10.4 0.028045 0.100601 0.028402 hargrave 2021-06-06 14:08:07 
TT 692 278.9 -21.5 190.7 -58.1 6.87E-07 003.0 056.4 -07.6 0.033061 0.031941 0.027353 hargrave 2021-06-08 09:39:22 
