PF18- 84a sun compass orientation
  120.5 310.1  45.0 218.9  81.9  12.3
NRM    230.2  42.7 262.7 -02.7 6.83E-05 001.4 075.8  82.4 1.589979 1.181057 0.231642 hargrave 2021-04-08 14:21:43 
TT  50 230.1  42.6 262.6 -02.6 6.80E-05 001.4 075.2  82.4 1.497511 1.305786 0.250093 hargrave 2021-04-09 13:43:17 
TT 100 229.7  41.6 261.5 -02.6 6.64E-05 001.6 067.0  82.2 2.026593 0.968411 0.242680 hargrave 2021-04-10 14:11:33 
TT 150 230.0  40.0 260.0 -03.2 6.24E-05 001.2 058.8  81.2 1.261303 1.049812 0.288000 hargrave 2021-04-11 12:45:46 
TT 200 229.9  39.2 259.3 -03.3 6.11E-05 001.2 054.7  80.7 1.044448 1.190802 0.312448 hargrave 2021-04-13 15:46:40 
TT 250 230.5  39.7 259.9 -03.6 5.30E-05 000.9 059.2  80.7 0.840631 0.480271 0.182344 hargrave 2021-04-18 14:38:50 
TT 300 228.9  36.9 256.9 -03.0 2.48E-05 070.0 042.4  79.5 4.368358 3.995085 32.01652 hargrave 2021-04-19 14:52:20 
TT 300 230.2  37.7 257.9 -03.8 2.47E-05 084.3 049.5  79.5 3.848041 4.498549 31.99873 hargrave 2021-04-19 16:40:27 
TT 300 229.9  36.9 257.1 -03.8 2.48E-05 075.0 045.9  79.1 4.301742 4.435622 31.97504 hargrave 2021-04-19 16:52:31 
TT 300 230.2  38.5 258.6 -03.7 4.95E-05 001.3 052.5  80.0 1.153166 0.657941 0.232008 hargrave 2021-04-19 17:01:23 
TT 325 229.0  36.9 256.9 -03.1 2.25E-05 037.1 042.9  79.5 3.949507 3.670227 29.08524 hargrave 2021-04-20 13:18:27 
TT 325 227.7  37.5 257.3 -02.0 4.51E-05 001.2 040.0  80.6 1.030595 0.543649 0.146365 hargrave 2021-04-20 16:33:39 
TT 350 231.0  37.9 258.2 -04.4 4.15E-05 001.1 053.0  79.2 0.441983 0.857015 0.103976 hargrave 2021-04-23 12:58:25 
TT 375 229.2  36.7 256.6 -03.3 3.95E-05 000.8 042.5  79.2 0.433558 0.568161 0.077582 hargrave 2021-04-25 09:59:47 
TT 415 229.2  36.8 256.8 -03.3 3.73E-05 000.4 043.1  79.3 0.172922 0.263293 0.090221 hargrave 2021-04-26 09:03:23 
TT 450 229.5  37.0 257.1 -03.5 3.56E-05 001.0 045.0  79.3 0.442228 0.661793 0.076824 hargrave 2021-04-27 13:46:16 
TT 475 228.9  36.5 256.4 -03.1 3.43E-05 000.7 041.0  79.2 0.272041 0.410425 0.065222 hargrave 2021-04-29 14:36:32 
TT 500 228.7  36.7 256.6 -02.9 3.28E-05 000.4 041.0  79.4 0.128445 0.248316 0.072397 hargrave 2021-05-01 09:46:24 
TT 520 229.5  37.4 257.5 -03.4 3.12E-05 000.9 046.3  79.7 0.597855 0.172622 0.096491 hargrave 2021-05-02 16:18:43 
TT 535 229.3  36.8 256.8 -03.3 2.89E-05 001.7 043.3  79.3 0.731559 0.783421 0.047525 hargrave 2021-05-04 08:58:14 
TT 550 227.2  35.2 254.9 -02.0 2.60E-05 000.4 031.2  78.8 0.166866 0.157252 0.068121 hargrave 2021-05-04 18:35:14 
TT 560 228.9  35.6 255.6 -03.3 2.28E-05 000.7 038.4  78.5 0.261759 0.250525 0.041924 hargrave 2021-05-05 16:03:24 
TT 570 229.1  34.7 254.8 -03.6 2.05E-05 001.8 036.9  77.7 0.364193 0.683875 0.048511 hargrave 2021-05-06 22:19:54 
TT 580 229.5  35.5 255.6 -03.8 1.98E-05 000.4 040.1  78.1 0.101439 0.156523 0.044365 hargrave 2021-05-08 19:35:36 
TT 590 227.7  35.3 255.1 -02.4 2.00E-05 000.8 033.3  78.7 0.172103 0.275899 0.047142 hargrave 2021-05-09 18:37:37 
TT 600 228.0  33.2 253.1 -03.1 1.96E-05 000.6 030.0  76.7 0.214967 0.154211 0.041121 hargrave 2021-05-11 09:25:33 
TT 610 228.3  37.3 257.1 -02.5 1.71E-05 001.1 041.5  80.1 0.247220 0.340619 0.041372 hargrave 2021-05-12 09:22:45 
TT 620 225.3  30.8 250.2 -01.3 1.50E-05 001.2 017.8  75.2 0.166786 0.343040 0.073161 hargrave 2021-05-13 12:14:55 
TT 630 234.0  38.2 259.1 -06.6 1.30E-05 001.4 061.5  77.6 0.174288 0.360748 0.038033 hargrave 2021-05-14 11:42:48 
TT 640 222.6  30.9 250.0  01.0 1.18E-05 001.1 008.9  75.8 0.163635 0.228078 0.072536 hargrave 2021-05-15 09:53:34 
TT 650 222.0  37.5 256.4  02.5 1.09E-05 001.1 011.5  82.4 0.131795 0.217453 0.035231 hargrave 2021-05-16 11:44:46 
TT 660 219.9  28.8 247.5  03.0 9.87E-06 000.8 359.3  73.8 0.150162 0.079029 0.036715 hargrave 2021-05-17 12:56:27 
TT 664 237.6  43.8 265.3 -07.6 8.98E-06 001.3 090.7  77.5 0.079088 0.242808 0.017713 hargrave 2021-05-18 15:16:46 
TT 668 222.4  21.5 240.7 -00.2 8.38E-06 001.9 005.3  66.4 0.168059 0.285093 0.066518 hargrave 2021-05-19 17:48:01 
TT 672 217.3  26.2 244.7  05.0 6.23E-06 001.4 352.3  71.1 0.157252 0.090056 0.054758 hargrave 2021-05-23 11:00:08 
TT 674 223.9  15.5 235.0 -02.6 6.16E-06 001.1 007.5  60.3 0.081632 0.109484 0.062193 hargrave 2021-05-24 13:16:48 
TT 676 211.8  52.9 271.4  10.7 3.83E-06 002.8 211.4  80.4 0.113724 0.197658 0.028964 hargrave 2021-05-25 13:06:00 
TT 678 217.7  11.3 229.9  02.7 3.80E-06 001.6 355.8  56.2 0.061669 0.109458 0.056108 hargrave 2021-05-26 13:48:15 
TT 680 199.1  21.8 239.2  21.3 2.39E-06 002.2 316.5  61.1 0.088088 0.089910 0.017561 hargrave 2021-05-30 15:36:53 
