PF18- 85a sun compass orientation
 120.69 118.4  18.0 218.9  81.9   8.5
NRM    230.1  56.8 276.4  00.7 3.31E-05 032.0 195.3  39.7 22.31168 6.099917 19.17562 hargrave 2021-04-08 14:23:13 
NRM    233.6  50.1 270.5 -03.1 3.04E-05 064.1 199.1  33.4 21.79916 7.563036 15.20740 hargrave 2021-04-08 17:21:17 
NRM    226.6  53.8 273.0  02.0 6.08E-05 002.4 193.3  36.4 0.391568 1.749582 1.191801 hargrave 2021-04-08 17:28:43 
TT  50 233.7  54.2 274.5 -01.9 3.03E-05 054.3 198.4  37.5 20.75081 6.887973 16.77313 hargrave 2021-04-09 13:44:48 
TT  50 227.7  53.3 272.7  01.3 6.07E-05 002.2 194.2  36.1 1.147807 1.038780 1.246172 hargrave 2021-04-09 15:08:31 
TT 100 223.1  53.1 272.0  04.0 2.96E-05 055.6 190.8  35.5 21.52277 4.094562 15.65428 hargrave 2021-04-10 14:13:04 
TT 100 234.2  55.8 276.1 -01.7 3.21E-05 027.3 198.3  39.1 21.46366 7.112251 18.36676 hargrave 2021-04-10 15:27:06 
TT 100 220.4 -58.5 160.7 -07.7 1.63E-09 017.0 206.0 -75.2 0.000211 0.000262 0.000646 hargrave 2021-04-10 15:34:11 
TT 100 234.0  50.8 271.2 -03.1 6.43E-05 000.5 199.3  34.1 0.106555 0.398828 0.319376 hargrave 2021-04-10 15:37:32 
TT 150 233.3  48.4 268.8 -03.3 2.93E-05 064.9 199.2  31.6 21.38780 7.438139 13.95402 hargrave 2021-04-11 12:47:16 
TT 150 228.3  47.1 266.7 -00.4 5.83E-05 003.9 195.5  29.9 0.805229 2.390770 2.265045 hargrave 2021-04-11 13:57:53 
TT 200 037.1  25.9 013.1  01.9 9.84E-10 057.8 010.8  43.1 0.000705 0.000720 0.001071 hargrave 2021-04-13 15:48:39 
TT 200 234.6  45.0 265.8 -05.2 5.67E-05 004.8 200.8  28.4 2.253536 2.667889 2.112345 hargrave 2021-04-13 17:11:31 
TT 250 236.9  44.3 265.6 -06.9 2.60E-05 055.4 202.8  28.0 19.20249 8.061420 11.07986 hargrave 2021-04-18 14:40:03 
TT 250 231.6  44.5 264.7 -03.2 2.60E-05 057.5 198.5  27.6 19.88551 6.640223 10.97026 hargrave 2021-04-18 15:54:36 
TT 250 227.9  42.4 262.0 -01.1 5.20E-05 001.5 195.8  25.2 0.506558 0.372948 1.019647 hargrave 2021-04-18 16:03:19 
TT 300 239.0 -06.3 215.2 -20.7 4.21E-10 070.4 213.0 -21.0 0.000239 0.000404 0.001029 hargrave 2021-04-19 14:54:38 
TT 300 232.7  44.7 265.1 -03.9 2.26E-05 055.9 199.3  27.9 17.14590 6.015142 9.629106 hargrave 2021-04-19 16:41:58 
TT 300 231.4  43.5 263.8 -03.3 4.52E-05 002.7 198.5  26.7 0.742783 0.461477 1.585106 hargrave 2021-04-19 16:54:01 
TT 325 101.8  71.1 318.3  24.8 8.10E-10 052.1 123.4  67.4 0.000223 0.000105 0.000714 hargrave 2021-04-20 13:20:45 
TT 325 200.5 -65.5 152.0  00.1 1.02E-09 050.3 152.3 -82.3 0.000342 0.000420 0.001022 hargrave 2021-04-20 16:35:57 
TT 325 257.7 -61.2 153.4 -25.0 5.10E-10 080.4 265.6 -67.3 0.000558 0.000705 0.001149 hargrave 2021-04-20 16:51:27 
TT 325 170.8 -57.7 150.7  16.0 4.74E-10 074.0 113.5 -67.8 0.000186 0.000183 0.001211 hargrave 2021-04-20 18:17:03 
TT 350 232.8  40.5 261.0 -05.1 1.96E-05 031.6 200.1  23.8 15.28480 5.588183 7.170262 hargrave 2021-04-23 12:59:55 
TT 350 232.9  44.8 265.2 -04.1 1.95E-05 054.5 199.5  28.1 14.74223 5.218007 8.338090 hargrave 2021-04-23 14:13:50 
TT 350 229.8  43.1 263.0 -02.3 3.90E-05 003.9 197.3  26.0 0.142381 2.029763 0.995334 hargrave 2021-04-23 14:21:06 
TT 375 233.1  41.5 262.1 -05.1 3.75E-05 003.0 200.2  24.8 0.770675 1.403326 0.531228 hargrave 2021-04-25 10:01:18 
TT 415 239.0  38.7 260.8 -10.2 1.77E-05 041.2 205.6  22.8 13.37680 6.395975 6.240149 hargrave 2021-04-26 09:04:55 
TT 415 231.3  42.1 262.3 -03.6 3.55E-05 003.7 198.6  25.2 0.867409 1.472916 0.892931 hargrave 2021-04-26 11:34:38 
TT 450 232.5  40.6 261.1 -04.8 1.69E-05 033.8 199.8  23.9 13.23769 4.758947 6.236169 hargrave 2021-04-27 13:48:37 
TT 450 225.5  42.0 261.3  00.6 3.37E-05 004.2 193.9  24.7 0.916691 1.529719 1.157835 hargrave 2021-04-27 15:51:29 
TT 475 233.0  40.7 261.3 -05.2 3.25E-05 002.8 200.2  24.1 0.068095 1.060697 0.803441 hargrave 2021-04-29 14:38:51 
TT 500 230.5  39.8 260.0 -03.6 3.09E-05 001.0 198.3  22.9 0.186543 0.257808 0.362803 hargrave 2021-05-01 09:47:55 
TT 520 228.9  40.5 260.3 -02.2 2.91E-05 002.4 196.9  23.4 0.449882 0.471960 0.789911 hargrave 2021-05-02 16:20:37 
TT 535 226.7  41.0 260.5 -00.6 2.70E-05 003.2 195.0  23.7 0.580399 0.928855 0.649227 hargrave 2021-05-04 08:59:45 
TT 550 226.9  38.7 258.3 -01.1 2.48E-05 005.6 195.5  21.5 0.534979 1.975767 0.145735 hargrave 2021-05-04 18:36:44 
TT 560 222.8  40.3 259.3  02.3 2.28E-05 002.7 191.9  22.7 0.375928 0.497077 0.669979 hargrave 2021-05-05 16:04:55 
TT 570 214.4  42.1 260.5  08.7 2.06E-05 013.4 184.9  24.2 0.056343 4.086199 0.797304 hargrave 2021-05-06 22:21:25 
TT 570 226.4  39.1 258.6 -00.7 2.10E-05 004.1 195.0  21.9 0.470384 1.073370 0.536892 hargrave 2021-05-07 08:18:06 
TT 580 227.6  38.8 258.5 -01.6 2.04E-05 003.2 196.0  21.6 0.297891 0.915201 0.196318 hargrave 2021-05-08 19:37:56 
TT 590 225.8  40.4 259.8  00.1 2.03E-05 002.3 194.3  23.0 0.181970 0.311092 0.588662 hargrave 2021-05-09 18:39:08 
TT 600 224.4  40.5 259.7  01.1 1.91E-05 002.9 193.2  23.0 0.182510 0.497348 0.642110 hargrave 2021-05-11 09:27:03 
TT 610 226.0  40.0 259.5 -00.2 1.79E-05 002.1 194.6  22.7 0.253329 0.117431 0.494283 hargrave 2021-05-12 09:25:04 
TT 620 223.1  39.3 258.4  01.9 1.75E-05 003.1 192.2  21.8 0.072618 0.643524 0.496005 hargrave 2021-05-13 12:17:16 
TT 630 228.5  39.4 259.2 -02.2 1.69E-05 003.9 196.6  22.3 0.420880 0.708991 0.507346 hargrave 2021-05-14 11:45:07 
TT 640 232.8  42.4 262.9 -04.6 1.53E-05 003.7 199.8  25.7 0.095110 0.750885 0.364612 hargrave 2021-05-15 09:55:05 
TT 650 226.3  38.7 258.2 -00.6 1.60E-05 002.4 194.9  21.5 0.240282 0.187768 0.485570 hargrave 2021-05-16 11:47:06 
TT 660 216.9  39.1 257.6  06.6 1.44E-05 002.9 187.1  21.3 0.174266 0.380268 0.473780 hargrave 2021-05-17 12:57:59 
TT 664 223.0  41.0 260.0  02.2 1.23E-05 002.9 192.0  23.4 0.132069 0.310096 0.409692 hargrave 2021-05-18 15:19:08 
TT 668 216.0  40.8 259.2  07.5 1.13E-05 003.0 186.3  23.0 0.196242 0.321188 0.350061 hargrave 2021-05-19 17:49:32 
TT 672 222.6  40.0 259.0  02.4 8.26E-06 002.3 191.7  22.5 0.110092 0.141822 0.222269 hargrave 2021-05-23 11:01:39 
TT 674 213.3  42.2 260.5  09.6 6.82E-06 003.1 184.0  24.3 0.118561 0.190232 0.223014 hargrave 2021-05-24 13:18:21 
TT 676 214.3  39.7 258.0  08.7 5.52E-06 003.3 184.9  21.7 0.181567 0.128681 0.203110 hargrave 2021-05-25 13:07:34 
TT 678 216.6  37.7 256.1  06.8 3.95E-06 006.3 186.9  19.8 0.072617 0.351265 0.096962 hargrave 2021-05-26 13:49:46 
TT 680 205.7  38.8 257.1  15.3 2.35E-06 004.7 177.8  20.9 0.047964 0.121370 0.107488 hargrave 2021-05-30 15:38:25 
TT 682 192.6  56.5 276.9  21.1 5.90E-07 006.9 168.8  39.0 0.031007 0.031807 0.042624 hargrave 2021-06-02 09:30:23 
TT 684 206.6  23.9 241.6  14.5 1.35E-06 003.8 178.3  05.9 0.025682 0.038093 0.065602 hargrave 2021-06-03 18:25:50 
TT 686 356.3 -09.7 044.6 -43.1 3.54E-07 007.6 328.3  05.6 0.014654 0.041451 0.020622 hargrave 2021-06-04 17:07:52 
TT 688 274.0 -19.2 197.0 -54.4 4.64E-07 003.6 252.6 -25.7 0.017716 0.032584 0.015427 hargrave 2021-06-05 15:22:21 
TT 690 178.2  16.4 233.7  41.2 7.11E-07 008.0 151.2  00.7 0.016919 0.071441 0.052438 hargrave 2021-06-06 14:20:17 
TT 692 190.3  15.7 232.4  29.6 6.15E-07 003.2 162.6 -01.4 0.019671 0.019934 0.025949 hargrave 2021-06-08 09:51:26 
