PF18- 21a mag compass orientation (IGRF corrected)
 103.64 332.6  35.0 221.5  81.4   7.9
NRM    120.8  69.4 315.8  28.8 4.48E-05 000.9 203.5  41.3 0.196203 0.361746 0.398420 hargrave 2021-04-06 18:38:21 
TT  50 122.1  68.6 315.4  29.7 4.44E-05 001.6 204.6  41.1 0.480765 0.739812 0.438304 hargrave 2021-04-12 10:24:07 
TT 100 114.9  67.9 318.6  29.6 4.06E-05 000.8 202.5  38.9 0.155153 0.121293 0.440498 hargrave 2021-04-13 11:38:25 
TT 150 101.2  60.0 329.2  33.8 3.04E-05 000.9 200.9  29.0 0.137771 0.248135 0.318734 hargrave 2021-04-14 18:59:56 
TT 200 092.9  56.3 336.0  33.6 2.64E-05 001.1 197.8  24.0 0.095496 0.243932 0.323890 hargrave 2021-04-16 12:43:56 
TT 250 083.4  54.9 341.2  30.1 1.18E-05 050.3 192.6  21.2 9.037814 2.028145 3.591930 hargrave 2021-04-19 23:05:44 
TT 250 083.7  53.9 342.1  30.8 2.36E-05 000.9 193.1  20.3 0.101295 0.093914 0.262872 hargrave 2021-04-20 09:42:04 
TT 300 084.3  52.3 343.5  32.0 1.98E-05 001.0 193.8  18.8 0.069439 0.083593 0.245305 hargrave 2021-04-21 13:09:49 
TT 325 082.7  51.7 344.6  31.4 1.77E-05 001.7 192.9  18.0 0.107984 0.322239 0.225663 hargrave 2021-04-22 10:50:21 
TT 350 085.7  50.2 345.0  33.8 1.59E-05 001.1 195.2  17.0 0.084577 0.110887 0.199577 hargrave 2021-04-23 08:42:17 
TT 375 079.7  49.7 347.7  30.6 1.39E-05 001.1 191.4  15.7 0.072597 0.084740 0.188367 hargrave 2021-04-24 15:40:23 
TT 415 081.5  48.1 348.8  32.4 6.32E-06 036.2 192.9  14.3 5.040243 1.155587 1.316540 hargrave 2021-04-25 14:31:41 
TT 415 076.2  48.8 349.7  28.9 1.27E-05 001.3 189.2  14.5 0.119192 0.082533 0.190935 hargrave 2021-04-25 16:47:20 
TT 450 073.0  48.4 351.0  27.0 1.09E-05 002.7 187.1  13.8 0.064882 0.371372 0.149163 hargrave 2021-04-26 21:07:35 
TT 475 074.8  47.9 351.0  28.3 1.02E-05 003.7 188.4  13.4 0.106154 0.494735 0.149036 hargrave 2021-04-29 10:13:25 
TT 500 076.8  47.4 351.1  29.8 9.57E-06 001.3 189.8  13.1 0.045440 0.094707 0.134396 hargrave 2021-04-30 15:18:53 
TT 520 073.9  47.8 351.4  27.8 8.82E-06 004.2 187.8  13.2 0.085876 0.489392 0.127560 hargrave 2021-05-01 17:31:30 
TT 535 072.8  47.6 351.9  27.2 7.94E-06 001.8 187.0  12.9 0.034375 0.185554 0.057735 hargrave 2021-05-03 09:09:34 
TT 550 073.5  47.1 352.2  27.8 7.47E-06 002.1 187.6  12.5 0.043022 0.203026 0.084649 hargrave 2021-05-04 12:53:00 
TT 560 071.8  46.1 353.7  27.0 6.54E-06 002.9 186.5  11.4 0.040144 0.253486 0.059270 hargrave 2021-05-06 16:16:12 
TT 570 067.5  45.8 354.9  24.2 5.62E-06 003.0 183.5  10.9 0.031868 0.228842 0.050847 hargrave 2021-05-07 10:57:53 
TT 580 068.7  47.4 352.9  24.6 4.81E-06 001.5 184.3  12.6 0.040807 0.082342 0.045588 hargrave 2021-05-08 12:20:13 
TT 590 069.4  45.5 354.9  25.5 4.62E-06 002.0 184.8  10.6 0.037293 0.118658 0.042871 hargrave 2021-05-09 13:43:08 
TT 600 057.3  47.5 354.4  17.0 3.89E-06 001.5 176.3  12.6 0.044190 0.062949 0.044521 hargrave 2021-05-10 14:28:31 
TT 610 071.4  45.5 354.5  26.9 4.16E-06 004.4 186.2  10.8 0.046226 0.251140 0.041122 hargrave 2021-05-11 16:24:38 
TT 620 061.0  42.8 359.0  20.1 3.84E-06 003.7 178.8  07.8 0.032230 0.184342 0.057676 hargrave 2021-05-12 18:43:24 
TT 630 065.3  44.9 356.2  22.8 3.49E-06 002.6 181.9  09.9 0.032468 0.115144 0.046091 hargrave 2021-05-14 16:01:13 
TT 640 065.7  42.2 359.1  23.7 3.37E-06 002.1 182.3  07.2 0.032886 0.088538 0.040387 hargrave 2021-05-15 13:45:39 
TT 650 064.8  40.6 000.9  23.3 3.43E-06 001.6 181.7  05.6 0.027102 0.062862 0.039125 hargrave 2021-05-16 16:38:36 
TT 660 054.2  39.8 002.4  15.3 3.11E-06 002.3 173.6  05.1 0.024829 0.088721 0.039020 hargrave 2021-05-17 17:19:17 
TT 664 058.5  41.9 000.1  18.4 3.10E-06 004.6 176.9  07.0 0.009625 0.192305 0.038633 hargrave 2021-05-18 20:46:41 
TT 668 057.7  37.1 005.2  18.1 2.49E-06 003.1 176.1  02.2 0.031730 0.103851 0.023170 hargrave 2021-05-20 09:35:13 
TT 672 054.7  39.0 003.3  15.6 2.30E-06 005.2 173.8  04.3 0.033984 0.163193 0.021719 hargrave 2021-05-23 14:55:44 
TT 674 055.8  43.8 358.3  16.2 1.73E-06 001.6 175.0  08.9 0.025816 0.032263 0.018989 hargrave 2021-05-24 17:14:48 
TT 676 052.7  40.9 001.4  14.1 1.96E-06 001.5 172.5  06.2 0.029598 0.035486 0.018095 hargrave 2021-05-25 17:01:55 
TT 678 061.8  36.1 006.0  21.5 1.07E-06 001.6 179.4  01.1 0.016236 0.020928 0.011024 hargrave 2021-05-26 17:41:24 
TT 680 060.8  38.1 003.9  20.4 1.19E-06 001.7 178.6  03.2 0.018150 0.024634 0.014709 hargrave 2021-05-30 11:50:18 
TT 682 059.3  34.2 008.2  19.5 6.05E-07 001.5 177.3 -00.7 0.009328 0.008543 0.008658 hargrave 2021-05-31 12:59:38 
TT 684 085.7  33.2 004.4  41.2 4.75E-07 003.4 199.1  00.4 0.007220 0.022500 0.004569 hargrave 2021-06-03 09:47:21 
TT 686 096.9  47.8 341.9  41.1 3.44E-07 001.8 203.3  16.8 0.005197 0.008162 0.002838 hargrave 2021-06-04 11:14:05 
TT 688 094.1  27.0 009.1  50.1 2.21E-07 001.4 207.8 -03.6 0.004689 0.002434 0.002905 hargrave 2021-06-05 11:30:00 
TT 690 345.5  44.9 338.2 -28.3 2.52E-07 002.2 127.8  29.2 0.005899 0.003931 0.004462 hargrave 2021-06-06 10:25:17 
TT 692 296.1 -14.9 197.3 -73.7 6.41E-08 004.1 051.5  06.8 0.002462 0.003698 0.000962 hargrave 2021-06-06 19:51:20 
TT 695 128.0  14.7 340.5  83.0 2.36E-07 001.4 241.6 -01.3 0.004320 0.005124 0.002815 hargrave 2021-06-10 13:57:23 
