PF18- 57a sun compass orientation
   95.7 132.6  30.0 221.5  81.4   9.2
NRM    246.9  65.8 289.7 -02.2 5.61E-05 002.5 192.2  37.1 0.829801 1.609732 1.379658 hargrave 2021-04-06 19:32:37 
TT  50 248.3  65.4 289.6 -02.8 5.59E-05 002.4 193.0  36.8 1.264220 0.598631 1.639803 hargrave 2021-04-12 11:29:08 
TT 100 246.9  64.1 288.2 -02.9 5.37E-05 004.1 192.7  35.4 1.635131 2.746499 1.600522 hargrave 2021-04-13 12:42:47 
TT 150 241.8  63.0 286.3 -01.3 5.22E-05 002.3 190.3  33.9 0.989217 0.406996 1.569102 hargrave 2021-04-14 19:55:09 
TT 200 240.0  62.0 285.1 -00.9 5.10E-05 002.3 189.6  32.7 0.515917 1.057928 1.536669 hargrave 2021-04-16 13:42:02 
TT 250 237.5  61.7 284.4  00.2 4.81E-05 003.1 188.3  32.2 1.117959 1.586959 1.457828 hargrave 2021-04-20 00:00:47 
TT 300 241.4  61.3 284.6 -01.8 4.36E-05 003.0 190.5  32.2 1.016287 1.264155 1.291635 hargrave 2021-04-21 14:17:18 
TT 325 242.2  60.9 284.4 -02.2 4.06E-05 002.1 191.1  31.8 0.686582 0.220587 1.150000 hargrave 2021-04-22 11:56:45 
TT 350 241.7  60.6 284.1 -02.1 3.79E-05 002.5 190.8  31.5 0.493737 0.857231 1.163372 hargrave 2021-04-23 09:50:42 
TT 375 236.5  61.0 283.6  00.4 3.47E-05 002.4 187.8  31.5 0.470889 0.825661 0.948429 hargrave 2021-04-24 16:49:55 
TT 415 233.2  61.3 283.5  02.0 3.27E-05 002.8 185.9  31.6 0.697939 0.803961 1.038593 hargrave 2021-04-25 16:25:26 
TT 450 239.0  60.7 283.6 -00.9 3.04E-05 003.2 189.3  31.3 0.647941 1.034984 0.971297 hargrave 2021-04-27 08:41:33 
TT 475 239.3  61.2 284.2 -00.8 2.89E-05 002.8 189.4  31.9 0.669823 0.518870 0.985743 hargrave 2021-04-29 11:19:56 
TT 500 236.5  61.1 283.7  00.4 2.74E-05 002.1 187.8  31.6 0.381071 0.193147 0.849894 hargrave 2021-04-30 16:22:02 
TT 520 244.0  61.0 284.8 -03.1 2.60E-05 002.7 192.1  32.1 0.333253 0.693137 0.830703 hargrave 2021-05-01 18:34:46 
TT 535 232.0  61.6 283.6  02.6 2.36E-05 004.3 185.2  31.8 0.405189 1.494264 0.522614 hargrave 2021-05-03 10:17:09 
TT 550 226.0  61.8 283.2  05.5 2.09E-05 002.9 181.9  31.8 0.365323 0.603418 0.672855 hargrave 2021-05-04 14:00:11 
TT 560 222.3  61.9 283.2  07.2 1.55E-05 002.3 179.8  31.9 0.274060 0.234741 0.447936 hargrave 2021-05-06 17:23:32 
TT 570 226.4  59.8 281.3  05.0 1.13E-05 005.0 182.2  29.9 0.135024 0.861939 0.277012 hargrave 2021-05-07 12:03:29 
TT 580 234.6  61.3 283.6  01.3 9.74E-06 002.5 186.7  31.6 0.203283 0.147437 0.299076 hargrave 2021-05-08 13:28:20 
TT 590 226.0  61.8 283.2  05.5 9.16E-06 001.8 181.9  31.8 0.129581 0.088575 0.215519 hargrave 2021-05-09 14:54:27 
TT 600 229.7  64.7 286.4  04.3 7.82E-06 002.0 183.7  34.8 0.139315 0.051923 0.205834 hargrave 2021-05-10 15:39:13 
TT 610 212.0  63.1 284.4  11.9 7.23E-06 002.1 174.3  33.4 0.125653 0.149965 0.158410 hargrave 2021-05-11 17:34:53 
TT 620 234.8  65.1 287.3  02.3 5.95E-06 003.3 186.3  35.4 0.134108 0.228273 0.176393 hargrave 2021-05-12 19:50:03 
TT 630 206.2  59.5 281.0  15.1 6.61E-06 004.6 170.5  30.2 0.205883 0.391321 0.214215 hargrave 2021-05-14 17:08:39 
TT 640 247.9  62.9 287.4 -03.8 5.05E-06 001.8 193.6  34.4 0.067902 0.084992 0.098873 hargrave 2021-05-15 14:53:18 
TT 650 200.9  65.3 287.4  16.3 4.74E-06 002.2 169.0  36.3 0.144999 0.055428 0.096690 hargrave 2021-05-16 17:43:49 
TT 660 216.8  55.8 276.9  09.7 5.77E-06 003.3 176.4  25.9 0.104830 0.266021 0.130079 hargrave 2021-05-17 18:25:59 
TT 664 239.0  57.0 280.2 -02.1 4.83E-06 002.2 190.0  27.7 0.074531 0.071547 0.146708 hargrave 2021-05-18 21:52:50 
TT 668 217.7  51.7 272.7  09.1 5.10E-06 005.5 176.7  21.8 0.072361 0.416651 0.152799 hargrave 2021-05-20 10:41:42 
TT 672 231.6  55.7 277.8  01.5 4.51E-06 003.3 185.6  26.0 0.061260 0.195923 0.129812 hargrave 2021-05-23 16:02:23 
TT 674 260.4  66.4 293.3 -06.4 2.06E-06 004.2 198.5  39.5 0.051799 0.129065 0.039143 hargrave 2021-05-24 18:20:20 
TT 676 308.6  81.2 311.1 -00.2 1.69E-06 006.9 196.8  58.3 0.077148 0.169770 0.023017 hargrave 2021-05-25 18:11:13 
