PF18- 147a mag compass orientation (IGRF corrected)
 149.54 137.6  38.0 222.8  83.0  13.1
NRM    215.6  58.0 280.5  09.7 1.41E-04 004.8 173.2  20.4 0.957585 14.70063 4.836747 hargrave 2021-04-09 19:28:01 
TT  50 222.9  58.4 281.0  05.9 1.40E-04 003.6 177.4  20.4 1.046346 10.56418 4.624740 hargrave 2021-04-10 18:07:19 
TT 100 219.9  58.0 280.6  07.4 1.41E-04 001.9 175.7  20.2 1.005184 3.609845 4.773022 hargrave 2021-04-12 14:36:06 
TT 150 211.1  56.8 279.6  12.2 1.39E-04 002.3 170.5  19.7 1.972472 5.323683 4.617596 hargrave 2021-04-14 15:29:22 
TT 200 218.8  57.4 279.9  08.0 1.38E-04 003.5 175.0  19.6 1.558797 10.24470 4.199036 hargrave 2021-04-15 13:24:42 
TT 250 213.1  53.8 276.3  11.4 1.27E-04 002.8 171.1  16.5 0.284358 7.247531 3.589718 hargrave 2021-04-16 18:13:46 
TT 300 216.2  53.2 275.7  09.6 1.23E-04 001.7 172.9  15.6 0.827858 0.921066 4.576382 hargrave 2021-04-18 21:18:29 
TT 325 216.8  53.1 275.5  09.2 1.21E-04 001.8 173.3  15.5 1.027474 2.821511 3.974884 hargrave 2021-04-21 17:57:03 
TT 350 219.0  53.1 275.6  07.9 1.16E-04 003.0 174.7  15.4 1.397405 6.535737 4.349498 hargrave 2021-04-22 15:30:19 
TT 375 214.4  53.3 275.8  10.6 9.62E-05 005.2 171.8  15.9 0.865571 11.05653 3.281621 hargrave 2021-04-23 16:44:22 
TT 415 217.6  52.7 275.2  08.7 7.95E-05 003.8 173.7  15.1 0.200359 6.432704 2.598691 hargrave 2021-04-25 19:47:36 
TT 450 216.7  52.8 275.3  09.3 7.26E-05 002.5 173.2  15.2 0.327221 3.013599 2.942175 hargrave 2021-04-28 09:20:17 
TT 475 218.2  52.9 275.4  08.3 6.87E-05 004.7 174.2  15.2 0.329873 6.942995 2.343407 hargrave 2021-04-30 11:24:46 
TT 500 219.1  53.1 275.6  07.8 6.53E-05 001.3 174.7  15.3 0.356253 0.693816 1.759267 hargrave 2021-05-01 13:31:42 
TT 520 214.5  52.2 274.8  10.6 6.20E-05 002.3 171.7  14.8 0.810273 2.541551 1.850278 hargrave 2021-05-02 12:22:21 
TT 535 207.3  51.9 274.7  15.1 5.91E-05 001.9 167.2  15.3 0.132414 2.052918 1.564213 hargrave 2021-05-03 13:20:09 
TT 550 219.2  53.1 275.6  07.8 5.54E-05 006.3 174.8  15.3 0.311483 7.783378 1.830094 hargrave 2021-05-05 12:09:58 
TT 560 209.1  50.3 273.0  14.1 4.85E-05 003.2 167.9  13.5 0.395902 3.117260 1.697871 hargrave 2021-05-06 09:11:16 
TT 570 210.9  54.4 277.1  12.6 3.93E-05 004.8 169.9  17.3 0.307203 4.029866 1.428780 hargrave 2021-05-07 15:06:33 
TT 580 215.8  58.4 281.0  09.6 3.27E-05 001.6 173.4  20.8 0.343354 0.232707 1.124823 hargrave 2021-05-09 09:49:25 
TT 590 219.3  49.7 272.2  07.6 2.24E-05 001.9 174.6  11.9 0.154806 0.487230 0.861877 hargrave 2021-05-10 10:41:04 
TT 600 209.4  52.9 275.6  13.6 2.00E-05 002.1 168.7  16.0 0.357378 0.532952 0.738643 hargrave 2021-05-11 13:09:00 
TT 610 208.0  52.4 275.3  14.5 1.94E-05 002.0 167.7  15.7 0.151471 0.519569 0.734189 hargrave 2021-05-12 14:08:24 
TT 620 212.9  50.3 272.8  11.7 1.73E-05 003.1 170.4  13.1 0.084598 0.989667 0.722989 hargrave 2021-05-13 17:59:48 
TT 630 218.8  51.5 274.0  07.9 1.51E-05 001.9 174.4  13.8 0.112112 0.356496 0.529181 hargrave 2021-05-16 13:56:48 
TT 640 219.1  52.0 274.4  07.8 1.37E-05 001.3 174.6  14.2 0.123566 0.158569 0.352167 hargrave 2021-05-17 09:22:13 
TT 650 222.5  52.4 275.0  05.7 1.25E-05 002.1 176.8  14.5 0.072393 0.587917 0.164419 hargrave 2021-05-18 11:31:49 
TT 660 203.0  51.8 275.2  17.7 8.21E-06 002.5 164.5  15.9 0.101733 0.433641 0.187562 hargrave 2021-05-19 11:07:36 
TT 664 219.9  50.5 273.0  07.2 1.06E-05 002.5 175.0  12.7 0.113279 0.537624 0.246772 hargrave 2021-05-20 18:57:11 
TT 668 222.8  57.4 280.0  05.9 7.30E-06 004.5 177.2  19.5 0.131820 0.715117 0.212136 hargrave 2021-05-22 09:49:18 
TT 672 218.9  50.8 273.3  07.9 8.90E-06 002.7 174.4  13.1 0.183593 0.192397 0.484381 hargrave 2021-05-24 09:47:45 
TT 674 228.4  51.0 274.0  01.9 7.85E-06 002.6 180.5  13.0 0.134284 0.362032 0.262313 hargrave 2021-05-25 09:22:29 
TT 676 109.4  47.0 335.4  45.2 3.96E-07 009.0 108.1  50.8 0.064837 0.073950 0.016523 hargrave 2021-05-26 09:24:59 
