PF18- 63a sun compass orientation
  94.99 129.1  63.0 221.5  81.4  13.4
NRM    309.3  81.0 311.2 -00.4 6.45E-05 002.2 190.1  26.7 0.412912 3.250729 0.690798 hargrave 2021-04-08 13:46:21 
TT  50 309.4  79.6 311.1 -01.8 6.44E-05 001.8 191.6  26.6 0.421103 2.663758 0.645418 hargrave 2021-04-09 13:07:41 
TT 100 307.3  80.9 310.8 -00.5 6.36E-05 001.6 190.1  26.4 0.548819 2.206785 0.665522 hargrave 2021-04-10 13:32:56 
TT 150 295.1  81.2 309.0  00.2 5.80E-05 001.0 189.4  24.6 0.125160 1.201155 0.600873 hargrave 2021-04-11 12:08:57 
TT 200 261.8  78.8 303.0  01.3 4.51E-05 000.8 188.0  18.5 0.271881 0.625126 0.580528 hargrave 2021-04-13 15:15:38 
TT 250 159.8  71.5 302.0  24.7 3.77E-05 023.1 163.5  16.7 6.045492 20.69750 0.802097 hargrave 2021-04-18 14:05:32 
TT 250 247.1  77.3 300.0  03.0 4.06E-05 000.8 186.2  15.7 0.161067 0.621071 0.369427 hargrave 2021-04-18 15:49:45 
TT 300 256.0  74.3 298.6 -00.5 3.79E-05 000.9 189.7  14.1 0.083968 0.461071 0.607131 hargrave 2021-04-19 14:13:03 
TT 325 256.8  75.7 299.9  00.2 3.54E-05 002.8 189.0  15.4 0.321697 2.221512 0.413553 hargrave 2021-04-20 12:40:00 
TT 350 246.5  75.2 298.1  02.2 3.25E-05 001.2 186.9  13.7 0.076245 0.810059 0.330507 hargrave 2021-04-23 12:20:35 
TT 375 238.3  75.0 297.2  04.0 2.78E-05 002.1 185.0  12.8 0.169647 1.358831 0.257694 hargrave 2021-04-25 09:23:47 
TT 415 234.3  75.9 297.7  05.3 2.32E-05 000.8 183.8  13.3 0.077244 0.380822 0.238650 hargrave 2021-04-26 08:25:33 
TT 475 231.9  74.5 296.2  05.5 1.94E-05 001.3 183.5  11.8 0.107654 0.543320 0.193500 hargrave 2021-04-29 14:00:34 
TT 500 233.9  75.1 296.9  05.2 1.79E-05 001.5 183.8  12.6 0.052204 0.612074 0.172641 hargrave 2021-05-01 09:09:24 
TT 520 232.2  74.2 296.0  05.4 1.65E-05 002.7 183.6  11.6 0.068726 0.991679 0.285032 hargrave 2021-05-02 15:48:26 
TT 535 232.7  74.6 296.4  05.4 1.56E-05 003.6 183.7  12.0 0.122668 1.288434 0.196190 hargrave 2021-05-04 08:22:11 
TT 550 231.6  75.3 296.9  05.8 1.41E-05 001.5 183.2  12.6 0.029902 0.486474 0.139464 hargrave 2021-05-04 17:57:42 
TT 560 209.3  82.4 304.0  10.1 1.18E-05 004.6 178.6  19.5 0.042284 1.252796 0.118786 hargrave 2021-05-05 15:24:03 
TT 570 217.3  73.3 294.6  09.4 8.30E-06 000.5 179.5  10.3 0.068603 0.054867 0.082054 hargrave 2021-05-06 21:43:58 
TT 580 220.6  77.9 299.3  08.6 7.75E-06 000.9 180.3  14.9 0.058124 0.141682 0.073095 hargrave 2021-05-08 19:00:15 
TT 590 202.4  73.3 295.3  13.6 6.79E-06 000.9 175.2  11.0 0.054499 0.100096 0.121582 hargrave 2021-05-09 17:58:04 
TT 600 203.3  75.8 297.7  12.8 6.75E-06 004.1 176.1  13.3 0.106969 0.646609 0.082102 hargrave 2021-05-11 08:49:35 
TT 610 200.0  70.2 292.4  15.3 6.54E-06 002.4 173.6  08.1 0.081714 0.343756 0.178577 hargrave 2021-05-12 08:45:10 
TT 620 233.7  76.3 298.1  05.5 6.10E-06 001.2 183.5  13.7 0.061205 0.153650 0.061941 hargrave 2021-05-13 11:38:56 
TT 630 180.2  71.3 296.6  20.6 5.98E-06 001.0 168.1  12.0 0.062922 0.098497 0.107147 hargrave 2021-05-14 11:06:00 
TT 640 232.9  73.4 295.2  05.0 6.07E-06 001.7 184.0  10.9 0.147211 0.246272 0.089508 hargrave 2021-05-15 09:18:18 
TT 650 214.4  73.7 295.0  10.3 5.71E-06 001.4 178.6  10.7 0.053215 0.166895 0.081635 hargrave 2021-05-16 11:09:55 
TT 660 246.4  73.0 296.1  01.2 5.15E-06 001.2 187.9  11.7 0.462765 0.105390 0.048260 hargrave 2021-05-17 12:19:09 
TT 664 251.4  72.9 296.7 -00.1 4.60E-06 004.3 189.3  12.2 0.136834 0.450939 0.043296 hargrave 2021-05-18 14:40:55 
TT 668 220.6  71.3 292.6  08.4 4.85E-06 002.2 180.5  08.4 0.107354 0.239394 0.078951 hargrave 2021-05-19 17:12:35 
TT 672 165.2  68.1 298.1  26.5 3.34E-06 003.8 162.0  13.0 0.050046 0.294811 0.127279 hargrave 2021-05-23 10:25:27 
TT 674 215.5  75.1 296.4  09.9 3.56E-06 002.1 179.0  12.1 0.065552 0.170545 0.064127 hargrave 2021-05-24 12:42:33 
TT 676 238.6  76.1 298.2  04.3 3.32E-06 005.1 184.7  13.9 0.060393 0.395357 0.032790 hargrave 2021-05-25 12:31:40 
