PF18- 58a sun compass orientation
  95.62 136.8  31.0 221.5  81.4  12.5
NRM    230.5  65.7 287.5  04.2 5.92E-05 001.4 181.8  34.7 1.080325 0.876093 1.181889 hargrave 2021-04-06 19:34:00 
TT  50 224.1  65.7 287.1  06.8 5.89E-05 001.9 178.6  34.7 1.067764 1.176518 1.814354 hargrave 2021-04-12 11:30:50 
TT 100 226.5  64.3 285.8  05.6 5.64E-05 002.9 179.9  33.3 0.925900 2.976926 1.772918 hargrave 2021-04-13 12:44:29 
TT 150 224.5  63.2 284.6  06.3 5.42E-05 002.5 178.8  32.2 0.946092 2.300444 1.676678 hargrave 2021-04-14 19:56:33 
TT 200 229.4  62.7 284.4  04.0 5.18E-05 005.6 181.4  31.7 0.895696 6.038198 1.841213 hargrave 2021-04-16 13:43:29 
TT 250 222.9  62.2 283.5  06.9 4.87E-05 001.8 177.9  31.2 0.833232 0.915115 1.462871 hargrave 2021-04-20 00:02:11 
TT 300 225.1  62.4 283.8  06.0 4.40E-05 005.6 179.1  31.4 0.686698 5.204215 1.350957 hargrave 2021-04-21 14:19:01 
TT 325 223.4  62.3 283.6  06.7 4.10E-05 003.9 178.1  31.3 0.616701 3.204301 1.265291 hargrave 2021-04-22 11:58:27 
TT 350 223.9  62.3 283.6  06.5 3.82E-05 005.8 178.4  31.3 0.523244 4.610994 1.256496 hargrave 2021-04-23 09:52:24 
TT 375 224.8  62.0 283.4  06.0 3.54E-05 001.9 178.9  31.0 0.592244 0.899152 1.045185 hargrave 2021-04-24 16:51:37 
TT 415 221.7  61.7 283.0  07.5 3.32E-05 002.6 177.2  30.8 0.493123 1.507111 1.048993 hargrave 2021-04-25 16:26:54 
TT 450 226.8  62.4 283.9  05.2 3.08E-05 005.5 180.0  31.4 0.502648 3.518237 0.962422 hargrave 2021-04-27 08:42:56 
TT 475 222.9  62.1 283.4  06.9 2.94E-05 004.0 177.9  31.2 0.411403 2.348659 0.942701 hargrave 2021-04-29 11:21:37 
TT 500 221.7  62.0 283.3  07.5 2.75E-05 002.2 177.2  31.1 0.343461 0.962907 0.831439 hargrave 2021-04-30 16:23:44 
TT 520 217.4  62.3 283.5  09.5 2.62E-05 004.0 174.9  31.5 0.249409 2.122553 0.781339 hargrave 2021-05-01 18:36:27 
TT 535 215.6  62.4 283.5  10.3 2.33E-05 001.5 173.9  31.7 0.213486 0.496111 0.529016 hargrave 2021-05-03 10:18:51 
TT 550 222.1  62.4 283.6  07.4 2.01E-05 006.0 177.4  31.4 0.232223 2.555301 0.632023 hargrave 2021-05-04 14:01:52 
TT 560 203.5  61.3 283.1  16.1 1.32E-05 001.2 167.1  31.7 0.053500 0.296592 0.179529 hargrave 2021-05-06 17:25:14 
TT 570 209.8  61.0 282.3  13.2 9.98E-06 002.2 170.5  30.7 0.108521 0.405375 0.222875 hargrave 2021-05-07 12:05:11 
TT 580 208.3  62.9 284.3  13.6 8.86E-06 004.6 170.1  32.7 0.052954 0.850498 0.264559 hargrave 2021-05-08 13:30:02 
TT 590 208.5  63.1 284.5  13.5 8.34E-06 003.4 170.3  32.9 0.064820 0.602886 0.172045 hargrave 2021-05-09 14:56:10 
TT 600 196.8  62.3 285.0  18.9 6.89E-06 002.2 163.8  33.5 0.085498 0.287179 0.137926 hargrave 2021-05-10 15:41:00 
TT 610 208.3  62.9 284.4  13.6 6.43E-06 004.6 170.1  32.7 0.064012 0.620258 0.199949 hargrave 2021-05-11 17:37:26 
TT 620 195.7  61.8 284.7  19.6 4.65E-06 001.5 163.1  33.2 0.101650 0.094601 0.082464 hargrave 2021-05-12 19:51:44 
TT 630 200.3  59.2 281.3  18.2 5.24E-06 005.4 164.7  30.0 0.080520 0.600445 0.162352 hargrave 2021-05-14 17:10:21 
TT 640 202.1  56.2 278.1  17.9 4.98E-06 003.0 164.9  26.9 0.074525 0.315787 0.102421 hargrave 2021-05-15 14:55:01 
TT 650 194.8  57.8 280.7  21.3 4.21E-06 002.2 161.1  29.5 0.120991 0.114539 0.132913 hargrave 2021-05-16 17:45:32 
TT 660 209.3  57.7 278.9  13.8 4.97E-06 005.0 169.5  27.5 0.051958 0.536011 0.104713 hargrave 2021-05-17 18:28:29 
TT 664 221.2  54.9 276.1  07.2 4.53E-06 001.9 176.5  24.0 0.120774 0.024986 0.153679 hargrave 2021-05-18 21:54:31 
TT 668 240.4  67.6 290.4  01.0 3.30E-06 004.4 186.4  37.0 0.096668 0.296482 0.058922 hargrave 2021-05-20 10:43:24 
TT 672 219.4  57.3 278.4  08.4 3.28E-06 003.3 175.5  26.4 0.077828 0.208846 0.103001 hargrave 2021-05-23 16:04:06 
TT 674 047.2  83.4 318.2  09.2 1.25E-06 005.5 179.9  65.6 0.049118 0.144842 0.015968 hargrave 2021-05-24 18:22:01 
TT 676 176.3  53.1 281.3  32.7 2.06E-06 006.9 147.9  29.3 0.090954 0.312637 0.020095 hargrave 2021-05-25 18:12:55 
TT 678 233.7  53.7 276.2 -00.2 2.28E-06 006.3 184.4  22.9 0.063730 0.309680 0.036629 hargrave 2021-05-26 18:50:30 
TT 680 207.8  47.3 268.4  15.6 1.86E-06 006.3 166.6  17.5 0.028423 0.249051 0.082280 hargrave 2021-05-30 12:56:12 
TT 682 249.8  46.8 273.4 -12.3 1.47E-06 006.2 196.3  17.5 0.062625 0.185199 0.056538 hargrave 2021-05-31 14:05:32 
