PF18- 112a mag compass orientation (IGRF corrected)
 131.05 302.6  34.0 218.9  81.9  13.6
NRM    332.7  78.4 313.6 -02.6 1.03E-04 000.4 164.6  49.1 0.339983 0.769726 0.651957 hargrave 2021-04-08 15:14:40 
TT  50 321.8  75.5 312.1 -06.1 1.02E-04 002.6 158.8  49.2 2.333963 5.824275 0.658545 hargrave 2021-04-09 14:35:55 
TT 100 322.2  77.2 311.8 -04.4 8.99E-05 000.4 161.0  50.1 0.301668 0.658728 0.559562 hargrave 2021-04-10 15:04:10 
TT 150 288.2  70.6 302.1 -10.0 4.73E-05 001.5 145.0  55.9 0.745797 1.464724 0.316689 hargrave 2021-04-11 13:37:33 
TT 200 280.7  68.1 298.5 -11.2 3.74E-05 000.5 139.4  57.9 0.347246 0.161976 0.276144 hargrave 2021-04-13 16:33:42 
TT 250 275.1  63.6 294.1 -13.9 2.78E-05 001.0 129.9  59.0 0.306902 0.563437 0.263850 hargrave 2021-04-18 15:23:15 
TT 300 269.1  60.5 289.9 -14.6 2.14E-05 001.0 122.5  60.9 0.207115 0.334925 0.300291 hargrave 2021-04-19 15:46:24 
TT 325 268.7  60.2 289.5 -14.7 1.73E-05 000.9 121.7  61.0 0.115059 0.279691 0.221395 hargrave 2021-04-20 14:13:28 
TT 350 264.4  55.2 284.2 -16.7 1.51E-05 002.3 110.4  61.4 0.536435 0.577723 0.208127 hargrave 2021-04-23 13:50:26 
TT 375 267.8  57.9 287.6 -16.1 1.34E-05 002.4 117.0  60.7 0.508325 0.554580 0.201674 hargrave 2021-04-25 10:54:14 
TT 415 263.9  53.3 282.6 -17.8 1.13E-05 001.7 106.6  60.9 0.236438 0.355175 0.179484 hargrave 2021-04-26 09:57:10 
TT 450 266.3  56.6 286.1 -16.4 9.36E-06 001.3 114.0  61.0 0.210295 0.157266 0.121250 hargrave 2021-04-27 14:40:45 
TT 475 268.5  59.5 289.0 -15.1 8.28E-06 001.0 120.4  60.9 0.063921 0.173398 0.097783 hargrave 2021-04-29 15:29:55 
TT 500 265.3  57.5 286.3 -15.4 7.32E-06 002.3 115.2  61.8 0.383561 0.042294 0.095503 hargrave 2021-05-01 10:38:31 
TT 520 267.9  58.8 288.2 -15.5 6.65E-06 003.1 118.8  60.9 0.476451 0.100865 0.084108 hargrave 2021-05-02 17:06:19 
TT 535 262.4  55.1 283.3 -15.9 5.74E-06 001.2 109.2  62.5 0.125740 0.086513 0.050832 hargrave 2021-05-04 09:49:49 
TT 550 264.4  54.3 283.5 -17.3 5.05E-06 001.0 108.7  61.0 0.041549 0.095924 0.070526 hargrave 2021-05-04 19:27:23 
TT 560 261.0  52.2 280.5 -17.2 4.34E-06 001.1 102.8  62.0 0.082356 0.049403 0.066798 hargrave 2021-05-05 16:57:38 
TT 570 258.8  53.4 280.5 -15.4 3.54E-06 001.6 103.8  63.7 0.127685 0.035317 0.045953 hargrave 2021-05-06 23:11:38 
TT 580 268.2  56.8 286.9 -17.1 2.84E-06 002.4 115.0  60.1 0.143559 0.059474 0.056791 hargrave 2021-05-08 20:30:41 
TT 590 263.7  56.9 285.2 -15.3 2.28E-06 000.7 113.5  62.4 0.032090 0.027826 0.034298 hargrave 2021-05-09 19:30:46 
TT 600 265.7  46.2 277.8 -23.4 1.98E-06 001.7 096.1  56.2 0.071708 0.024497 0.029774 hargrave 2021-05-11 10:17:54 
TT 610 266.5  38.6 271.9 -28.9 1.61E-06 003.2 087.1  50.8 0.120462 0.021764 0.053536 hargrave 2021-05-12 10:14:31 
TT 620 267.2  69.9 295.6 -07.0 1.23E-06 001.9 142.1  62.8 0.020478 0.056349 0.034898 hargrave 2021-05-13 13:08:04 
TT 630 265.5  64.6 291.4 -10.5 1.12E-06 001.7 130.3  63.3 0.018327 0.050521 0.051663 hargrave 2021-05-14 12:36:07 
TT 640 276.7  46.9 284.5 -28.0 1.11E-06 002.8 104.6  50.6 0.067475 0.036946 0.040195 hargrave 2021-05-15 10:46:11 
TT 650 279.6  32.5 275.9 -40.7 1.20E-06 004.9 092.0  39.0 0.137331 0.031492 0.055333 hargrave 2021-05-16 12:37:13 
TT 660 223.0  37.3 256.3  01.7 7.19E-07 001.3 024.8  70.0 0.010447 0.018405 0.036746 hargrave 2021-05-17 13:50:20 
TT 664 265.2  20.3 253.0 -38.5 9.07E-07 001.2 069.5  37.3 0.025946 0.022014 0.022091 hargrave 2021-05-18 16:10:58 
TT 668 201.0  46.7 265.5  18.1 4.12E-07 002.7 317.5  78.2 0.023550 0.015276 0.013602 hargrave 2021-05-19 18:42:13 
TT 672 230.4  56.9 276.5  00.6 4.13E-07 002.2 102.4  80.2 0.010296 0.022984 0.024205 hargrave 2021-05-23 11:52:34 
TT 674 215.8  52.3 270.8  08.3 3.49E-07 003.3 028.2  85.8 0.009842 0.025831 0.007463 hargrave 2021-05-24 14:06:56 
TT 676 301.6  13.9 290.7 -66.8 7.40E-07 003.2 097.1  12.0 0.051409 0.039582 0.015974 hargrave 2021-05-25 13:56:07 
TT 678 299.5  21.2 291.6 -59.3 6.25E-07 005.2 099.8  19.1 0.069051 0.047565 0.027397 hargrave 2021-05-26 14:37:32 
TT 680 331.9  55.3 323.0 -23.7 3.08E-07 003.2 144.3  31.8 0.011890 0.033456 0.009919 hargrave 2021-05-30 16:27:02 
TT 682 348.1  42.8 340.5 -27.9 5.06E-07 003.6 147.7  15.7 0.010647 0.052700 0.007902 hargrave 2021-06-02 10:19:00 
TT 684 327.6  23.6 338.5 -53.4 5.36E-07 006.9 123.3  06.6 0.056431 0.074002 0.016063 hargrave 2021-06-03 19:12:40 
TT 686 251.0 -11.3 210.7 -33.0 4.03E-07 001.6 039.2  15.5 0.017414 0.019858 0.007384 hargrave 2021-06-04 17:55:37 
TT 688 242.5 -29.4 190.2 -24.5 3.49E-07 002.3 025.8  00.9 0.018491 0.013216 0.011856 hargrave 2021-06-05 16:10:31 
TT 690 266.1  16.9 249.6 -40.8 2.68E-07 003.7 068.1  34.0 0.031078 0.027769 0.010126 hargrave 2021-06-06 15:08:27 
TT 692 303.1  02.2 279.3 -78.2 3.62E-07 005.8 091.6  01.6 0.045331 0.025879 0.021475 hargrave 2021-06-08 10:39:29 
