PF18- 127a mag compass orientation (IGRF corrected)
 137.74 300.6  22.0 218.9  81.9  13.5
NRM    275.1  62.4 293.4 -14.9 5.86E-05 000.7 109.3  63.7 0.666892 0.463016 0.426542 hargrave 2021-04-09 18:53:04 
TT  50 275.3  62.4 293.5 -14.9 5.85E-05 000.8 109.6  63.6 0.931612 0.515232 0.432668 hargrave 2021-04-10 17:36:37 
TT 100 275.7  61.9 293.4 -15.4 5.68E-05 000.7 109.0  63.2 0.735814 0.431945 0.443090 hargrave 2021-04-12 14:05:33 
TT 150 278.0  61.4 294.1 -16.4 5.09E-05 001.0 109.7  62.0 0.997014 0.420594 0.413420 hargrave 2021-04-14 14:51:51 
TT 200 275.5  60.0 292.2 -16.9 4.96E-05 002.1 105.8  61.9 2.413043 0.382665 0.440425 hargrave 2021-04-15 12:48:49 
TT 250 271.6  58.1 289.3 -17.3 4.07E-05 001.3 099.8  62.0 1.117407 0.363221 0.298480 hargrave 2021-04-16 17:45:01 
TT 300 267.4  55.8 285.9 -17.5 3.64E-05 000.9 093.0  61.9 0.585127 0.434880 0.218373 hargrave 2021-04-18 20:42:15 
TT 325 265.7  55.4 284.9 -17.1 3.48E-05 001.1 090.9  62.3 0.819325 0.317350 0.180860 hargrave 2021-04-21 16:54:27 
TT 350 266.1  54.7 284.5 -17.8 3.20E-05 000.9 090.2  61.5 0.585354 0.258950 0.177137 hargrave 2021-04-22 14:55:52 
TT 375 262.3  54.7 283.0 -16.2 2.29E-05 001.9 086.7  62.9 1.021754 0.236071 0.116808 hargrave 2021-04-23 16:09:20 
TT 415 261.7  55.0 282.9 -15.7 1.81E-05 000.5 086.4  63.4 0.092729 0.163279 0.094133 hargrave 2021-04-25 19:11:02 
TT 450 258.4  53.8 280.8 -14.9 1.55E-05 002.3 081.6  63.8 0.806537 0.222952 0.087640 hargrave 2021-04-28 08:31:06 
TT 475 255.5  53.4 279.3 -13.8 1.35E-05 000.4 077.7  64.5 0.114140 0.061454 0.062313 hargrave 2021-04-30 10:47:15 
TT 500 256.6  54.3 280.5 -13.8 1.20E-05 001.2 080.3  64.8 0.315965 0.158271 0.045266 hargrave 2021-05-01 12:56:49 
TT 520 254.4  54.0 279.5 -13.0 1.06E-05 000.6 077.5  65.3 0.101609 0.102698 0.044081 hargrave 2021-05-02 11:46:18 
TT 535 251.7  53.8 278.4 -11.7 9.28E-06 000.4 074.1  66.2 0.050960 0.064193 0.041277 hargrave 2021-05-03 12:42:41 
TT 550 251.9  53.1 277.9 -12.2 8.72E-06 000.4 073.3  65.5 0.062857 0.035608 0.037883 hargrave 2021-05-05 11:32:34 
TT 560 252.6  53.1 278.2 -12.5 7.91E-06 000.6 074.2  65.3 0.106042 0.047751 0.028095 hargrave 2021-05-06 08:35:33 
TT 570 252.7  55.0 279.8 -11.5 7.22E-06 001.3 077.2  66.8 0.190160 0.130085 0.031440 hargrave 2021-05-07 14:30:07 
TT 580 246.7  54.1 277.2 -09.1 5.88E-06 000.8 068.5  68.2 0.094228 0.045137 0.025129 hargrave 2021-05-09 09:13:04 
TT 590 247.4  48.7 272.6 -11.9 5.07E-06 000.9 062.2  63.5 0.090342 0.062471 0.022880 hargrave 2021-05-10 10:03:41 
TT 600 252.9  58.2 282.6 -09.9 4.16E-06 001.0 083.2  69.1 0.070247 0.065972 0.028430 hargrave 2021-05-11 12:32:27 
TT 610 235.8  65.5 285.5  00.5 3.36E-06 001.6 087.4  79.8 0.110301 0.056462 0.027909 hargrave 2021-05-12 13:35:08 
TT 620 244.4  73.0 293.6  00.6 2.53E-06 001.4 129.4  77.9 0.031613 0.073028 0.017076 hargrave 2021-05-13 17:25:52 
TT 630 264.9  59.5 287.6 -13.9 2.26E-06 000.9 096.6  65.5 0.033715 0.047255 0.023732 hargrave 2021-05-15 17:18:54 
TT 640 277.6  56.7 291.2 -20.3 1.81E-06 001.6 102.7  58.8 0.063158 0.035441 0.009871 hargrave 2021-05-17 08:47:05 
TT 650 222.5  34.9 253.9  01.7 2.07E-06 002.6 017.7  56.2 0.061192 0.107236 0.053709 hargrave 2021-05-18 10:55:57 
TT 660 186.2  37.6 258.2  30.7 1.58E-06 003.0 323.3  56.7 0.090916 0.050753 0.055806 hargrave 2021-05-19 10:31:44 
TT 664 272.3  60.4 291.1 -15.7 1.44E-06 003.1 104.0  63.3 0.082885 0.067038 0.009711 hargrave 2021-05-20 18:20:39 
TT 668 295.9  66.0 303.5 -15.3 1.37E-06 002.4 127.5  59.2 0.076745 0.014630 0.014144 hargrave 2021-05-22 09:15:10 
TT 672 283.3  63.3 297.3 -16.0 1.14E-06 001.7 116.2  61.5 0.028873 0.037743 0.018917 hargrave 2021-05-24 09:14:29 
TT 674 250.3  34.5 260.3 -20.2 1.05E-06 001.1 054.4  49.7 0.019617 0.025181 0.015980 hargrave 2021-05-25 08:48:17 
TT 676 256.4  26.0 254.5 -28.7 9.81E-07 001.4 057.1  39.9 0.021421 0.031260 0.008614 hargrave 2021-05-26 08:46:35 
TT 678 322.0  57.2 316.6 -23.8 7.01E-07 002.3 134.7  44.9 0.028419 0.024613 0.017316 hargrave 2021-05-29 11:07:51 
TT 680 343.6  65.8 322.7 -11.8 7.85E-07 003.4 153.5  47.8 0.030307 0.042099 0.038513 hargrave 2021-05-31 08:49:18 
TT 682 313.7  45.5 313.1 -36.2 5.01E-07 004.6 121.3  37.0 0.054878 0.009504 0.010089 hargrave 2021-06-02 12:51:59 
TT 696 076.2  49.0 346.0  30.0 5.77E-07 002.8 213.5  31.8 0.026118 0.030100 0.004654 hargrave 2021-06-03 14:26:38 
