PF18- 128a mag compass orientation (IGRF corrected)
 139.46 316.6  25.0 218.9  81.9  13.0
NRM    310.8  73.5 309.5 -08.4 9.43E-05 002.3 143.3  61.8 3.605014 3.362558 0.877274 hargrave 2021-04-09 18:54:48 
TT  50 308.7  72.5 308.9 -09.4 9.39E-05 001.0 140.8  61.8 1.875218 0.680758 0.782259 hargrave 2021-04-10 17:38:04 
TT 100 309.4  72.8 309.0 -09.1 8.97E-05 001.1 141.5  61.8 1.848253 0.875757 0.771434 hargrave 2021-04-12 14:06:59 
TT 150 300.4  71.2 306.1 -10.5 7.33E-05 000.5 135.8  63.6 0.609427 0.339331 0.604940 hargrave 2021-04-14 14:53:36 
TT 200 297.7  71.1 305.2 -10.4 6.66E-05 000.8 134.9  64.4 0.516949 0.912043 0.556043 hargrave 2021-04-15 12:50:17 
TT 250 276.0  58.9 291.8 -18.0 3.62E-05 001.7 098.3  66.6 1.398226 0.299232 0.119188 hargrave 2021-04-16 17:46:10 
TT 300 272.3  55.2 287.7 -19.7 2.94E-05 000.6 088.0  65.9 0.355437 0.112472 0.140297 hargrave 2021-04-18 20:43:42 
TT 325 271.3  54.2 286.5 -20.2 2.68E-05 001.0 085.2  65.6 0.574744 0.190892 0.132320 hargrave 2021-04-21 16:56:12 
TT 350 271.2  53.8 286.2 -20.4 2.37E-05 000.4 084.5  65.4 0.114406 0.117328 0.126636 hargrave 2021-04-22 14:57:38 
TT 375 267.1  49.7 281.2 -21.7 1.68E-05 000.5 073.5  64.0 0.144188 0.062061 0.108274 hargrave 2021-04-23 16:10:47 
TT 415 266.2  48.8 280.1 -21.9 1.40E-05 000.4 071.2  63.7 0.106822 0.056826 0.070300 hargrave 2021-04-25 19:12:29 
TT 450 264.7  48.3 279.0 -21.5 6.13E-06 069.6 068.8  63.9 1.357858 3.492425 7.648312 hargrave 2021-04-28 08:32:57 
TT 450 264.8  47.7 278.5 -22.0 1.23E-05 001.0 068.1  63.4 0.198882 0.177866 0.071278 hargrave 2021-04-28 10:01:55 
TT 475 265.7  47.1 278.6 -22.8 1.09E-05 001.1 068.6  62.5 0.251503 0.043253 0.072683 hargrave 2021-04-30 10:48:42 
TT 500 263.3  46.5 276.9 -22.0 9.90E-06 000.6 064.8  63.0 0.098694 0.041049 0.093947 hargrave 2021-05-01 12:58:23 
TT 520 261.1  46.4 275.8 -20.9 8.85E-06 001.2 061.9  63.7 0.220276 0.061190 0.085244 hargrave 2021-05-02 11:47:50 
TT 535 260.6  47.9 276.8 -19.7 7.95E-06 000.9 063.1  65.2 0.138934 0.084724 0.047925 hargrave 2021-05-03 12:44:08 
TT 550 261.3  46.9 276.3 -20.7 7.33E-06 001.5 062.8  64.0 0.186180 0.162473 0.054963 hargrave 2021-05-05 11:34:19 
TT 560 261.0  47.7 276.8 -20.0 6.60E-06 002.1 063.3  64.9 0.241655 0.196646 0.053258 hargrave 2021-05-06 08:37:17 
TT 570 260.7  49.3 278.0 -18.9 5.98E-06 000.9 065.2  66.3 0.108718 0.059631 0.038907 hargrave 2021-05-07 14:31:51 
TT 580 257.5  49.6 276.9 -17.0 4.96E-06 000.8 061.3  67.7 0.060010 0.071460 0.018470 hargrave 2021-05-09 09:14:28 
TT 590 262.6  45.4 275.6 -22.3 4.24E-06 001.0 062.6  62.3 0.060347 0.081180 0.024605 hargrave 2021-05-10 10:05:26 
TT 600 262.0  47.2 276.8 -20.9 3.64E-06 001.2 064.0  64.0 0.084994 0.058824 0.012666 hargrave 2021-05-11 12:34:11 
TT 610 242.5  48.8 271.2 -08.9 3.07E-06 000.9 035.1  71.8 0.059872 0.031001 0.013097 hargrave 2021-05-12 13:36:52 
TT 620 249.8  58.5 282.0 -08.4 2.36E-06 000.9 070.1  77.3 0.043362 0.017353 0.013572 hargrave 2021-05-13 17:27:36 
TT 630 244.9  67.9 289.1 -01.9 1.93E-06 000.9 119.9  82.2 0.038410 0.015563 0.031811 hargrave 2021-05-15 17:20:38 
TT 640 283.1  53.8 292.5 -24.4 1.83E-06 000.9 095.3  60.4 0.031625 0.020630 0.034933 hargrave 2021-05-17 08:48:50 
TT 650 269.5  36.4 271.8 -32.1 1.81E-06 001.6 062.6  51.9 0.049812 0.035226 0.041881 hargrave 2021-05-18 10:57:42 
TT 660 255.2  21.0 248.8 -29.7 1.92E-06 001.4 037.0  42.2 0.039790 0.041493 0.044431 hargrave 2021-05-19 10:33:29 
TT 664 271.5  71.6 297.8 -06.6 1.17E-06 001.3 131.6  72.6 0.017675 0.026301 0.017912 hargrave 2021-05-20 18:22:24 
TT 668 289.1  44.7 292.0 -34.3 1.39E-06 001.0 090.0  50.9 0.030312 0.016569 0.021401 hargrave 2021-05-22 09:16:55 
TT 672 292.0  60.9 300.2 -19.8 1.11E-06 001.2 112.7  61.3 0.025788 0.022690 0.007599 hargrave 2021-05-24 09:16:13 
TT 674 268.0  26.6 261.5 -37.3 1.52E-06 002.6 054.7  43.6 0.063884 0.060953 0.024964 hargrave 2021-05-25 08:50:02 
TT 676 345.2  70.6 320.3 -07.6 7.84E-07 002.1 151.8  52.0 0.018084 0.040906 0.011178 hargrave 2021-05-26 08:48:19 
TT 678 003.5  68.1 326.7 -04.8 7.76E-07 002.1 158.2  46.5 0.015511 0.032806 0.013677 hargrave 2021-05-29 11:09:35 
TT 680 343.9  65.6 322.9 -11.9 9.19E-07 002.4 146.6  48.1 0.017441 0.051552 0.006874 hargrave 2021-05-31 08:51:02 
