PF18- 109a mag compass orientation (IGRF corrected)
 129.94 312.6  41.0 218.9  81.9  13.2
NRM    264.0  80.2 302.0  01.1 4.64E-05 000.8 168.4  55.9 0.627422 0.499905 0.437922 hargrave 2021-04-08 15:07:27 
TT  50 259.4  80.7 301.9  02.0 4.59E-05 003.4 170.1  56.0 0.152043 3.580834 0.538007 hargrave 2021-04-09 14:28:46 
TT 100 260.9  77.5 299.6 -00.4 4.17E-05 001.2 165.3  58.0 0.676036 0.891129 0.400128 hargrave 2021-04-10 14:56:12 
TT 150 235.2  69.7 289.4  02.0 2.89E-05 001.7 168.1  68.5 0.261218 1.094294 0.233494 hargrave 2021-04-11 13:30:22 
TT 200 228.5  65.0 284.3  03.3 2.53E-05 001.9 171.1  73.7 0.341505 1.050342 0.143294 hargrave 2021-04-13 16:26:54 
TT 250 227.5  60.1 279.3  02.8 2.16E-05 000.7 167.6  78.6 0.325127 0.084783 0.053387 hargrave 2021-04-18 15:16:16 
TT 300 221.9  56.4 275.2  05.1 1.77E-05 000.9 183.0  82.6 0.202069 0.307830 0.027957 hargrave 2021-04-19 15:39:15 
TT 325 219.9  54.6 273.3  06.0 1.58E-05 000.7 195.7  84.2 0.108649 0.244883 0.035705 hargrave 2021-04-20 14:06:18 
TT 350 218.0  54.0 272.6  07.1 1.49E-05 001.4 207.7  84.2 0.234287 0.434405 0.029909 hargrave 2021-04-23 13:43:14 
TT 375 215.1  52.3 270.8  08.7 1.40E-05 001.9 232.2  84.2 0.464336 0.417439 0.028342 hargrave 2021-04-25 10:46:13 
TT 415 213.0  51.2 269.7  10.0 1.27E-05 002.0 246.4  83.5 0.463887 0.342940 0.025363 hargrave 2021-04-26 09:49:56 
TT 450 210.2  50.6 269.0  11.8 1.14E-05 001.8 254.1  81.8 0.376754 0.278246 0.035079 hargrave 2021-04-27 14:35:42 
TT 475 207.7  49.5 268.0  13.4 1.08E-05 001.6 261.3  80.2 0.333407 0.215288 0.033360 hargrave 2021-04-29 15:22:44 
TT 500 206.2  47.5 266.0  14.5 1.00E-05 001.5 271.4  79.0 0.309343 0.171516 0.060384 hargrave 2021-05-01 10:31:18 
TT 520 202.0  47.1 265.8  17.4 9.31E-06 002.8 270.1  76.1 0.576582 0.164202 0.049277 hargrave 2021-05-02 17:00:16 
TT 535 202.0  46.6 265.3  17.5 8.47E-06 002.3 272.2  76.0 0.411174 0.167190 0.031803 hargrave 2021-05-04 09:41:50 
TT 550 199.2  46.3 265.2  19.4 7.89E-06 001.9 271.0  74.1 0.319129 0.132325 0.048388 hargrave 2021-05-04 19:21:01 
TT 560 198.3  45.3 264.3  20.2 7.51E-06 004.2 273.5  73.1 0.723741 0.126626 0.044816 hargrave 2021-05-05 16:49:37 
TT 570 195.5  41.7 260.8  22.8 6.88E-06 001.2 280.9  69.7 0.053220 0.176108 0.053272 hargrave 2021-05-06 23:03:41 
TT 580 191.2  42.6 262.6  25.7 6.38E-06 003.4 274.4  67.4 0.486069 0.111647 0.049078 hargrave 2021-05-08 20:22:42 
TT 590 191.8  43.4 263.3  25.1 6.35E-06 003.0 273.1  68.1 0.419317 0.135611 0.045034 hargrave 2021-05-09 19:22:48 
TT 600 192.4  36.8 256.1  26.0 5.93E-06 002.8 287.7  65.0 0.368652 0.069856 0.047839 hargrave 2021-05-11 10:09:59 
TT 610 189.2  38.5 258.5  28.2 5.59E-06 003.9 281.1  63.9 0.485551 0.074455 0.079019 hargrave 2021-05-12 10:07:21 
TT 620 187.1  39.9 260.5  29.4 5.54E-06 003.5 276.4  63.4 0.427443 0.090359 0.082895 hargrave 2021-05-13 13:00:09 
TT 630 189.1  38.2 258.1  28.3 5.45E-06 003.5 281.6  63.7 0.434378 0.066468 0.087811 hargrave 2021-05-14 12:28:57 
TT 640 185.0  36.8 257.5  31.8 5.50E-06 003.4 279.9  60.3 0.424074 0.066049 0.069705 hargrave 2021-05-15 10:38:53 
TT 650 186.9  39.0 259.5  29.8 5.29E-06 004.0 277.9  62.8 0.476283 0.059057 0.082328 hargrave 2021-05-16 12:29:57 
TT 660 185.9  33.9 254.0  31.8 5.21E-06 003.4 285.3  59.0 0.389189 0.054388 0.092375 hargrave 2021-05-17 13:42:15 
TT 664 184.8  39.3 260.4  31.2 4.95E-06 004.5 275.5  61.6 0.509167 0.065692 0.039125 hargrave 2021-05-18 16:02:51 
TT 668 191.8  38.0 257.4  26.2 4.65E-06 003.5 284.8  65.3 0.372373 0.055724 0.035556 hargrave 2021-05-19 18:34:15 
TT 672 191.2  38.1 257.7  26.7 4.22E-06 002.9 284.0  65.0 0.266988 0.069373 0.052374 hargrave 2021-05-23 11:45:18 
TT 674 191.0  34.0 253.2  27.6 4.32E-06 002.5 290.8  62.3 0.189518 0.172432 0.061145 hargrave 2021-05-24 14:00:27 
TT 676 189.5  37.7 257.5  28.1 3.57E-06 002.8 282.9  63.7 0.225972 0.041895 0.023550 hargrave 2021-05-25 13:48:51 
TT 678 194.7  34.8 253.5  24.5 2.81E-06 003.6 294.3  65.1 0.230723 0.027715 0.048166 hargrave 2021-05-26 14:30:21 
TT 680 187.0  31.0 250.5  31.4 2.32E-06 003.5 290.6  57.8 0.188690 0.023552 0.017970 hargrave 2021-05-30 16:20:34 
