PF18- 42a sun compass orientation
  99.88 123.6  24.0 221.5  81.4   5.8
NRM    257.0  74.6 299.0 -00.5 1.00E-04 000.5 197.8  53.4 0.301614 0.214583 0.321494 hargrave 2021-04-06 19:08:18 
TT  50 259.6  73.7 298.8 -01.6 9.95E-05 002.6 199.5  52.9 1.089414 2.398908 0.266371 hargrave 2021-04-12 11:02:17 
TT 100 247.2  74.9 297.9  01.9 9.55E-05 002.9 193.7  52.6 0.905537 2.640931 0.297074 hargrave 2021-04-13 12:14:59 
TT 150 248.7  70.4 294.1 -00.6 7.73E-05 002.6 197.0  48.5 0.707223 1.918896 0.260282 hargrave 2021-04-14 19:31:54 
TT 200 247.4  64.6 288.8 -02.9 6.19E-05 001.1 199.0  42.9 0.399014 0.584944 0.244049 hargrave 2021-04-16 13:18:00 
TT 250 244.6  62.7 286.5 -02.6 5.57E-05 002.9 198.1  40.7 0.504986 1.543574 0.198600 hargrave 2021-04-19 23:36:03 
TT 300 246.8  61.5 285.9 -04.0 5.16E-05 000.7 199.9  39.8 0.124615 0.321058 0.178939 hargrave 2021-04-21 13:48:46 
TT 325 244.0  61.4 285.2 -02.9 4.82E-05 002.4 198.3  39.4 0.367425 1.123816 0.166554 hargrave 2021-04-22 11:28:02 
TT 350 240.2  60.8 284.0 -01.4 4.25E-05 001.6 196.2  38.4 0.186944 0.636844 0.148361 hargrave 2021-04-23 09:19:45 
TT 375 239.7  59.8 283.0 -01.5 3.24E-05 001.6 196.2  37.3 0.145866 0.482630 0.111402 hargrave 2021-04-24 16:22:03 
TT 415 235.4  59.7 282.2  00.5 2.94E-05 003.0 193.5  36.8 0.203755 0.878333 0.114587 hargrave 2021-04-25 15:24:30 
TT 450 238.3  58.8 281.7 -01.2 2.43E-05 000.9 195.6  36.1 0.067451 0.197633 0.099582 hargrave 2021-04-27 08:19:16 
TT 475 237.5  59.6 282.4 -00.5 2.30E-05 003.0 194.8  36.9 0.184701 0.681202 0.081760 hargrave 2021-04-29 10:51:32 
TT 500 235.1  59.7 282.1  00.7 2.17E-05 004.4 193.4  36.7 0.314269 0.905880 0.087640 hargrave 2021-04-30 15:55:12 
TT 520 241.3  58.6 282.1 -02.7 1.99E-05 004.0 197.5  36.3 0.219044 0.765280 0.078190 hargrave 2021-05-01 18:08:00 
TT 535 242.4  57.3 281.1 -03.7 1.85E-05 003.7 198.5  35.2 0.084865 0.655565 0.217026 hargrave 2021-05-03 09:47:47 
TT 550 236.2  60.0 282.6  00.2 1.75E-05 001.5 194.0  37.1 0.065114 0.249171 0.074949 hargrave 2021-05-04 13:31:00 
TT 560 234.3  61.2 283.4  01.4 1.61E-05 002.2 192.5  38.1 0.158627 0.299283 0.103401 hargrave 2021-05-06 16:55:03 
TT 570 237.7  62.1 284.8  00.2 1.42E-05 001.5 194.3  39.3 0.059330 0.193571 0.073478 hargrave 2021-05-07 11:35:34 
TT 580 231.5  59.8 281.8  02.4 1.33E-05 000.8 191.1  36.5 0.039256 0.074095 0.067517 hargrave 2021-05-08 12:59:50 
TT 590 239.4  59.4 282.5 -01.5 1.18E-05 001.0 196.1  36.8 0.052354 0.072180 0.075852 hargrave 2021-05-09 14:23:11 
TT 600 242.5  58.5 282.2 -03.3 1.10E-05 004.1 198.3  36.4 0.160251 0.424118 0.073220 hargrave 2021-05-10 15:08:24 
TT 610 231.9  58.9 281.0  02.1 1.06E-05 001.4 191.5  35.7 0.064656 0.115810 0.072483 hargrave 2021-05-11 17:03:45 
TT 620 217.8  57.5 278.6  09.3 8.71E-06 001.5 182.7  33.5 0.057894 0.118922 0.030830 hargrave 2021-05-12 19:21:54 
TT 630 225.3  57.5 279.0  05.2 9.06E-06 001.6 187.6  33.9 0.088301 0.114956 0.048482 hargrave 2021-05-14 16:40:57 
TT 640 228.3  58.1 279.8  03.7 8.58E-06 004.4 189.4  34.6 0.065367 0.376433 0.034274 hargrave 2021-05-15 14:23:37 
TT 650 219.9  57.3 278.4  08.1 8.49E-06 002.1 184.1  33.4 0.032844 0.179479 0.034205 hargrave 2021-05-16 17:14:55 
TT 660 216.7  58.5 279.6  09.8 7.84E-06 008.2 181.9  34.5 0.042880 0.652369 0.031269 hargrave 2021-05-17 17:56:48 
TT 664 222.3  55.0 276.2  06.6 7.71E-06 001.3 185.8  31.1 0.033343 0.098086 0.027520 hargrave 2021-05-18 21:23:47 
TT 668 233.8  57.6 279.9  00.7 7.59E-06 002.0 193.0  34.5 0.030680 0.147257 0.028885 hargrave 2021-05-20 10:13:19 
TT 672 222.4  57.3 278.6  06.7 7.04E-06 005.9 185.7  33.5 0.031934 0.416937 0.029726 hargrave 2021-05-23 15:32:45 
TT 674 219.3  59.4 280.6  08.5 6.71E-06 003.6 183.6  35.5 0.023008 0.242024 0.022114 hargrave 2021-05-24 17:52:34 
TT 676 222.9  56.0 277.3  06.4 6.67E-06 003.7 186.1  32.2 0.029227 0.251712 0.024562 hargrave 2021-05-25 17:42:16 
TT 678 218.4  59.9 281.1  09.0 6.12E-06 004.3 183.0  36.0 0.024391 0.264986 0.025079 hargrave 2021-05-26 18:19:45 
TT 680 230.6  59.2 281.1  02.8 5.25E-06 002.4 190.7  35.9 0.033735 0.124369 0.017488 hargrave 2021-05-30 12:27:20 
TT 682 224.8  58.9 280.3  05.7 4.04E-06 003.8 187.1  35.2 0.034642 0.152777 0.015639 hargrave 2021-05-31 13:36:07 
