PF18- 56a mag compass orientation (IGRF corrected)
  96.46 155.6  21.0 221.5  81.4   8.4
NRM    251.0  69.5 293.7 -01.8 6.72E-05 004.6 182.9  48.5 0.165122 4.553748 0.294441 hargrave 2021-04-06 19:31:10 
TT  50 236.8  69.3 291.6  02.7 6.71E-05 000.4 175.3  48.5 0.180903 0.269358 0.285186 hargrave 2021-04-12 11:27:24 
TT 100 238.4  68.1 290.6  01.8 6.39E-05 002.4 176.0  47.2 0.149550 2.280663 0.286092 hargrave 2021-04-13 12:41:01 
TT 150 237.3  65.9 288.4  01.5 5.93E-05 001.4 175.2  45.1 0.210817 1.148790 0.240420 hargrave 2021-04-14 19:53:41 
TT 200 235.2  64.8 287.1  02.0 5.69E-05 000.5 173.9  44.0 0.337795 0.268095 0.303103 hargrave 2021-04-16 13:40:33 
TT 250 230.3  64.0 285.8  03.9 5.42E-05 000.5 170.8  43.5 0.163816 0.327671 0.244685 hargrave 2021-04-19 23:59:21 
TT 300 235.4  63.4 285.7  01.6 4.97E-05 000.6 173.8  42.6 0.155080 0.364911 0.241145 hargrave 2021-04-21 14:15:33 
TT 325 236.4  63.5 286.0  01.2 4.66E-05 000.7 174.4  42.7 0.166776 0.429731 0.237188 hargrave 2021-04-22 11:54:59 
TT 350 236.4  63.3 285.8  01.1 4.41E-05 001.3 174.4  42.5 0.115175 0.804503 0.261859 hargrave 2021-04-23 09:48:07 
TT 375 228.4  62.9 284.6  04.6 4.12E-05 000.7 169.5  42.5 0.146537 0.383022 0.192254 hargrave 2021-04-24 16:48:09 
TT 415 230.2  63.4 285.2  03.8 3.95E-05 002.9 170.7  42.8 0.283911 1.672891 0.190829 hargrave 2021-04-25 16:23:59 
TT 450 234.0  63.4 285.6  02.2 3.73E-05 000.6 173.0  42.7 0.157779 0.223695 0.181153 hargrave 2021-04-27 08:40:06 
TT 475 228.9  63.3 285.0  04.4 3.56E-05 001.6 169.8  42.9 0.117578 0.827439 0.196797 hargrave 2021-04-29 11:18:11 
TT 500 225.4  63.7 285.1  06.0 3.37E-05 003.8 167.8  43.4 0.278039 1.863721 0.155724 hargrave 2021-04-30 16:20:17 
TT 520 243.6  64.3 287.8 -01.5 3.23E-05 002.3 178.8  43.3 0.092721 1.081307 0.166911 hargrave 2021-05-01 18:33:02 
TT 535 234.9  64.0 286.2  01.9 2.93E-05 001.4 173.6  43.2 0.174776 0.518656 0.226197 hargrave 2021-05-03 10:15:24 
TT 550 253.9 -22.5 200.2 -33.1 2.62E-05 001.7 190.5 -43.2 0.088914 0.634594 0.117343 hargrave 2021-05-04 13:58:26 
TT 560 216.3  63.9 285.1  10.0 2.07E-05 001.8 162.4  44.5 0.120998 0.523084 0.097085 hargrave 2021-05-06 17:21:46 
TT 570 225.3  63.9 285.3  06.0 1.37E-05 002.0 167.8  43.6 0.084060 0.397101 0.060271 hargrave 2021-05-07 12:01:44 
TT 580 214.4  67.3 288.6  10.7 1.17E-05 003.1 162.6  48.0 0.135887 0.521161 0.063260 hargrave 2021-05-08 13:26:35 
TT 590 220.5  64.1 285.3  08.2 1.13E-05 001.2 165.0  44.3 0.051067 0.190120 0.060539 hargrave 2021-05-09 14:52:41 
TT 600 218.5  67.4 288.6  09.1 9.49E-06 000.4 164.9  47.7 0.056465 0.038149 0.042236 hargrave 2021-05-10 15:36:33 
TT 610 213.3  62.6 283.8  11.4 8.74E-06 001.6 160.1  43.6 0.066217 0.191416 0.055339 hargrave 2021-05-11 17:33:07 
TT 620 212.8  73.7 295.1  10.7 5.89E-06 001.1 164.9  54.2 0.048016 0.097670 0.047062 hargrave 2021-05-12 19:47:29 
TT 630 224.2  55.9 277.3  05.6 7.57E-06 001.3 165.4  35.9 0.053384 0.134803 0.042299 hargrave 2021-05-14 17:06:54 
TT 640 228.0  58.6 280.3  04.0 6.99E-06 000.7 168.5  38.2 0.080333 0.048385 0.037382 hargrave 2021-05-15 14:50:43 
TT 650 223.6  57.9 279.2  06.2 6.51E-06 001.7 165.4  37.9 0.045334 0.159858 0.038415 hargrave 2021-05-16 17:42:04 
TT 660 261.2  70.0 296.2 -04.3 4.58E-06 003.7 188.1  49.4 0.070010 0.240204 0.021539 hargrave 2021-05-17 18:24:14 
TT 664 192.1  55.5 278.9  23.5 4.64E-06 002.3 143.2  40.4 0.065389 0.159066 0.034921 hargrave 2021-05-18 21:51:06 
TT 668 166.7  64.8 295.3  28.6 3.53E-06 002.9 133.8  54.6 0.072402 0.141878 0.034112 hargrave 2021-05-20 10:39:58 
TT 672 172.6  65.2 293.6  26.6 3.35E-06 002.6 137.7  53.5 0.057756 0.124498 0.032508 hargrave 2021-05-23 16:00:37 
TT 674 218.5  51.7 272.8  08.6 4.93E-06 003.1 160.5  32.4 0.046558 0.230830 0.047820 hargrave 2021-05-24 18:17:46 
TT 676 329.7  78.8 315.0 -02.0 2.65E-06 002.8 207.5  65.3 0.038153 0.102342 0.012838 hargrave 2021-05-25 18:09:28 
