PF18- 6b mag compass orientation (IGRF corrected)
 105.35  77.6   5.0 221.5  81.4  14.4
NRM    257.9  62.8 289.7 -07.8 3.60E-05 001.7 260.6  62.4 0.089652 1.393362 0.712734 hargrave 2021-04-06 18:18:00 
TT  50 251.9  63.0 288.4 -05.4 3.59E-05 002.4 254.8  62.1 1.092186 1.710739 0.727708 hargrave 2021-04-12 09:58:19 
TT 100 256.6  62.4 289.1 -07.5 3.56E-05 001.7 259.6  61.9 0.215772 1.378800 0.656575 hargrave 2021-04-13 11:11:00 
TT 100 254.9  62.6 288.8 -06.7 3.56E-05 001.8 257.8  62.0 0.840400 1.174918 0.660582 hargrave 2021-04-13 12:59:12 
TT 150 166.1  05.5 218.6  55.6 3.30E-06 082.4 178.5  00.5 0.638650 24.22915 47.03607 hargrave 2021-04-14 18:37:54 
TT 150 257.3  61.0 288.1 -08.6 3.45E-05 002.1 260.7  60.6 0.335204 1.632755 0.824309 hargrave 2021-04-14 20:19:17 
TT 200 252.2  57.5 283.6 -08.4 3.21E-05 002.4 257.0  56.7 0.884936 1.576687 0.739345 hargrave 2021-04-16 12:17:25 
TT 250 250.9  55.6 281.6 -08.7 3.01E-05 004.4 256.2  54.7 2.718353 1.846190 0.752487 hargrave 2021-04-19 22:44:43 
TT 300 247.9  54.7 280.0 -07.6 2.90E-05 001.6 253.6  53.6 0.330874 0.891508 0.657244 hargrave 2021-04-21 12:41:29 
TT 325 248.8  54.2 279.8 -08.3 2.76E-05 001.9 254.6  53.1 0.939895 0.605186 0.640643 hargrave 2021-04-22 10:21:10 
TT 350 247.8  53.9 279.3 -07.9 2.61E-05 004.2 253.7  52.8 2.239206 1.524314 0.540181 hargrave 2021-04-23 08:14:49 
TT 375 245.6  53.7 278.6 -06.8 2.34E-05 001.5 251.6  52.4 0.372145 0.577578 0.529395 hargrave 2021-04-24 15:11:11 
TT 415 244.8  53.7 278.3 -06.4 2.12E-05 002.9 250.8  52.3 1.038410 1.041691 0.500283 hargrave 2021-04-25 14:03:38 
TT 450 241.2  54.2 278.0 -04.2 1.81E-05 002.4 247.3  52.6 0.524086 0.866289 0.451192 hargrave 2021-04-26 19:53:05 
TT 475 240.4  54.2 277.8 -03.8 1.74E-05 002.4 246.5  52.4 0.587544 0.769910 0.377510 hargrave 2021-04-29 09:45:14 
TT 500 239.3  54.3 277.7 -03.1 1.65E-05 001.9 245.4  52.5 0.171317 0.686014 0.369884 hargrave 2021-04-30 14:52:29 
TT 520 241.7  53.9 277.8 -04.6 1.53E-05 002.7 247.8  52.3 0.695715 0.734544 0.304726 hargrave 2021-05-01 17:04:30 
TT 535 242.4  52.8 276.9 -05.4 1.44E-05 003.6 248.7  51.2 0.869051 0.863883 0.406199 hargrave 2021-05-03 08:41:15 
TT 550 235.7  54.1 276.9 -01.2 1.36E-05 001.5 242.1  52.0 0.079501 0.405338 0.289623 hargrave 2021-05-04 12:26:31 
TT 560 237.4  54.1 277.2 -02.2 1.25E-05 003.6 243.7  52.1 0.833420 0.740040 0.239753 hargrave 2021-05-06 15:48:08 
TT 570 239.2  55.0 278.4 -02.9 1.17E-05 002.5 245.2  53.2 0.289115 0.637924 0.254048 hargrave 2021-05-07 10:30:15 
TT 580 232.1  55.0 277.1  01.0 1.10E-05 001.2 238.5  52.6 0.193117 0.199079 0.198719 hargrave 2021-05-08 11:50:29 
TT 590 234.9  55.6 278.2 -00.3 1.05E-05 001.3 241.0  53.5 0.130799 0.237711 0.198189 hargrave 2021-05-09 13:13:07 
TT 600 236.1  55.1 277.9 -01.2 9.77E-06 002.2 242.3  53.0 0.307434 0.430375 0.162630 hargrave 2021-05-10 13:59:40 
TT 610 232.6  54.4 276.6  00.6 9.19E-06 002.3 239.1  52.0 0.295944 0.413459 0.162902 hargrave 2021-05-11 15:54:41 
TT 620 233.1  54.2 276.6  00.3 8.60E-06 001.8 239.6  51.9 0.091127 0.321517 0.198119 hargrave 2021-05-12 18:15:35 
TT 630 230.1  54.0 275.9  01.9 8.27E-06 002.7 236.8  51.5 0.316677 0.447393 0.149403 hargrave 2021-05-14 15:33:06 
TT 640 229.3  54.3 276.1  02.5 7.13E-06 003.5 236.0  51.7 0.423072 0.443028 0.146435 hargrave 2021-05-15 13:17:45 
TT 650 226.4  53.5 275.0  04.0 6.65E-06 002.7 233.4  50.7 0.253286 0.341082 0.144060 hargrave 2021-05-16 16:10:46 
TT 660 220.7  57.4 278.6  07.7 5.54E-06 003.8 227.4  54.2 0.311959 0.416037 0.106598 hargrave 2021-05-17 16:49:19 
TT 664 222.0  54.2 275.4  06.7 5.49E-06 001.9 229.2  51.1 0.113370 0.217170 0.085141 hargrave 2021-05-18 20:18:34 
TT 668 229.7  58.2 280.0  03.0 4.78E-06 002.8 235.5  55.6 0.199320 0.254293 0.096075 hargrave 2021-05-20 09:07:02 
TT 672 219.9  57.3 278.4  08.1 4.51E-06 005.1 226.7  54.0 0.365732 0.442437 0.063849 hargrave 2021-05-23 14:26:22 
TT 674 220.4  57.6 278.7  07.8 3.96E-06 003.4 227.2  54.4 0.171433 0.285972 0.049281 hargrave 2021-05-24 16:47:01 
TT 676 217.3  55.8 276.9  09.5 3.06E-06 001.8 224.6  52.4 0.038595 0.121154 0.048804 hargrave 2021-05-25 16:32:33 
TT 678 222.6  47.2 268.4  05.5 1.74E-06 006.4 230.9  44.2 0.188133 0.204770 0.040772 hargrave 2021-05-26 17:12:25 
TT 680 209.2  52.9 274.0  14.3 1.09E-06 004.5 217.7  49.0 0.063003 0.106408 0.010981 hargrave 2021-05-30 11:22:35 
TT 682 131.3  35.1 311.8  63.5 4.31E-07 003.7 145.6  31.0 0.011707 0.038744 0.012947 hargrave 2021-05-31 12:31:23 
