PF18- 81a sun compass orientation
 118.51 327.9  40.0 218.9  81.9  13.5
NRM    241.8  74.5 294.6  01.9 8.96E-05 001.5 177.5  65.5 2.737638 0.440628 1.488561 hargrave 2021-04-08 14:16:25 
TT  50 241.5  74.2 294.3  01.8 8.82E-05 001.7 177.6  65.8 2.532954 2.208941 1.396738 hargrave 2021-04-09 13:38:52 
TT 100 253.2  71.0 293.3 -02.8 7.90E-05 001.7 166.8  67.8 2.655238 1.398226 1.088244 hargrave 2021-04-10 14:06:19 
TT 150 260.9  62.4 288.4 -10.5 6.60E-05 001.7 143.3  72.4 2.476841 0.768157 0.579855 hargrave 2021-04-11 12:40:33 
TT 200 262.1  57.4 285.0 -14.3 6.14E-05 000.9 126.7  74.0 0.952404 0.838134 0.318985 hargrave 2021-04-13 15:43:02 
TT 250 259.5  53.6 281.0 -15.6 2.72E-05 059.8 113.3  76.3 3.690297 8.561504 38.08758 hargrave 2021-04-18 14:34:37 
TT 250 260.4  54.8 282.3 -15.2 5.44E-05 001.0 118.1  75.5 1.198884 0.304307 0.198226 hargrave 2021-04-18 15:50:58 
TT 300 259.0  52.4 279.8 -16.1 2.32E-05 082.2 108.4  76.6 2.449325 7.341095 32.55302 hargrave 2021-04-19 14:46:21 
TT 300 259.3  52.9 280.4 -15.9 4.64E-05 001.0 110.6  76.4 1.086775 0.185176 0.108205 hargrave 2021-04-19 16:37:27 
TT 325 257.9  50.4 277.7 -16.8 1.97E-05 022.7 099.3  77.2 1.028278 6.187575 27.67381 hargrave 2021-04-20 13:13:16 
TT 325 258.5  50.9 278.4 -16.8 3.93E-05 001.4 101.8  76.9 1.260698 0.298482 0.085502 hargrave 2021-04-20 16:29:51 
TT 350 258.3  49.8 277.4 -17.3 3.56E-05 000.7 097.2  76.9 0.543657 0.163732 0.116523 hargrave 2021-04-23 12:54:01 
TT 375 259.7  49.6 277.8 -18.2 3.19E-05 000.9 096.8  76.0 0.693068 0.155716 0.082893 hargrave 2021-04-25 09:55:21 
TT 415 259.1  49.4 277.4 -17.9 2.69E-05 001.1 095.8  76.4 0.645927 0.194019 0.077343 hargrave 2021-04-26 08:58:56 
TT 450 258.3  49.0 276.7 -17.8 2.23E-05 000.4 093.4  76.7 0.161038 0.092866 0.068991 hargrave 2021-04-27 13:41:02 
TT 475 257.2  48.6 275.9 -17.5 1.97E-05 001.6 090.8  77.4 0.726692 0.084543 0.055977 hargrave 2021-04-29 14:32:06 
TT 500 256.3  48.6 275.5 -17.0 1.64E-05 000.8 090.2  77.9 0.296703 0.081936 0.056391 hargrave 2021-05-01 09:41:09 
TT 520 256.3  47.6 274.8 -17.5 1.45E-05 001.4 086.1  77.7 0.433763 0.175499 0.044284 hargrave 2021-05-02 16:14:24 
TT 535 252.6  46.5 272.3 -16.0 1.19E-05 001.0 075.8  79.6 0.264576 0.105416 0.018175 hargrave 2021-05-04 08:53:50 
TT 550 252.5  46.0 271.8 -16.2 1.05E-05 001.5 073.1  79.4 0.358608 0.051891 0.025929 hargrave 2021-05-04 18:30:52 
TT 560 254.2  41.6 268.6 -19.5 9.63E-06 001.3 059.7  76.0 0.291498 0.035180 0.054529 hargrave 2021-05-05 15:58:09 
TT 570 254.3  42.7 269.6 -19.0 7.07E-06 001.8 063.6  76.6 0.283937 0.068844 0.038909 hargrave 2021-05-06 22:15:30 
TT 580 259.8  48.6 277.0 -18.9 5.02E-06 000.9 092.8  75.7 0.089682 0.050484 0.015989 hargrave 2021-05-08 19:31:09 
TT 590 245.1  57.1 279.5 -06.9 4.17E-06 001.8 151.5  81.7 0.154224 0.085602 0.009006 hargrave 2021-05-09 18:33:11 
TT 600 253.5  29.1 256.3 -25.0 3.50E-06 002.4 035.2  66.0 0.188442 0.061982 0.029463 hargrave 2021-05-11 09:21:11 
TT 610 276.2  64.1 294.9 -13.7 2.75E-06 002.5 139.4  65.4 0.138536 0.110768 0.010400 hargrave 2021-05-12 09:18:22 
TT 620 226.9  17.3 237.3 -05.1 2.26E-06 002.5 340.9  56.2 0.105504 0.028274 0.082719 hargrave 2021-05-13 12:10:31 
TT 630 268.6  78.9 301.8 -00.4 2.20E-06 003.7 169.0  59.1 0.058864 0.189116 0.009529 hargrave 2021-05-14 11:38:25 
TT 640 191.9  55.0 275.4  21.9 1.50E-06 004.1 241.9  62.1 0.143435 0.043559 0.030240 hargrave 2021-05-15 09:49:08 
TT 650 137.1  83.3 307.9  14.8 1.61E-06 003.2 190.0  48.3 0.067878 0.100799 0.026276 hargrave 2021-05-16 11:40:18 
TT 660 239.8 -15.6 205.3 -22.2 1.69E-06 003.2 002.0  24.4 0.171044 0.043655 0.077865 hargrave 2021-05-17 12:51:59 
TT 664 310.9  52.8 310.3 -29.1 1.19E-06 002.6 123.0  46.4 0.025261 0.083104 0.008806 hargrave 2021-05-18 15:12:16 
TT 668 300.7  29.2 297.3 -51.8 1.16E-06 001.3 090.6  39.1 0.031847 0.040325 0.027850 hargrave 2021-05-19 17:43:34 
TT 672 214.9 -03.0 215.3  03.6 1.62E-06 004.1 332.1  33.4 0.118526 0.068024 0.085354 hargrave 2021-05-23 10:55:40 
TT 674 299.5  07.5 277.6 -71.8 1.14E-06 001.9 072.3  23.7 0.041985 0.042386 0.029565 hargrave 2021-05-24 13:12:18 
TT 676 202.3 -23.9 192.4  11.6 1.62E-06 002.8 327.3  09.7 0.073620 0.060907 0.069200 hargrave 2021-05-25 13:01:30 
