PF18- 18a mag compass orientation (IGRF corrected)
 104.02 137.6  25.0 221.5  81.4  11.8
NRM    264.5  68.1 295.6 -06.5 7.97E-05 000.7 198.7  45.6 0.456764 0.874203 0.493491 hargrave 2021-04-06 18:33:17 
TT  50 265.2  67.6 295.4 -07.0 7.95E-05 002.6 199.3  45.3 1.066096 4.188041 0.494872 hargrave 2021-04-12 10:17:57 
TT 100 263.0  67.0 294.4 -06.8 7.66E-05 001.7 198.5  44.4 1.260284 2.283762 0.486415 hargrave 2021-04-13 11:32:14 
TT 150 227.1  25.0 247.1 -01.4 4.74E-05 040.5 179.5  00.0 0.226962 13.71422 45.75138 hargrave 2021-04-14 18:54:04 
TT 150 246.8  60.9 285.3 -04.3 6.08E-05 000.9 191.5  36.7 0.575297 0.932792 0.426245 hargrave 2021-04-14 20:27:40 
TT 200 253.3  56.7 283.3 -09.3 5.50E-05 000.7 196.6  33.2 0.678890 0.538596 0.423124 hargrave 2021-04-16 12:37:00 
TT 250 241.6  55.9 279.7 -03.8 5.13E-05 001.0 189.1  31.4 0.213037 0.980698 0.476918 hargrave 2021-04-19 23:01:45 
TT 300 246.5  54.8 279.7 -06.8 4.59E-05 002.6 192.5  30.6 0.546864 2.342972 0.365059 hargrave 2021-04-21 13:02:49 
TT 325 245.4  54.4 279.1 -06.4 4.11E-05 000.5 191.9  30.2 0.108868 0.340990 0.299750 hargrave 2021-04-22 10:42:32 
TT 350 243.0  54.4 278.6 -05.1 3.66E-05 001.6 190.3  30.0 0.200451 1.131333 0.292612 hargrave 2021-04-23 08:35:18 
TT 375 243.9  53.9 278.3 -05.8 3.30E-05 001.3 191.0  29.6 0.171922 0.817940 0.250345 hargrave 2021-04-24 15:33:22 
TT 415 237.3  53.6 276.6 -02.3 3.09E-05 003.1 186.6  28.8 0.387675 1.906804 0.252168 hargrave 2021-04-25 14:23:08 
TT 450 243.9  53.5 277.9 -06.0 2.73E-05 001.5 191.0  29.1 0.229578 0.743861 0.296992 hargrave 2021-04-26 20:43:34 
TT 475 241.8  52.7 276.7 -05.1 2.61E-05 001.0 189.7  28.2 0.172211 0.411774 0.325477 hargrave 2021-04-29 10:06:28 
TT 500 235.6  53.0 275.8 -01.5 2.49E-05 005.7 185.5  28.2 0.418856 2.895159 0.207777 hargrave 2021-04-30 15:11:59 
TT 520 241.4  52.6 276.5 -04.9 2.37E-05 001.7 189.4  28.1 0.103581 0.761696 0.290984 hargrave 2021-05-01 17:24:26 
TT 535 242.8  52.2 276.5 -05.8 2.23E-05 003.3 190.5  27.8 0.168791 1.472951 0.199770 hargrave 2021-05-03 09:02:36 
TT 550 242.6  51.5 275.8 -06.0 2.15E-05 000.8 190.4  27.1 0.088878 0.317294 0.190336 hargrave 2021-05-04 12:46:51 
TT 560 242.2  52.2 276.4 -05.5 2.03E-05 003.0 190.0  27.8 0.282441 1.195479 0.247838 hargrave 2021-05-06 16:08:29 
TT 570 242.1  51.4 275.6 -05.8 1.87E-05 001.2 190.1  26.9 0.113484 0.408587 0.210548 hargrave 2021-05-07 10:50:51 
TT 580 238.5  52.4 275.7 -03.3 1.77E-05 002.4 187.5  27.7 0.066418 0.823002 0.241919 hargrave 2021-05-08 12:12:29 
TT 590 240.3  52.2 275.9 -04.4 1.71E-05 000.9 188.7  27.6 0.051617 0.234602 0.212062 hargrave 2021-05-09 13:35:21 
TT 600 239.4  52.0 275.5 -03.9 1.62E-05 000.8 188.1  27.4 0.054215 0.164120 0.208981 hargrave 2021-05-10 14:22:15 
TT 610 235.4  51.5 274.3 -01.8 1.60E-05 002.5 185.5  26.7 0.123409 0.799127 0.204079 hargrave 2021-05-11 16:16:50 
TT 620 232.6  51.7 274.1 -00.0 1.49E-05 000.6 183.4  26.8 0.054438 0.134017 0.161123 hargrave 2021-05-12 18:37:26 
TT 630 239.1  51.1 274.6 -04.1 1.52E-05 002.1 188.0  26.4 0.145783 0.638798 0.135181 hargrave 2021-05-14 15:53:27 
TT 640 241.9  51.3 275.4 -05.7 1.46E-05 001.6 190.0  26.8 0.113591 0.461715 0.138851 hargrave 2021-05-15 13:39:24 
TT 650 233.6  51.5 274.0 -00.7 1.45E-05 001.2 184.2  26.6 0.043938 0.320679 0.146127 hargrave 2021-05-16 16:32:19 
TT 660 234.8  51.8 274.5 -01.3 1.37E-05 001.5 185.0  26.9 0.093744 0.402542 0.155556 hargrave 2021-05-17 17:11:28 
TT 664 235.0  51.9 274.6 -01.4 1.34E-05 000.8 185.1  27.1 0.064754 0.147301 0.164023 hargrave 2021-05-18 20:39:45 
TT 668 238.7  50.8 274.3 -04.0 1.27E-05 002.8 187.8  26.2 0.117698 0.710451 0.108652 hargrave 2021-05-20 09:27:28 
TT 672 236.4  51.8 274.7 -02.3 1.13E-05 000.8 186.1  27.0 0.050213 0.168541 0.096436 hargrave 2021-05-23 14:48:41 
TT 674 236.9  50.8 273.9 -02.9 1.11E-05 000.9 186.5  26.0 0.066584 0.130795 0.159959 hargrave 2021-05-24 17:08:33 
TT 676 240.1  50.2 274.0 -05.0 1.03E-05 001.0 188.9  25.6 0.041784 0.181990 0.126253 hargrave 2021-05-25 16:54:51 
