PF18- 140a mag compass orientation (IGRF corrected)
 145.77 131.6  25.0 222.8  83.0  12.8
NRM    250.5  64.9 290.6 -04.9 3.64E-05 003.1 195.9  41.6 1.110386 2.194290 0.386809 hargrave 2021-04-09 19:17:38 
TT  50 246.8  64.8 289.9 -03.5 3.62E-05 001.5 193.9  41.1 0.680661 0.937230 0.391920 hargrave 2021-04-10 17:58:48 
TT 100 243.8  60.9 285.7 -03.8 3.47E-05 000.8 193.3  37.0 0.496210 0.175327 0.369912 hargrave 2021-04-12 14:26:02 
TT 150 234.1  57.9 281.4 -00.0 3.44E-05 001.3 187.9  33.3 0.559250 0.783276 0.430097 hargrave 2021-04-14 15:16:31 
TT 200 234.8  57.2 280.9 -00.5 3.43E-05 001.9 188.5  32.7 0.625171 1.298261 0.396880 hargrave 2021-04-15 13:12:50 
TT 250 226.9  52.9 275.7  03.1 3.23E-05 002.3 183.6  27.9 0.439145 1.554724 0.473902 hargrave 2021-04-16 18:02:59 
TT 300 222.3  50.8 273.3  05.7 2.81E-05 002.0 180.5  25.8 0.292441 1.198497 0.382384 hargrave 2021-04-18 21:04:46 
TT 325 226.2  50.0 272.8  03.2 2.62E-05 001.2 183.2  25.1 0.215373 0.529370 0.426226 hargrave 2021-04-21 17:46:44 
TT 350 224.9  49.4 272.2  04.0 2.43E-05 000.9 182.4  24.5 0.202588 0.211145 0.383754 hargrave 2021-04-22 15:19:52 
TT 375 217.4  48.5 270.9  08.8 2.21E-05 002.8 177.0  23.6 0.140037 1.318553 0.324804 hargrave 2021-04-23 16:33:21 
TT 415 217.8  47.9 270.3  08.6 2.01E-05 001.1 177.2  23.0 0.206974 0.363966 0.289802 hargrave 2021-04-25 19:36:38 
TT 450 219.6  47.2 269.7  07.3 1.83E-05 002.1 178.5  22.2 0.151915 0.793911 0.293235 hargrave 2021-04-28 09:10:47 
TT 475 217.4  46.5 268.9  08.8 1.70E-05 000.9 176.9  21.5 0.155564 0.150697 0.250627 hargrave 2021-04-30 11:12:57 
TT 500 220.8  46.1 268.6  06.4 1.58E-05 003.5 179.4  21.1 0.093405 1.209637 0.189291 hargrave 2021-05-01 13:20:49 
TT 520 214.9  46.3 268.7  10.5 1.49E-05 002.0 175.0  21.5 0.170053 0.575140 0.286165 hargrave 2021-05-02 12:11:34 
TT 535 214.0  46.3 268.7  11.1 1.39E-05 002.4 174.4  21.4 0.093446 0.692152 0.260058 hargrave 2021-05-03 13:09:08 
TT 550 211.9  45.6 268.1  12.6 1.31E-05 001.9 172.8  20.9 0.145217 0.507515 0.223005 hargrave 2021-05-05 11:58:46 
TT 560 214.7  44.7 267.1  10.7 1.24E-05 003.4 174.8  19.8 0.165891 0.896056 0.223488 hargrave 2021-05-06 09:00:54 
TT 570 210.9  43.6 266.0  13.4 1.18E-05 001.1 171.8  18.9 0.088004 0.208277 0.202352 hargrave 2021-05-07 14:56:12 
TT 580 213.5  43.9 266.3  11.5 1.07E-05 001.4 173.8  19.1 0.121030 0.263619 0.183702 hargrave 2021-05-09 09:38:43 
TT 590 205.9  41.7 264.4  17.3 1.05E-05 001.4 167.8  17.4 0.050857 0.279734 0.190510 hargrave 2021-05-10 10:29:51 
TT 600 210.2  42.4 264.8  14.0 9.66E-06 002.2 171.2  17.8 0.056015 0.457602 0.162946 hargrave 2021-05-11 12:57:48 
TT 610 209.5  41.2 263.7  14.6 9.74E-06 001.5 170.6  16.7 0.056012 0.273689 0.167852 hargrave 2021-05-12 13:58:01 
TT 620 210.8  40.4 262.8  13.6 9.37E-06 000.9 171.5  15.8 0.079516 0.072238 0.167880 hargrave 2021-05-13 17:49:29 
TT 630 201.9  39.3 262.2  20.6 9.25E-06 001.5 164.3  15.4 0.110740 0.215312 0.198575 hargrave 2021-05-16 13:44:56 
TT 640 211.2  41.2 263.5  13.3 8.55E-06 001.0 171.9  16.5 0.047840 0.079765 0.167216 hargrave 2021-05-17 09:10:57 
TT 650 209.4  40.2 262.6  14.8 8.75E-06 001.0 170.3  15.7 0.068350 0.087746 0.177254 hargrave 2021-05-18 11:21:24 
TT 660 211.9  40.3 262.6  12.8 8.17E-06 000.9 172.3  15.5 0.064533 0.068057 0.152571 hargrave 2021-05-19 10:57:11 
TT 664 203.2  38.8 261.6  19.6 7.66E-06 002.6 165.3  14.8 0.147756 0.406093 0.125337 hargrave 2021-05-20 18:46:01 
TT 668 204.5  38.3 260.9  18.7 6.35E-06 001.5 166.2  14.1 0.052348 0.168292 0.122496 hargrave 2021-05-22 09:38:04 
TT 672 204.7  38.0 260.6  18.5 5.17E-06 001.1 166.4  13.9 0.039834 0.068783 0.105637 hargrave 2021-05-24 09:37:24 
TT 674 208.2  40.1 262.5  15.7 3.98E-06 001.8 169.4  15.6 0.055645 0.144948 0.068423 hargrave 2021-05-25 09:10:26 
TT 676 203.5  38.5 261.3  19.4 2.94E-06 001.0 165.5  14.5 0.034947 0.047887 0.054680 hargrave 2021-05-26 09:13:51 
TT 678 207.0  35.1 257.4  16.9 1.84E-06 001.0 167.9  10.7 0.030028 0.036259 0.017566 hargrave 2021-05-29 11:30:41 
TT 680 215.8  42.4 264.7  09.9 1.30E-06 002.6 175.5  17.5 0.030297 0.074757 0.018927 hargrave 2021-05-31 09:13:02 
