PF18- 122a mag compass orientation (IGRF corrected)
 135.38 126.6  12.0 218.9  81.9  14.0
NRM    239.5  61.4 282.2 -02.5 4.31E-05 000.8 196.9  50.1 0.540988 0.305715 0.503921 hargrave 2021-04-09 18:45:54 
TT  50 239.6  61.3 282.2 -02.5 4.30E-05 002.5 196.9  50.0 1.239386 2.268630 0.483230 hargrave 2021-04-10 17:30:51 
TT 100 239.0  61.4 282.1 -02.3 4.26E-05 002.7 196.5  50.0 0.438502 2.767900 0.502435 hargrave 2021-04-12 13:59:47 
TT 150 239.8  60.4 281.4 -03.0 4.12E-05 000.7 197.3  49.1 0.437953 0.255083 0.519803 hargrave 2021-04-14 14:43:47 
TT 200 234.0  60.5 280.5 -00.2 4.09E-05 001.0 192.9  48.9 0.252599 0.704981 0.682791 hargrave 2021-04-15 12:40:59 
TT 250 229.7  53.2 272.8  00.1 3.18E-05 000.8 190.4  41.4 0.317938 0.147948 0.488116 hargrave 2021-04-16 17:38:27 
TT 300 233.0  51.5 271.8 -02.3 2.98E-05 000.9 193.3  39.9 0.120360 0.443773 0.505043 hargrave 2021-04-18 20:33:38 
TT 325 228.8  50.5 270.1  00.0 2.84E-05 003.1 189.9  38.7 0.701115 1.991595 0.390928 hargrave 2021-04-21 16:47:14 
TT 350 230.5  49.7 269.6 -01.2 2.63E-05 002.3 191.4  38.0 0.631705 1.254006 0.408791 hargrave 2021-04-22 14:48:39 
TT 375 227.5  50.9 270.3  00.9 2.22E-05 002.7 188.9  39.1 0.366703 1.351250 0.347893 hargrave 2021-04-23 16:01:31 
TT 415 225.1  49.7 268.8  02.2 1.87E-05 001.0 186.9  37.8 0.097830 0.375757 0.248122 hargrave 2021-04-25 19:03:13 
TT 450 224.7  48.8 268.0  02.3 1.64E-05 002.4 186.6  36.9 0.395995 0.906469 0.235378 hargrave 2021-04-28 08:21:55 
TT 475 225.4  49.2 268.3  01.9 1.51E-05 000.7 187.2  37.3 0.067118 0.186080 0.183063 hargrave 2021-04-30 10:39:25 
TT 500 221.3  48.9 267.7  04.6 1.38E-05 002.4 183.8  36.9 0.177723 0.756471 0.203681 hargrave 2021-05-01 12:49:45 
TT 520 219.1  47.1 265.7  05.8 1.27E-05 004.5 182.1  35.1 0.197475 1.380413 0.195973 hargrave 2021-05-02 11:38:28 
TT 535 217.7  49.0 267.5  06.9 1.19E-05 001.3 180.9  37.0 0.034651 0.372366 0.116218 hargrave 2021-05-03 12:34:49 
TT 550 221.7  48.2 267.0  04.2 1.10E-05 001.4 184.2  36.2 0.214020 0.260676 0.179983 hargrave 2021-05-05 11:25:21 
TT 560 211.0  42.6 260.9  11.3 8.93E-06 002.1 175.2  30.7 0.136397 0.409916 0.170171 hargrave 2021-05-06 08:28:22 
TT 570 209.4  52.8 271.3  12.2 7.29E-06 002.8 174.3  40.9 0.074629 0.484455 0.124401 hargrave 2021-05-07 14:22:56 
TT 580 206.6  51.6 270.2  14.0 6.59E-06 002.4 172.0  39.8 0.182868 0.317297 0.127248 hargrave 2021-05-09 09:04:30 
TT 590 199.0  37.9 256.4  20.7 4.51E-06 001.4 164.5  26.4 0.049399 0.107353 0.103871 hargrave 2021-05-10 09:56:30 
TT 600 211.6  40.1 258.3  10.7 4.56E-06 003.2 175.7  28.2 0.079919 0.336851 0.105047 hargrave 2021-05-11 12:25:15 
TT 610 178.3  41.0 264.2  35.4 3.85E-06 001.4 146.8  31.2 0.099878 0.076403 0.076505 hargrave 2021-05-12 13:27:57 
TT 620 195.1  28.5 246.6  24.7 3.78E-06 001.3 160.3  17.3 0.053010 0.083502 0.078191 hargrave 2021-05-13 17:18:44 
TT 630 214.9  34.6 252.9  07.9 3.38E-06 002.3 178.5  22.6 0.064353 0.181355 0.033031 hargrave 2021-05-15 17:11:43 
TT 640 155.0  46.0 282.8  46.0 1.95E-06 002.0 127.7  39.4 0.064504 0.083937 0.024180 hargrave 2021-05-17 08:39:54 
TT 650 201.8  28.0 245.9  18.9 3.64E-06 001.7 166.4  16.4 0.066310 0.142051 0.037390 hargrave 2021-05-18 10:48:45 
TT 660 219.6  31.8 250.5  03.6 3.17E-06 003.9 182.7  19.8 0.051359 0.294337 0.052224 hargrave 2021-05-19 10:24:23 
TT 664 220.5  27.9 246.8  02.3 3.05E-06 003.6 183.6  16.0 0.033345 0.256598 0.064608 hargrave 2021-05-20 18:13:28 
TT 668 154.0  29.0 263.7  58.5 1.77E-06 002.7 122.4  23.0 0.084164 0.098849 0.024246 hargrave 2021-05-22 09:08:01 
TT 672 224.0  37.1 256.3  00.9 1.65E-06 002.4 186.5  25.2 0.114939 0.073232 0.024249 hargrave 2021-05-24 09:07:19 
TT 674 200.4  22.2 239.7  20.1 2.78E-06 002.8 164.8  10.7 0.073461 0.209018 0.031921 hargrave 2021-05-25 08:41:04 
TT 676 151.2  15.4 239.5  66.9 7.22E-07 004.7 117.1  10.2 0.083912 0.020388 0.027227 hargrave 2021-05-26 08:39:22 
TT 678 069.9 -07.5 052.2  29.2 1.00E-06 001.6 033.0  02.6 0.047635 0.019408 0.025276 hargrave 2021-05-29 11:00:37 
TT 680 161.1  17.6 239.0  57.3 6.70E-07 002.8 127.0  10.6 0.065257 0.019933 0.009016 hargrave 2021-05-31 08:42:09 
