PF18- 145a mag compass orientation (IGRF corrected)
  148.2 147.6  28.0 222.8  83.0  13.1
NRM    243.4  60.6 285.3 -03.7 1.21E-04 002.4 183.4  32.6 1.421746 5.296428 3.714384 hargrave 2021-04-09 19:25:03 
TT  50 240.0  60.5 284.7 -02.2 1.20E-04 002.3 181.4  32.5 2.244957 4.621722 3.833908 hargrave 2021-04-10 18:04:55 
TT 100 243.7  60.3 285.2 -04.0 1.21E-04 001.6 183.6  32.4 1.758593 1.385463 3.805292 hargrave 2021-04-12 14:32:55 
TT 150 237.0  59.8 283.6 -01.0 1.18E-04 004.2 179.7  31.8 1.629394 10.71695 3.686964 hargrave 2021-04-14 15:26:23 
TT 200 242.5  59.6 284.3 -03.7 1.18E-04 001.8 182.9  31.6 1.655104 2.551158 3.902199 hargrave 2021-04-15 13:20:41 
TT 250 234.4  50.5 274.3 -01.9 9.66E-05 001.6 177.8  22.5 1.114963 0.635837 3.338430 hargrave 2021-04-16 18:11:12 
TT 300 225.9  48.1 270.9  03.2 8.93E-05 003.9 171.7  20.5 1.689992 7.366762 2.840597 hargrave 2021-04-18 21:15:20 
TT 325 231.1  47.6 271.0 -00.4 8.68E-05 001.5 175.4  19.7 0.794800 0.598210 2.890929 hargrave 2021-04-21 17:54:06 
TT 350 234.0  47.2 270.9 -02.4 8.20E-05 003.8 177.4  19.2 0.440596 6.539550 2.786167 hargrave 2021-04-22 15:27:18 
TT 375 230.1  47.3 270.5  00.2 6.97E-05 002.3 174.6  19.5 0.344072 2.928550 2.319689 hargrave 2021-04-23 16:41:12 
TT 415 221.9  45.7 268.3  05.7 5.74E-05 005.1 168.5  18.5 1.614292 6.240039 1.689635 hargrave 2021-04-25 19:44:28 
TT 450 232.4  46.3 269.9 -01.5 5.10E-05 005.3 176.2  18.4 0.107134 5.913877 1.802604 hargrave 2021-04-28 09:17:32 
TT 475 227.4  46.0 269.0  01.8 4.62E-05 003.9 172.6  18.3 0.223527 3.781111 1.575945 hargrave 2021-04-30 11:21:35 
TT 500 229.0  45.8 268.9  00.7 4.15E-05 001.7 173.7  18.0 0.278890 0.913248 1.353152 hargrave 2021-05-01 13:28:41 
TT 520 223.3  44.6 267.3  04.6 3.78E-05 001.6 169.4  17.3 0.401705 0.428325 1.242865 hargrave 2021-05-02 12:19:20 
TT 535 225.2  45.7 268.5  03.4 3.52E-05 003.2 170.9  18.2 0.241698 2.473293 0.821185 hargrave 2021-05-03 13:16:59 
TT 550 227.0  45.2 268.2  02.0 3.29E-05 002.3 172.2  17.6 0.125346 1.343261 1.089985 hargrave 2021-05-05 12:06:10 
TT 560 220.8  43.7 266.1  06.3 2.99E-05 002.2 167.4  16.5 0.074894 1.171958 0.970171 hargrave 2021-05-06 09:08:18 
TT 570 226.1  45.2 268.0  02.7 2.80E-05 002.0 171.5  17.6 0.348688 0.831678 0.908309 hargrave 2021-05-07 15:03:35 
TT 580 226.6  49.0 271.8  02.8 2.39E-05 003.6 172.3  21.3 0.065799 1.798632 0.783568 hargrave 2021-05-09 09:46:26 
TT 590 221.4  42.2 264.7  05.7 2.13E-05 002.1 167.7  15.0 0.319284 0.745930 0.623409 hargrave 2021-05-10 10:38:06 
TT 600 223.6  44.7 267.3  04.3 1.89E-05 002.0 169.6  17.3 0.274277 0.540704 0.640507 hargrave 2021-05-11 13:06:02 
TT 610 220.4  45.0 267.4  06.6 1.75E-05 002.0 167.3  17.9 0.053923 0.603813 0.539246 hargrave 2021-05-12 14:05:25 
TT 620 220.1  41.7 264.2  06.7 1.42E-05 001.6 166.6  14.7 0.174998 0.310521 0.386615 hargrave 2021-05-13 17:56:51 
TT 630 224.0  41.9 264.5  03.7 1.28E-05 002.5 169.6  14.4 0.059394 0.636310 0.356521 hargrave 2021-05-16 13:53:46 
TT 640 223.7  40.2 262.9  03.8 1.11E-05 001.4 169.2  12.8 0.100769 0.131017 0.331156 hargrave 2021-05-17 09:19:14 
TT 650 216.1  40.2 262.5  09.6 9.93E-06 001.6 163.2  13.7 0.039002 0.256552 0.273656 hargrave 2021-05-18 11:28:49 
TT 660 218.2  39.0 261.4  08.0 8.50E-06 002.4 164.7  12.2 0.034478 0.412652 0.232944 hargrave 2021-05-19 11:04:37 
TT 664 215.6  36.7 258.9  10.0 8.17E-06 001.9 162.2  10.3 0.062885 0.289188 0.201301 hargrave 2021-05-20 18:54:14 
TT 668 218.7  38.5 260.9  07.6 6.88E-06 003.3 165.0  11.7 0.082947 0.472211 0.202270 hargrave 2021-05-22 09:46:19 
TT 672 217.1  36.4 258.6  08.7 6.85E-06 001.4 163.4  09.7 0.076704 0.085300 0.202054 hargrave 2021-05-24 09:44:47 
TT 674 208.6  33.9 256.1  15.7 5.85E-06 003.3 156.0  08.7 0.137938 0.397187 0.131638 hargrave 2021-05-25 09:19:31 
TT 676 211.3  36.0 258.2  13.4 6.03E-06 004.1 158.6  10.3 0.161163 0.509420 0.179022 hargrave 2021-05-26 09:21:12 
TT 678 215.2  36.8 259.0  10.3 4.87E-06 002.0 161.9  10.4 0.052964 0.161548 0.150595 hargrave 2021-05-29 11:38:05 
TT 680 215.7  36.0 258.3  09.8 5.06E-06 002.0 162.2  09.6 0.046650 0.185898 0.133376 hargrave 2021-05-31 09:21:12 
