PF18- 102a mag compass orientation (IGRF corrected)
 127.95 317.6  33.0 218.9  81.9  12.0
NRM    221.7  63.6 282.4  06.0 4.12E-05 000.6 201.1  82.8 0.474463 0.280896 0.094263 hargrave 2021-04-08 14:55:41 
TT  50 220.7  63.3 282.0  06.4 4.10E-05 000.8 205.9  82.9 0.544554 0.446816 0.083282 hargrave 2021-04-09 14:17:04 
TT 100 219.5  62.6 281.3  06.9 3.94E-05 000.4 212.4  83.1 0.250668 0.199687 0.075808 hargrave 2021-04-10 14:44:31 
TT 150 214.6  56.2 274.8  09.1 3.28E-05 000.3 270.6  82.8 0.142729 0.161851 0.054771 hargrave 2021-04-11 13:17:52 
TT 200 212.6  54.1 272.6  10.3 3.08E-05 000.3 282.5  81.0 0.149638 0.122444 0.046786 hargrave 2021-04-13 16:16:32 
TT 250 210.2  52.2 270.7  11.7 2.92E-05 000.7 288.0  78.9 0.384410 0.167444 0.050895 hargrave 2021-04-18 15:06:33 
TT 300 209.1  51.8 270.3  12.4 2.63E-05 000.5 288.2  78.1 0.166235 0.192321 0.061471 hargrave 2021-04-19 15:27:36 
TT 325 209.2  50.2 268.6  12.4 2.31E-05 000.6 294.4  77.2 0.266347 0.103810 0.059261 hargrave 2021-04-20 13:53:49 
TT 350 208.7  49.9 268.4  12.7 2.17E-05 001.0 294.4  76.8 0.207025 0.418417 0.071686 hargrave 2021-04-23 13:31:32 
TT 375 207.5  49.7 268.2  13.5 1.98E-05 000.7 293.0  76.0 0.181370 0.239609 0.065926 hargrave 2021-04-25 10:34:30 
TT 415 205.6  47.9 266.4  14.9 1.66E-05 000.9 294.9  73.9 0.276987 0.114274 0.049242 hargrave 2021-04-26 09:38:13 
TT 450 203.2  47.2 265.9  16.6 1.55E-05 000.7 293.0  72.2 0.140164 0.188842 0.044334 hargrave 2021-04-27 14:21:19 
TT 475 202.0  47.7 266.5  17.4 1.50E-05 000.7 289.9  72.0 0.140559 0.161073 0.038165 hargrave 2021-04-29 15:10:15 
TT 500 202.5  46.1 264.7  17.2 1.40E-05 001.9 294.6  71.1 0.458630 0.314871 0.049785 hargrave 2021-05-01 10:19:30 
TT 520 198.9  45.7 264.7  19.7 1.33E-05 000.8 290.2  69.0 0.192338 0.097294 0.043900 hargrave 2021-05-02 16:49:50 
TT 535 199.0  45.3 264.2  19.7 1.23E-05 000.8 291.3  68.8 0.180217 0.108822 0.048906 hargrave 2021-05-04 09:30:11 
TT 550 196.0  46.0 265.4  21.7 1.12E-05 001.7 286.0  67.7 0.374661 0.108580 0.051149 hargrave 2021-05-04 19:09:27 
TT 560 198.5  45.4 264.4  20.0 1.08E-05 002.3 290.5  68.6 0.501964 0.127075 0.041474 hargrave 2021-05-05 16:37:57 
TT 570 196.7  40.6 259.6  22.0 8.69E-06 001.8 296.2  64.3 0.245430 0.227354 0.049254 hargrave 2021-05-06 22:52:00 
TT 580 190.7  42.4 262.4  26.1 6.97E-06 001.2 286.1  62.5 0.162597 0.069005 0.035009 hargrave 2021-05-08 20:11:01 
TT 590 196.9  38.9 257.7  22.1 6.64E-06 001.2 299.0  63.0 0.142690 0.059329 0.059266 hargrave 2021-05-09 19:11:09 
TT 600 196.1  36.3 255.0  23.1 6.26E-06 001.3 301.1  60.5 0.147107 0.058628 0.048078 hargrave 2021-05-11 09:58:20 
TT 610 194.2  43.2 262.7  23.4 5.48E-06 001.6 288.9  64.9 0.155978 0.088835 0.025872 hargrave 2021-05-12 09:55:40 
TT 620 181.5  45.8 268.5  31.4 4.79E-06 001.3 271.7  59.8 0.108263 0.073313 0.028094 hargrave 2021-05-13 12:48:33 
TT 630 198.9  44.1 263.1  20.0 4.43E-06 001.3 293.3  67.9 0.107312 0.057554 0.024238 hargrave 2021-05-14 12:17:18 
TT 640 190.0  45.0 265.4  25.9 4.09E-06 002.2 281.1  64.0 0.180169 0.042841 0.026282 hargrave 2021-05-15 10:27:01 
TT 650 181.2  44.7 267.4  32.0 4.30E-06 001.2 273.1  59.0 0.082060 0.064923 0.024463 hargrave 2021-05-16 12:18:06 
TT 660 181.8  49.8 272.6  29.6 3.60E-06 002.9 265.3  62.3 0.206889 0.072482 0.015114 hargrave 2021-05-17 13:30:27 
TT 664 193.3  50.2 270.2  22.4 3.51E-06 001.7 274.0  68.8 0.111233 0.065266 0.015072 hargrave 2021-05-18 15:51:01 
TT 668 189.5  25.1 243.3  30.0 4.09E-06 001.9 303.3  48.1 0.155481 0.058302 0.040930 hargrave 2021-05-19 18:22:37 
TT 672 183.6  45.4 267.4  30.2 3.70E-06 007.3 274.2  60.7 0.564042 0.158715 0.027523 hargrave 2021-05-23 11:33:26 
TT 674 178.3  44.3 267.9  34.1 3.48E-06 004.4 271.2  57.1 0.310184 0.092148 0.031671 hargrave 2021-05-24 13:48:36 
TT 676 200.9  27.8 245.6  19.6 3.69E-06 001.4 315.8  55.3 0.099568 0.051106 0.021968 hargrave 2021-05-25 13:37:01 
