PF18- 46a sun compass orientation
   98.4 145.3  22.0 221.5  81.4  13.7
NRM    311.8  73.7 311.6 -07.7 8.55E-05 002.3 213.1  59.9 3.023837 3.612562 0.513090 hargrave 2021-04-06 19:13:50 
TT  50 314.1  72.5 312.3 -08.8 8.53E-05 002.7 215.6  59.6 3.326266 4.334370 0.574895 hargrave 2021-04-12 11:09:00 
TT 100 311.1  72.7 311.4 -08.7 8.01E-05 000.4 214.1  59.1 0.394979 0.416419 0.638282 hargrave 2021-04-13 12:21:44 
TT 150 295.2  68.6 305.5 -11.9 5.18E-05 000.6 211.3  52.6 0.467233 0.446873 0.366531 hargrave 2021-04-14 19:37:30 
TT 200 275.7  66.5 297.7 -10.6 3.95E-05 000.6 202.5  47.4 0.216726 0.414761 0.356878 hargrave 2021-04-16 13:23:36 
TT 250 270.1  63.5 294.0 -11.3 3.23E-05 000.8 200.7  43.9 0.161906 0.588184 0.285079 hargrave 2021-04-19 23:43:20 
TT 300 270.3  62.1 293.1 -12.5 2.83E-05 001.7 201.3  42.5 0.499456 1.014073 0.261470 hargrave 2021-04-21 13:55:30 
TT 325 265.0  61.8 291.0 -11.0 2.53E-05 004.0 198.2  41.5 0.874675 2.259784 0.260546 hargrave 2021-04-22 11:34:49 
TT 350 270.4  60.4 291.9 -13.8 2.10E-05 000.5 202.0  40.9 0.100069 0.147323 0.238165 hargrave 2021-04-23 09:26:28 
TT 375 253.2  60.7 286.7 -07.1 1.59E-05 001.4 191.2  39.4 0.169665 0.474526 0.146445 hargrave 2021-04-24 16:28:49 
TT 415 262.0  59.5 288.4 -11.3 1.48E-05 000.6 197.1  39.0 0.094151 0.137628 0.148037 hargrave 2021-04-25 15:30:16 
TT 450 257.7  59.5 287.0 -09.6 1.25E-05 001.7 194.3  38.5 0.143659 0.452323 0.145538 hargrave 2021-04-27 08:24:50 
TT 475 246.5  60.8 285.2 -04.2 1.18E-05 001.8 187.0  39.0 0.154209 0.475840 0.138238 hargrave 2021-04-29 10:58:14 
TT 500 248.9  60.5 285.4 -05.4 1.14E-05 001.3 188.5  38.8 0.080696 0.321704 0.122158 hargrave 2021-04-30 16:01:55 
TT 520 249.7  60.4 285.5 -05.8 1.08E-05 000.7 189.1  38.8 0.085156 0.076247 0.136110 hargrave 2021-05-01 18:14:42 
TT 535 249.1  60.5 285.5 -05.4 1.01E-05 000.6 188.7  38.9 0.040606 0.121558 0.081824 hargrave 2021-05-03 09:55:22 
TT 550 245.9  60.8 285.1 -03.9 9.89E-06 001.0 186.6  39.0 0.044375 0.200182 0.128724 hargrave 2021-05-04 13:38:30 
TT 560 249.2  61.2 286.1 -05.2 9.14E-06 000.6 188.7  39.6 0.047440 0.113452 0.069271 hargrave 2021-05-06 17:01:45 
TT 570 246.2  60.9 285.3 -04.0 8.45E-06 002.1 186.8  39.2 0.059451 0.418310 0.059082 hargrave 2021-05-07 11:42:20 
TT 580 235.9  61.5 284.0  00.8 8.05E-06 001.0 180.4  39.5 0.050371 0.173455 0.089464 hargrave 2021-05-08 13:07:21 
TT 590 239.3  61.1 284.1 -00.9 7.45E-06 001.1 182.5  39.1 0.043427 0.173693 0.063186 hargrave 2021-05-09 14:30:49 
TT 600 236.0  61.9 284.4  00.9 6.93E-06 002.2 180.5  39.9 0.058051 0.362685 0.072594 hargrave 2021-05-10 15:15:14 
TT 610 237.7  63.0 285.6  00.5 6.53E-06 002.0 181.4  41.0 0.041588 0.304736 0.067976 hargrave 2021-05-11 17:10:31 
TT 620 235.5  60.7 283.1  00.8 6.01E-06 001.0 180.1  38.7 0.049113 0.139588 0.058776 hargrave 2021-05-12 19:28:36 
TT 630 237.2  62.0 284.6  00.4 5.76E-06 002.8 181.2  40.0 0.033794 0.382952 0.059909 hargrave 2021-05-14 16:47:41 
TT 640 234.5  60.9 283.2  01.3 5.35E-06 001.8 179.5  38.9 0.031238 0.231596 0.036449 hargrave 2021-05-15 14:31:17 
TT 650 221.9  63.8 285.0  07.5 5.08E-06 001.6 172.0  42.1 0.049092 0.190770 0.032758 hargrave 2021-05-16 17:21:46 
TT 660 221.8  61.0 282.2  07.4 5.05E-06 002.5 171.6  39.4 0.049904 0.303147 0.034872 hargrave 2021-05-17 18:03:30 
TT 664 221.9  61.4 282.7  07.4 5.12E-06 001.9 171.7  39.8 0.048491 0.222288 0.064066 hargrave 2021-05-18 21:30:28 
TT 668 218.1  64.9 286.1  09.2 4.40E-06 000.9 170.1  43.4 0.044944 0.084632 0.033738 hargrave 2021-05-20 10:20:01 
TT 672 219.8  61.1 282.3  08.4 4.29E-06 001.5 170.3  39.6 0.049070 0.146133 0.039929 hargrave 2021-05-23 15:40:22 
TT 674 226.4  66.8 288.2  06.0 3.81E-06 000.9 175.0  44.9 0.045353 0.061956 0.050785 hargrave 2021-05-24 17:59:22 
TT 676 218.2  60.9 282.0  09.1 3.90E-06 001.1 169.3  39.5 0.045712 0.091178 0.044784 hargrave 2021-05-25 17:49:06 
TT 678 230.8  60.0 281.9  02.8 3.41E-06 001.2 177.2  38.1 0.048886 0.084844 0.043718 hargrave 2021-05-26 18:26:25 
TT 680 225.0  65.0 286.4  06.3 2.77E-06 001.1 174.0  43.2 0.054975 0.046334 0.048753 hargrave 2021-05-30 12:34:08 
TT 682 239.0  59.8 282.8 -01.2 2.50E-06 004.9 182.4  37.8 0.039226 0.288535 0.035974 hargrave 2021-05-31 13:42:50 
TT 684 230.8  61.7 283.5  03.2 2.28E-06 002.8 177.2  39.7 0.038132 0.146874 0.040943 hargrave 2021-06-03 10:29:42 
TT 686 247.2  60.4 285.0 -04.7 1.67E-06 002.2 187.5  38.7 0.030536 0.083289 0.029450 hargrave 2021-06-04 11:55:31 
TT 688 268.0  50.3 283.6 -20.1 6.90E-07 002.7 203.7  30.8 0.022845 0.040037 0.005618 hargrave 2021-06-05 12:12:18 
TT 690 193.8  41.7 264.0  26.3 3.83E-07 003.1 147.2  24.0 0.008907 0.029893 0.004896 hargrave 2021-06-06 11:06:47 
TT 692 012.1  58.5 338.8 -07.2 2.95E-07 002.3 275.3  69.0 0.010439 0.013369 0.001723 hargrave 2021-06-06 20:32:25 
TT 695 176.5  24.7 247.7  44.2 3.70E-07 009.8 127.3  12.2 0.032592 0.021265 0.080393 hargrave 2021-06-10 14:40:29 
