PF18- 89a sun compass orientation
 122.07 322.1  17.0 218.9  81.9  12.9
NRM    242.1  62.4 283.6 -03.2 8.50E-05 000.8 024.4  78.8 0.646990 1.341402 0.183403 hargrave 2021-04-08 14:29:25 
TT  50 242.3  62.3 283.6 -03.3 8.43E-05 001.6 024.6  78.6 0.376357 2.958604 0.210857 hargrave 2021-04-09 13:51:47 
TT 100 240.4  59.2 280.4 -03.7 7.89E-05 000.5 017.6  75.8 0.804609 0.399185 0.200101 hargrave 2021-04-10 14:19:13 
TT 150 236.2  51.8 272.6 -04.1 6.93E-05 000.7 007.0  68.7 0.379380 1.032281 0.249336 hargrave 2021-04-11 12:53:25 
TT 200 235.8  49.6 270.4 -04.5 6.67E-05 000.9 006.0  66.5 0.451377 1.226887 0.266584 hargrave 2021-04-13 15:53:42 
TT 250 233.9  47.8 268.3 -03.9 6.13E-05 001.4 002.8  64.8 0.331934 1.915701 0.258659 hargrave 2021-04-18 14:45:57 
TT 300 234.0  47.2 267.8 -04.1 2.68E-05 077.8 002.9  64.2 16.04039 0.849252 33.21666 hargrave 2021-04-19 15:01:38 
TT 300 236.1  46.9 267.9 -05.6 5.37E-05 000.8 006.2  63.8 0.506447 0.765215 0.247538 hargrave 2021-04-19 16:43:36 
TT 325 233.4  46.5 267.0 -03.9 4.79E-05 000.6 001.9  63.5 0.487324 0.504055 0.219287 hargrave 2021-04-20 13:26:54 
TT 350 234.2  45.9 266.6 -04.6 4.30E-05 000.6 003.2  62.9 0.436204 0.334017 0.204588 hargrave 2021-04-23 13:06:58 
TT 375 229.1  45.6 265.4 -01.3 3.98E-05 000.4 355.5  62.6 0.213938 0.298204 0.174046 hargrave 2021-04-25 10:08:19 
TT 415 234.4  45.0 265.7 -05.0 3.73E-05 001.6 003.4  61.9 0.397321 1.244457 0.182344 hargrave 2021-04-26 09:11:57 
TT 450 230.9  44.4 264.5 -02.8 3.47E-05 001.7 358.2  61.4 0.402454 1.229579 0.171728 hargrave 2021-04-27 13:57:28 
TT 475 232.7  44.2 264.6 -04.1 3.31E-05 001.9 000.9  61.2 0.117039 1.386251 0.150149 hargrave 2021-04-29 14:45:01 
TT 500 234.4  44.0 264.8 -05.3 3.10E-05 000.8 003.5  61.0 0.247834 0.463921 0.151551 hargrave 2021-05-01 09:54:04 
TT 520 228.9  44.0 263.8 -01.5 2.83E-05 000.6 355.3  61.0 0.268279 0.241631 0.148154 hargrave 2021-05-02 16:26:25 
TT 535 231.6  43.0 263.3 -03.6 2.66E-05 001.0 359.3  60.0 0.082134 0.606406 0.122343 hargrave 2021-05-04 09:05:54 
TT 550 229.8  43.0 262.9 -02.3 2.35E-05 000.7 356.6  60.0 0.228955 0.305815 0.113819 hargrave 2021-05-04 18:42:50 
TT 560 225.2  50.0 269.2  02.2 1.47E-05 001.0 348.7  66.8 0.092276 0.329334 0.053862 hargrave 2021-05-05 16:11:05 
TT 570 228.9  40.1 260.0 -02.3 1.45E-05 002.9 355.5  57.1 0.261322 0.911759 0.089641 hargrave 2021-05-06 22:27:34 
TT 580 227.5  40.2 259.8 -01.3 1.32E-05 001.9 353.6  57.1 0.194998 0.514094 0.078514 hargrave 2021-05-08 19:45:45 
TT 590 225.3  43.3 262.6  00.9 1.17E-05 000.7 350.1  60.1 0.054261 0.171125 0.087224 hargrave 2021-05-09 18:45:19 
TT 600 233.2  41.5 262.1 -05.1 1.08E-05 001.0 001.6  58.5 0.039377 0.234199 0.067689 hargrave 2021-05-11 09:33:11 
TT 610 232.3  36.8 257.4 -05.7 1.06E-05 001.3 000.3  53.8 0.047255 0.306029 0.110863 hargrave 2021-05-12 09:31:14 
TT 620 229.7  38.5 258.5 -03.3 1.03E-05 000.9 356.6  55.5 0.061693 0.200212 0.071157 hargrave 2021-05-13 12:23:25 
TT 630 230.9 -17.0 203.3 -13.8 4.69E-06 062.2 358.9 -00.0 0.091643 2.029553 11.50536 hargrave 2021-05-14 11:51:16 
TT 630 220.6  43.0 261.7  04.3 9.65E-06 001.2 343.3  59.5 0.098394 0.230123 0.062037 hargrave 2021-05-14 13:01:56 
TT 640 218.4  37.3 255.8  05.3 9.94E-06 001.2 341.4  53.6 0.159093 0.202189 0.111568 hargrave 2021-05-15 10:01:18 
TT 650 229.8  38.3 258.4 -03.4 9.16E-06 001.4 356.9  55.3 0.050772 0.275275 0.066478 hargrave 2021-05-16 11:53:22 
TT 660 217.6  33.9 252.4  05.6 8.30E-06 002.0 341.0  50.2 0.153306 0.321955 0.092013 hargrave 2021-05-17 13:04:12 
TT 664 217.6  41.5 260.0  06.3 6.74E-06 001.3 339.5  57.7 0.124181 0.149800 0.052781 hargrave 2021-05-18 15:25:23 
TT 668 234.7  37.8 258.8 -07.3 5.68E-06 001.8 003.5  54.8 0.031710 0.224903 0.033882 hargrave 2021-05-19 17:55:44 
TT 672 217.3  38.6 257.1  06.3 3.88E-06 001.0 339.8  54.8 0.041559 0.056680 0.071821 hargrave 2021-05-23 11:07:51 
TT 674 227.5  28.0 247.9 -03.7 4.48E-06 001.0 354.3  45.0 0.036397 0.084266 0.040152 hargrave 2021-05-24 13:24:36 
TT 676 205.9  40.8 259.1  15.1 2.74E-06 002.4 323.9  55.5 0.132659 0.060773 0.044540 hargrave 2021-05-25 13:13:50 
TT 678 244.7  34.5 258.4 -16.0 1.65E-06 001.5 016.5  50.9 0.041084 0.044197 0.017534 hargrave 2021-05-26 13:55:54 
TT 680 271.8  62.7 292.4 -13.7 8.96E-07 005.3 075.2  72.4 0.020535 0.112212 0.009462 hargrave 2021-05-30 15:44:42 
