PF18- 107a mag compass orientation (IGRF corrected)
 129.47 312.6  31.0 218.9  81.9  12.3
NRM    258.4  73.1 295.9 -02.8 4.98E-05 001.2 149.6  70.3 1.176718 0.437885 0.356215 hargrave 2021-04-08 15:04:07 
TT  50 257.1  73.6 296.0 -02.2 4.94E-05 000.8 151.4  70.4 0.728747 0.310138 0.379380 hargrave 2021-04-09 14:25:28 
TT 100 255.9  71.8 294.4 -03.0 4.51E-05 001.1 147.2  71.6 0.276199 0.966500 0.323861 hargrave 2021-04-10 14:52:53 
TT 150 242.4  65.5 286.5 -02.0 3.26E-05 001.1 133.8  78.8 0.766017 0.203112 0.129752 hargrave 2021-04-11 13:27:05 
TT 200 239.1  61.3 282.1 -02.3 2.88E-05 001.0 112.8  81.5 0.583095 0.151738 0.040379 hargrave 2021-04-13 16:23:28 
TT 250 234.8  58.8 279.0 -01.1 2.51E-05 001.5 093.4  83.7 0.789415 0.126269 0.040474 hargrave 2021-04-18 15:13:32 
TT 300 231.0  55.5 275.3 -00.1 2.08E-05 000.7 056.1  84.2 0.273279 0.096454 0.071488 hargrave 2021-04-19 15:35:57 
TT 325 230.0  54.4 274.1  00.2 1.74E-05 000.6 044.8  83.9 0.190447 0.092884 0.045499 hargrave 2021-04-20 14:03:01 
TT 350 228.1  53.9 273.4  01.2 1.63E-05 000.5 033.2  84.1 0.113031 0.123147 0.054498 hargrave 2021-04-23 13:39:55 
TT 375 226.9  53.1 272.4  01.7 1.47E-05 000.9 024.2  83.7 0.246946 0.115140 0.035003 hargrave 2021-04-25 10:42:54 
TT 415 224.5  51.8 270.9  02.9 1.25E-05 000.6 009.2  82.7 0.150872 0.054595 0.025704 hargrave 2021-04-26 09:46:37 
TT 450 220.2  50.4 269.1  05.4 1.11E-05 000.9 350.1  81.3 0.178104 0.105690 0.040571 hargrave 2021-04-27 14:30:32 
TT 475 220.8  50.5 269.2  05.0 1.03E-05 001.0 352.3  81.4 0.197657 0.069637 0.043688 hargrave 2021-04-29 15:19:26 
TT 500 217.2  49.6 268.1  07.2 9.15E-06 000.8 339.4  80.1 0.146814 0.062545 0.030857 hargrave 2021-05-01 10:27:58 
TT 520 214.6  49.4 267.9  08.9 8.43E-06 000.7 330.8  79.4 0.075869 0.099579 0.024986 hargrave 2021-05-02 16:57:31 
TT 535 212.8  48.8 267.2  10.1 7.46E-06 001.5 326.3  78.3 0.219116 0.080109 0.027014 hargrave 2021-05-04 09:38:32 
TT 550 212.6  47.6 266.0  10.2 6.69E-06 001.0 328.3  77.2 0.125280 0.044487 0.041916 hargrave 2021-05-04 19:17:44 
TT 560 209.3  47.2 265.6  12.4 6.21E-06 002.1 320.4  75.8 0.251629 0.105889 0.028816 hargrave 2021-05-05 16:46:20 
TT 570 208.0  41.1 259.3  13.5 4.93E-06 001.4 326.5  69.9 0.125322 0.064310 0.036513 hargrave 2021-05-06 23:00:24 
TT 580 198.2  45.8 264.9  20.2 4.14E-06 002.2 301.2  70.3 0.188129 0.036245 0.035128 hargrave 2021-05-08 20:19:24 
TT 590 203.1  44.3 262.9  16.9 3.82E-06 002.3 312.5  71.2 0.184224 0.038204 0.036908 hargrave 2021-05-09 19:19:30 
TT 600 207.6  38.2 256.4  13.9 3.42E-06 001.4 328.4  67.1 0.091450 0.053228 0.026404 hargrave 2021-05-11 10:06:40 
TT 610 201.6  40.8 259.3  18.3 3.11E-06 001.9 314.9  67.5 0.120536 0.033337 0.038864 hargrave 2021-05-12 10:04:03 
TT 620 190.5  32.9 252.1  28.2 3.05E-06 001.9 306.4  56.3 0.101424 0.048907 0.058389 hargrave 2021-05-13 12:56:52 
TT 630 205.3  39.4 257.6  15.6 2.82E-06 001.8 323.1  67.5 0.093382 0.033890 0.057201 hargrave 2021-05-14 12:25:39 
TT 640 204.4  31.4 249.4  16.5 2.88E-06 001.5 328.0  59.8 0.044427 0.076249 0.040567 hargrave 2021-05-15 10:35:32 
TT 650 189.3  41.4 261.7  27.4 2.77E-06 003.1 295.5  62.9 0.175385 0.027423 0.050657 hargrave 2021-05-16 12:26:36 
TT 660 198.8  23.7 241.3  21.6 2.82E-06 003.2 324.2  50.9 0.160589 0.102177 0.054861 hargrave 2021-05-17 13:38:55 
TT 664 194.0  44.9 264.5  23.2 2.50E-06 002.3 296.6  67.7 0.115628 0.044097 0.014636 hargrave 2021-05-18 15:59:30 
TT 668 201.3  31.0 249.0  19.2 2.51E-06 002.4 323.4  58.5 0.115676 0.054411 0.036659 hargrave 2021-05-19 18:30:57 
TT 672 201.6  28.9 246.8  19.0 2.55E-06 002.0 325.2  56.7 0.088974 0.043525 0.045521 hargrave 2021-05-23 11:41:56 
TT 674 198.3  34.2 252.6  21.5 2.29E-06 001.8 316.3  60.5 0.073365 0.036180 0.034448 hargrave 2021-05-24 13:57:06 
TT 676 201.5  35.5 253.8  18.8 1.96E-06 003.3 320.2  62.8 0.125830 0.058582 0.023862 hargrave 2021-05-25 13:45:30 
