PF18- 50a sun compass orientation
  97.81 138.5  30.0 221.5  81.4  12.5
NRM    326.8  70.2 316.7 -10.5 9.45E-05 001.0 218.1  57.1 0.505854 1.825134 0.693577 hargrave 2021-04-06 19:19:58 
TT  50 327.0  70.6 316.7 -10.1 9.39E-05 001.0 217.5  57.3 1.247200 1.528384 0.519952 hargrave 2021-04-12 11:15:36 
TT 100 324.9  70.1 316.1 -10.8 8.64E-05 001.1 217.8  56.4 1.552764 1.220710 0.893706 hargrave 2021-04-13 12:29:11 
TT 150 298.4  68.4 306.6 -12.5 4.88E-05 001.2 211.1  47.9 0.727486 1.045691 0.336113 hargrave 2021-04-14 19:42:58 
TT 200 290.4  63.5 301.9 -16.1 3.61E-05 003.4 212.0  42.1 1.582001 2.174622 0.267397 hargrave 2021-04-16 13:29:01 
TT 250 287.4  59.6 298.8 -19.2 2.91E-05 001.2 213.4  38.0 0.416979 0.594525 0.270278 hargrave 2021-04-19 23:48:43 
TT 300 276.2  60.4 294.2 -15.6 2.41E-05 003.9 206.8  35.9 0.995061 1.782442 0.267465 hargrave 2021-04-21 14:02:56 
TT 325 281.8  57.7 295.2 -19.5 2.13E-05 001.6 211.5  34.9 0.464068 0.534239 0.226501 hargrave 2021-04-22 11:41:28 
TT 350 277.5  57.6 293.1 -18.3 1.74E-05 004.1 209.2  33.7 0.849588 1.280353 0.202907 hargrave 2021-04-23 09:33:53 
TT 375 272.5  57.2 290.6 -16.9 1.29E-05 002.1 206.4  32.2 0.314204 0.472307 0.137486 hargrave 2021-04-24 16:35:27 
TT 415 272.0  55.7 289.4 -17.8 1.19E-05 000.6 206.8  30.7 0.087055 0.053884 0.143308 hargrave 2021-04-25 16:13:24 
TT 450 261.0  56.9 285.9 -12.6 9.61E-06 001.3 199.8  29.7 0.053211 0.247851 0.129845 hargrave 2021-04-27 08:31:17 
TT 475 264.3  57.2 287.3 -13.8 8.84E-06 005.2 201.6  30.5 0.427710 0.908306 0.120527 hargrave 2021-04-29 11:04:49 
TT 500 267.7  57.4 288.8 -15.0 8.39E-06 000.7 203.5  31.4 0.047365 0.091546 0.091812 hargrave 2021-04-30 16:08:29 
TT 520 267.7  56.8 288.4 -15.4 8.07E-06 004.0 203.7  30.9 0.296596 0.621736 0.115812 hargrave 2021-05-01 18:21:16 
TT 535 262.8  58.2 287.6 -12.6 7.44E-06 006.9 200.4  31.2 0.401848 1.059324 0.064813 hargrave 2021-05-03 10:02:47 
TT 550 262.7  57.8 287.2 -12.7 7.12E-06 003.1 200.4  30.8 0.194513 0.429956 0.108152 hargrave 2021-05-04 13:45:52 
TT 560 254.4  60.4 286.8 -07.8 6.24E-06 003.1 194.8  32.1 0.146418 0.395276 0.090217 hargrave 2021-05-06 17:08:20 
TT 570 253.3  60.2 286.3 -07.4 5.31E-06 001.4 194.2  31.8 0.084087 0.133428 0.067978 hargrave 2021-05-07 11:49:00 
TT 580 257.4  62.3 289.2 -07.9 4.86E-06 002.7 195.8  34.3 0.137872 0.240067 0.093007 hargrave 2021-05-08 13:13:56 
TT 590 256.0  59.4 286.4 -09.0 4.51E-06 001.6 195.9  31.3 0.073079 0.121207 0.081915 hargrave 2021-05-09 14:38:19 
TT 600 246.3  61.5 285.7 -03.8 4.01E-06 002.0 189.9  32.2 0.050049 0.155750 0.080681 hargrave 2021-05-10 15:21:59 
TT 610 240.7  60.7 284.0 -01.7 3.63E-06 002.0 186.9  31.1 0.039531 0.133729 0.084098 hargrave 2021-05-11 17:18:47 
TT 620 245.9  67.2 290.8 -01.2 2.41E-06 003.8 188.4  37.9 0.034296 0.195210 0.031501 hargrave 2021-05-12 19:37:03 
TT 630 244.9  60.7 284.7 -03.6 2.89E-06 002.8 189.3  31.3 0.045784 0.167896 0.059918 hargrave 2021-05-14 16:54:17 
TT 640 242.6  68.3 291.3  00.4 2.12E-06 002.3 186.6  38.7 0.042057 0.100650 0.019341 hargrave 2021-05-15 14:37:57 
TT 650 215.1  63.0 284.2  10.6 2.38E-06 002.3 172.8  33.4 0.070012 0.110353 0.030945 hargrave 2021-05-16 17:29:20 
TT 660 241.9  71.0 293.7  01.7 1.87E-06 003.6 185.8  41.3 0.043611 0.145489 0.014549 hargrave 2021-05-17 18:10:04 
TT 664 212.4  63.4 284.6  11.7 2.07E-06 003.5 171.4  34.0 0.082241 0.141119 0.055897 hargrave 2021-05-18 21:37:00 
TT 668 252.5  61.3 287.1 -06.5 2.01E-06 005.2 193.4  32.7 0.069353 0.221440 0.035224 hargrave 2021-05-20 10:26:34 
TT 672 212.3  66.6 287.9  11.5 1.71E-06 006.1 172.0  37.1 0.025707 0.229319 0.027088 hargrave 2021-05-23 15:47:03 
TT 674 257.2  59.3 286.6 -09.6 1.72E-06 003.0 196.7  31.3 0.049492 0.098983 0.042828 hargrave 2021-05-24 18:05:58 
TT 676 230.7  57.6 279.6  02.4 1.79E-06 003.1 181.3  27.7 0.033357 0.109068 0.049672 hargrave 2021-05-25 17:56:39 
TT 678 242.0  57.2 280.9 -03.6 1.63E-06 004.8 188.2  27.7 0.046170 0.161965 0.045822 hargrave 2021-05-26 18:34:35 
TT 680 205.1  58.7 280.3  15.8 1.50E-06 004.6 166.2  30.1 0.023324 0.145229 0.051490 hargrave 2021-05-30 12:40:48 
TT 682 217.4  70.4 291.7  09.5 7.78E-07 004.1 175.1  40.7 0.016564 0.061990 0.034405 hargrave 2021-05-31 13:50:15 
