PF18- 148a mag compass orientation (IGRF corrected)
 150.21 112.6  20.0 222.8  83.0   6.6
NRM    229.1  56.3 279.2  02.4 6.30E-05 000.9 198.2  37.7 0.138117 0.530584 0.428275 hargrave 2021-04-09 19:29:46 
TT  50 235.2  55.5 279.2 -01.2 6.26E-05 003.5 202.7  37.7 1.029967 2.259045 0.347732 hargrave 2021-04-10 18:08:51 
TT 100 229.9  55.9 278.9  01.8 6.25E-05 000.7 198.9  37.4 0.210365 0.331139 0.340119 hargrave 2021-04-12 14:37:34 
TT 150 222.9  55.7 278.3  05.7 6.10E-05 001.6 194.1  36.5 0.325098 1.002837 0.423251 hargrave 2021-04-14 15:31:08 
TT 200 231.8  54.3 277.6  00.5 6.05E-05 000.5 200.6  36.1 0.114367 0.267253 0.315804 hargrave 2021-04-15 13:26:22 
TT 250 228.4  50.0 273.0  01.8 5.28E-05 002.4 199.2  31.5 0.437323 1.361580 0.294587 hargrave 2021-04-16 18:15:07 
TT 300 223.4  49.5 272.1  04.9 5.06E-05 003.8 195.5  30.4 0.682490 2.096283 0.295360 hargrave 2021-04-18 21:20:08 
TT 325 224.0  48.6 271.2  04.4 4.94E-05 004.4 196.1  29.6 0.721397 2.370051 0.340597 hargrave 2021-04-21 17:58:47 
TT 350 225.8  47.8 270.6  03.2 4.72E-05 003.1 197.6  29.0 0.565640 1.596156 0.285049 hargrave 2021-04-22 15:32:04 
TT 375 225.4  48.1 270.9  03.5 4.16E-05 002.7 197.2  29.3 0.427905 1.199182 0.311013 hargrave 2021-04-23 16:46:02 
TT 415 223.8  47.5 270.2  04.5 3.44E-05 001.1 196.1  28.5 0.116355 0.330116 0.286507 hargrave 2021-04-25 19:49:15 
TT 450 226.9  47.0 269.9  02.3 3.10E-05 001.2 198.6  28.3 0.120715 0.368878 0.222031 hargrave 2021-04-28 09:21:39 
TT 475 224.4  46.9 269.6  04.0 2.88E-05 000.7 196.7  27.9 0.071352 0.116877 0.202854 hargrave 2021-04-30 11:26:26 
TT 500 222.7  46.6 269.2  05.1 2.69E-05 002.4 195.5  27.5 0.172587 0.702505 0.129379 hargrave 2021-05-01 13:33:15 
TT 520 219.9  46.1 268.5  07.1 2.51E-05 001.8 193.3  26.8 0.136062 0.482533 0.119925 hargrave 2021-05-02 12:23:52 
TT 535 225.2  46.5 269.2  03.4 2.39E-05 000.7 197.4  27.6 0.080349 0.141806 0.123124 hargrave 2021-05-03 13:21:48 
TT 550 222.8  46.8 269.4  05.1 2.23E-05 000.8 195.5  27.7 0.070846 0.175373 0.118454 hargrave 2021-05-05 12:11:43 
TT 560 223.7  43.1 265.8  04.1 1.91E-05 001.8 196.7  24.2 0.121673 0.367690 0.104211 hargrave 2021-05-06 09:13:01 
TT 570 220.7  50.6 273.1  06.7 1.60E-05 001.0 193.4  31.3 0.055097 0.150078 0.106717 hargrave 2021-05-07 15:08:17 
TT 580 216.5  51.9 274.4  09.4 1.33E-05 000.6 190.1  32.3 0.027841 0.058995 0.066016 hargrave 2021-05-09 09:51:00 
TT 590 224.3  38.8 261.5  03.2 9.02E-06 001.0 197.9  19.9 0.046335 0.072442 0.074184 hargrave 2021-05-10 10:42:49 
TT 600 218.2  52.7 275.2  08.4 7.83E-06 001.6 191.2  33.3 0.042025 0.129257 0.061695 hargrave 2021-05-11 13:10:44 
TT 610 216.3  60.1 282.7  09.3 7.04E-06 000.9 188.9  40.5 0.037928 0.053802 0.051787 hargrave 2021-05-12 14:10:09 
TT 620 213.7  40.4 262.7  11.4 6.23E-06 000.9 189.0  20.7 0.036572 0.045944 0.046557 hargrave 2021-05-13 18:01:33 
TT 630 221.8  42.8 265.3  05.4 5.16E-06 000.7 195.3  23.7 0.038838 0.030225 0.024096 hargrave 2021-05-15 17:56:16 
TT 640 228.1  44.4 267.5  01.2 4.36E-06 002.5 200.0  25.9 0.055939 0.112284 0.033800 hargrave 2021-05-17 09:23:58 
TT 650 230.3  47.4 270.6  00.1 4.22E-06 003.9 201.2  29.1 0.051869 0.179979 0.038884 hargrave 2021-05-18 11:33:33 
TT 660 219.3  41.3 263.7  07.2 4.46E-06 002.3 193.5  22.0 0.208338 0.073055 0.029298 hargrave 2021-05-19 11:09:21 
TT 664 222.9  41.0 263.6  04.5 3.74E-06 002.2 196.4  21.9 0.026461 0.094338 0.025860 hargrave 2021-05-20 18:58:55 
TT 668 218.2  52.8 275.3  08.3 2.86E-06 002.2 191.3  33.3 0.037253 0.068921 0.028638 hargrave 2021-05-22 09:51:02 
TT 672 211.0  49.2 271.7  13.0 1.92E-06 003.5 186.3  29.3 0.026253 0.075163 0.021278 hargrave 2021-05-24 09:49:30 
TT 674 218.2  42.1 264.4  08.1 2.94E-06 004.2 192.5  22.6 0.045483 0.138314 0.024022 hargrave 2021-05-25 09:24:13 
TT 676 065.8  29.2 014.0  23.5 3.59E-07 002.4 054.2  42.5 0.008065 0.012892 0.018164 hargrave 2021-05-26 09:26:45 
TT 678 262.5  24.7 257.5 -31.7 7.76E-07 004.4 234.0  13.7 0.020989 0.040957 0.005304 hargrave 2021-05-29 11:42:47 
TT 680 034.4  06.0 035.8 -07.6 3.90E-07 005.3 013.0  25.5 0.013589 0.018432 0.008988 hargrave 2021-05-31 09:25:53 
