PF18- 68a sun compass orientation
  93.78 126.3  37.0 221.5  81.4  10.1
NRM    238.1  56.9 279.9 -01.7 7.25E-05 003.3 192.6  21.3 0.385695 3.881078 1.454979 hargrave 2021-04-08 13:53:29 
TT  50 239.6  56.7 280.0 -02.5 7.24E-05 001.4 193.5  21.3 0.394306 0.730486 1.516838 hargrave 2021-04-09 13:14:52 
TT 100 243.4  56.0 280.1 -04.7 7.21E-05 001.4 195.9  21.3 0.717234 0.708705 1.488022 hargrave 2021-04-10 13:40:57 
TT 150 245.4  55.4 280.1 -06.0 7.08E-05 001.4 197.2  21.1 0.552236 0.418843 1.542204 hargrave 2021-04-11 12:16:04 
TT 200 237.9  56.7 279.7 -01.6 6.95E-05 001.4 192.5  21.1 0.277223 0.963942 1.405411 hargrave 2021-04-13 15:22:20 
TT 250 240.6  56.2 279.7 -03.2 6.84E-05 001.7 194.2  21.0 0.732111 1.255788 1.488815 hargrave 2021-04-18 14:12:03 
TT 300 239.5  56.6 279.9 -02.5 6.55E-05 001.6 193.4  21.2 0.185443 1.269437 1.327039 hargrave 2021-04-19 14:20:13 
TT 325 240.2  56.5 280.0 -02.9 6.22E-05 002.4 193.9  21.3 0.189692 2.204196 1.345248 hargrave 2021-04-20 12:47:10 
TT 350 239.5  56.7 280.0 -02.5 5.90E-05 001.6 193.5  21.3 0.188645 1.115151 1.276303 hargrave 2021-04-23 12:28:34 
TT 375 234.4  57.6 280.0  00.4 5.39E-05 001.3 190.3  21.6 0.299495 0.446684 1.142849 hargrave 2021-04-25 09:30:56 
TT 415 242.2  56.8 280.6 -03.8 4.74E-05 001.8 194.9  21.8 0.085983 1.126846 0.963857 hargrave 2021-04-26 08:33:31 
TT 475 242.9  56.7 280.7 -04.2 4.46E-05 002.3 195.4  21.9 0.110570 1.591904 0.910439 hargrave 2021-04-29 14:07:41 
TT 500 242.0  56.9 280.6 -03.7 4.31E-05 002.1 194.8  21.9 0.141669 1.346962 0.903004 hargrave 2021-05-01 09:16:36 
TT 520 240.8  56.7 280.2 -03.2 4.17E-05 005.5 194.2  21.5 0.799020 3.950319 0.673536 hargrave 2021-05-02 15:55:05 
TT 535 240.5  57.1 280.5 -02.8 4.00E-05 001.7 193.9  21.8 0.532461 0.724021 0.821174 hargrave 2021-05-04 08:30:11 
TT 550 233.1  58.1 280.4  01.2 3.83E-05 003.2 189.5  22.0 0.090949 2.017406 0.858463 hargrave 2021-05-04 18:04:51 
TT 560 239.4  58.0 281.2 -02.0 3.64E-05 002.3 193.0  22.6 0.568384 1.120970 0.753410 hargrave 2021-05-05 15:32:01 
TT 570 239.9  58.1 281.3 -02.2 3.16E-05 003.0 193.3  22.7 0.159377 1.494524 0.692121 hargrave 2021-05-06 21:51:05 
TT 580 235.8  57.9 280.5 -00.2 2.52E-05 006.4 191.0  22.0 0.314389 2.785328 0.554479 hargrave 2021-05-08 19:07:24 
TT 590 237.9  58.0 280.9 -01.2 2.03E-05 001.6 192.2  22.4 0.282039 0.239588 0.423506 hargrave 2021-05-09 18:06:09 
TT 600 242.5  55.9 279.8 -04.3 1.88E-05 001.6 195.4  21.0 0.259988 0.089670 0.457045 hargrave 2021-05-11 08:56:44 
TT 610 233.8  57.3 279.6  00.7 1.83E-05 002.4 190.0  21.2 0.175847 0.645592 0.405589 hargrave 2021-05-12 08:53:08 
TT 620 247.1  54.9 280.0 -07.1 1.52E-05 001.6 198.4  20.9 0.040206 0.321740 0.273435 hargrave 2021-05-13 11:46:05 
TT 630 209.9  61.0 282.3  13.1 1.22E-05 004.0 176.6  24.1 0.117212 0.807926 0.255049 hargrave 2021-05-14 11:13:57 
TT 640 215.2  53.0 274.0  10.7 1.19E-05 002.1 179.3  16.0 0.300680 0.247787 0.294183 hargrave 2021-05-15 09:25:28 
TT 650 239.4  50.9 274.5 -04.3 1.28E-05 002.9 194.9  15.7 0.283893 0.541309 0.250487 hargrave 2021-05-16 11:17:11 
TT 660 229.7  48.2 270.2  01.0 1.27E-05 003.8 189.1  11.9 0.275127 0.766550 0.284504 hargrave 2021-05-17 12:26:24 
TT 664 245.3  51.7 276.6 -07.5 1.20E-05 001.2 198.4  17.5 0.192811 0.096833 0.180097 hargrave 2021-05-18 14:48:11 
TT 668 177.4  52.1 279.9  32.7 7.11E-06 003.6 155.8  20.1 0.106681 0.446466 0.164407 hargrave 2021-05-19 17:19:47 
TT 672 218.2  54.0 275.1  08.9 1.23E-05 002.6 181.2  17.0 0.531852 0.350877 0.284201 hargrave 2021-05-23 10:32:38 
TT 674 290.5  49.2 295.9 -29.4 5.76E-06 004.0 226.5  29.8 0.250925 0.321681 0.041497 hargrave 2021-05-24 12:49:49 
TT 676 241.3  51.3 275.3 -05.3 1.14E-05 003.8 196.0  16.4 0.334397 0.655271 0.233387 hargrave 2021-05-25 12:38:58 
