PF18- 15a sun compass orientation
  104.2 154.4  19.0 221.5  81.4   8.7
NRM    281.2  78.2 305.6 -01.6 1.19E-04 002.2 194.5  60.7 2.560687 2.616518 1.653163 hargrave 2021-04-06 18:29:51 
TT  50 280.3  78.6 305.6 -01.2 1.19E-04 002.0 193.9  61.0 1.698330 2.782548 1.629426 hargrave 2021-04-12 10:13:40 
TT 100 283.8  77.8 305.9 -02.3 1.13E-04 001.9 195.9  60.6 1.572236 2.458847 1.652746 hargrave 2021-04-13 11:27:05 
TT 150 245.0  19.2 245.3 -18.8 4.71E-05 055.1 180.5  00.2 0.488916 7.896939 58.67673 hargrave 2021-04-14 18:50:36 
TT 150 262.5  72.8 298.6 -02.8 7.92E-05 001.7 189.1  54.2 0.863999 1.536930 1.025738 hargrave 2021-04-14 20:24:05 
TT 200 249.1  69.3 293.2 -01.3 6.74E-05 001.5 182.6  50.3 0.731443 0.927577 0.957596 hargrave 2021-04-16 12:32:43 
TT 250 247.8  66.6 290.6 -02.1 5.92E-05 002.3 182.0  47.6 0.837786 1.708965 0.832411 hargrave 2021-04-19 22:57:38 
TT 300 245.8  65.5 289.3 -01.9 5.44E-05 002.9 180.8  46.5 0.864293 2.050881 0.888699 hargrave 2021-04-21 12:58:30 
TT 325 246.0  64.7 288.6 -02.3 4.99E-05 002.3 181.0  45.7 0.797723 1.354590 0.819097 hargrave 2021-04-22 10:38:14 
TT 350 243.5  64.2 287.7 -01.5 4.40E-05 002.1 179.4  45.2 0.693932 0.994397 0.727762 hargrave 2021-04-23 08:30:59 
TT 375 243.1  64.2 287.6 -01.4 3.73E-05 001.4 179.2  45.2 0.535860 0.170898 0.586643 hargrave 2021-04-24 15:28:13 
TT 415 246.7  63.8 287.9 -03.0 3.45E-05 001.5 181.4  44.8 0.304993 0.577585 0.445669 hargrave 2021-04-25 14:18:52 
TT 450 243.9  64.0 287.6 -01.8 3.00E-05 003.2 179.7  45.0 0.271568 1.392184 0.359150 hargrave 2021-04-26 20:38:01 
TT 475 225.7  63.5 284.9  05.8 2.83E-05 002.2 168.3  45.1 0.270736 0.799736 0.462971 hargrave 2021-04-29 10:02:11 
TT 500 233.3  64.8 286.8  02.8 2.76E-05 001.2 173.2  46.0 0.269958 0.123977 0.395239 hargrave 2021-04-30 15:07:43 
TT 520 231.4  64.3 286.1  03.5 2.64E-05 001.7 172.0  45.6 0.299878 0.437227 0.434715 hargrave 2021-05-01 17:20:04 
TT 535 233.4  64.8 286.9  02.8 2.51E-05 001.1 173.3  46.0 0.115679 0.351055 0.225162 hargrave 2021-05-03 08:58:16 
TT 550 227.6  64.8 286.3  05.2 2.46E-05 001.0 169.8  46.2 0.214562 0.143442 0.305840 hargrave 2021-05-04 12:41:46 
TT 560 230.1  65.3 287.0  04.2 2.35E-05 003.6 171.3  46.6 0.575708 1.083033 0.435370 hargrave 2021-05-06 16:04:12 
TT 570 232.2  65.6 287.5  03.5 2.23E-05 001.6 172.6  46.9 0.338755 0.192988 0.361540 hargrave 2021-05-07 10:46:31 
TT 580 230.2  65.8 287.6  04.3 2.12E-05 001.7 171.5  47.2 0.369423 0.153191 0.394993 hargrave 2021-05-08 12:07:23 
TT 590 225.0  64.6 286.0  06.3 2.06E-05 001.9 168.1  46.3 0.401097 0.212522 0.382430 hargrave 2021-05-09 13:30:13 
TT 600 225.3  64.3 285.7  06.1 1.93E-05 001.6 168.2  46.0 0.303306 0.096183 0.366599 hargrave 2021-05-10 14:17:00 
TT 610 220.7  64.8 286.0  08.1 1.84E-05 003.0 165.5  46.7 0.470954 0.618455 0.334404 hargrave 2021-05-11 16:11:41 
TT 620 222.0  64.9 286.1  07.6 1.76E-05 002.8 166.4  46.7 0.070345 0.727849 0.213256 hargrave 2021-05-12 18:32:19 
TT 630 224.4  64.1 285.5  06.5 1.74E-05 001.6 167.6  45.8 0.084199 0.371255 0.203603 hargrave 2021-05-14 15:49:10 
TT 640 218.6  63.6 284.8  09.0 1.69E-05 002.3 163.9  45.7 0.379026 0.399276 0.245626 hargrave 2021-05-15 13:34:11 
TT 650 221.2  64.6 285.8  07.9 1.64E-05 001.5 165.8  46.5 0.274751 0.082933 0.246401 hargrave 2021-05-16 16:27:59 
TT 660 213.5  62.0 283.2  11.3 1.57E-05 002.7 160.2  44.8 0.628828 0.437256 0.217669 hargrave 2021-05-17 17:07:09 
TT 664 223.7  63.9 285.2  06.8 1.57E-05 002.1 167.1  45.7 0.153060 0.380506 0.276903 hargrave 2021-05-18 20:34:38 
TT 668 213.0  66.0 287.2  11.3 1.43E-05 004.1 161.3  48.6 0.071109 0.877303 0.212210 hargrave 2021-05-20 09:23:11 
TT 672 214.0  63.8 285.0  11.0 1.40E-05 001.8 161.1  46.4 0.149815 0.291785 0.190501 hargrave 2021-05-23 14:43:30 
TT 674 215.8  61.7 282.9  10.3 1.37E-05 002.5 161.5  44.2 0.098292 0.435269 0.258003 hargrave 2021-05-24 17:03:22 
TT 676 219.8  62.4 283.6  08.4 1.26E-05 002.0 164.3  44.5 0.111991 0.291868 0.230512 hargrave 2021-05-25 16:49:41 
