PF18- 139a mag compass orientation (IGRF corrected)
 145.44 144.6  10.0 222.8  83.0  12.7
NRM    236.9  55.6 279.6 -02.1 6.19E-05 001.4 181.8  45.6 0.723092 1.310851 1.229631 hargrave 2021-04-09 19:16:07 
TT  50 229.0  55.6 278.6  02.3 6.16E-05 001.5 175.5  45.6 0.979413 1.448587 1.194718 hargrave 2021-04-10 17:57:32 
TT 100 230.1  55.1 278.2  01.6 6.09E-05 003.3 176.4  45.1 0.553839 4.244430 1.202885 hargrave 2021-04-12 14:24:49 
TT 150 232.0  54.5 277.8  00.4 6.01E-05 001.4 177.9  44.5 0.637583 1.279157 1.229614 hargrave 2021-04-14 15:14:59 
TT 200 232.9  54.4 277.9 -00.1 5.97E-05 001.6 178.6  44.4 0.503749 1.649982 1.258575 hargrave 2021-04-15 13:11:15 
TT 250 234.2  53.6 277.2 -01.1 5.79E-05 002.7 179.7  43.6 0.734048 3.152940 1.120579 hargrave 2021-04-16 18:01:42 
TT 300 233.2  53.2 276.7 -00.6 5.26E-05 001.4 178.8  43.2 0.498118 1.172331 1.016683 hargrave 2021-04-18 21:03:11 
TT 325 230.7  53.2 276.4  00.9 5.02E-05 002.4 176.8  43.2 0.413258 2.475221 0.934709 hargrave 2021-04-21 17:45:14 
TT 350 228.2  53.0 276.0  02.4 4.75E-05 003.1 174.7  43.1 0.272407 3.102214 0.899632 hargrave 2021-04-22 15:18:21 
TT 375 227.0  52.8 275.6  03.0 4.30E-05 001.2 173.7  42.9 0.331824 0.694802 0.840271 hargrave 2021-04-23 16:31:46 
TT 415 228.7  52.7 275.7  02.0 4.07E-05 001.1 175.2  42.7 0.244929 0.777191 0.541253 hargrave 2021-04-25 19:34:15 
TT 450 231.8  52.8 276.1  00.2 3.88E-05 002.2 177.7  42.8 0.322319 1.793922 0.551233 hargrave 2021-04-28 09:09:26 
TT 475 231.5  52.8 276.1  00.3 3.75E-05 001.0 177.5  42.8 0.220698 0.617624 0.577407 hargrave 2021-04-30 11:11:22 
TT 500 230.0  52.4 275.6  01.2 3.60E-05 001.7 176.2  42.5 0.095440 1.309466 0.334940 hargrave 2021-05-01 13:19:17 
TT 520 229.4  52.5 275.5  01.6 3.41E-05 001.0 175.7  42.5 0.210558 0.633152 0.343710 hargrave 2021-05-02 12:10:02 
TT 535 227.7  52.6 275.6  02.6 3.11E-05 000.5 174.3  42.7 0.083197 0.209362 0.300092 hargrave 2021-05-03 13:07:33 
TT 550 229.7  52.5 275.6  01.4 2.55E-05 002.2 175.9  42.5 0.124130 1.224338 0.307322 hargrave 2021-05-05 11:57:16 
TT 560 226.5  51.8 274.6  03.2 2.10E-05 001.6 173.3  41.9 0.161651 0.639250 0.315192 hargrave 2021-05-06 08:59:23 
TT 570 226.4  52.0 274.8  03.3 1.51E-05 002.5 173.2  42.1 0.059612 0.796864 0.201192 hargrave 2021-05-07 14:54:42 
TT 580 225.2  50.5 273.2  03.9 1.43E-05 001.0 172.1  40.6 0.100194 0.244722 0.181835 hargrave 2021-05-09 09:37:13 
TT 590 227.8  50.9 273.9  02.3 1.40E-05 001.5 174.4  41.0 0.083919 0.431462 0.193875 hargrave 2021-05-10 10:28:20 
TT 600 226.1  54.3 277.1  03.8 1.24E-05 001.2 173.1  44.4 0.117185 0.275719 0.161478 hargrave 2021-05-11 12:56:18 
TT 610 220.1  53.6 276.1  07.2 1.08E-05 000.8 168.1  43.9 0.109182 0.107545 0.127387 hargrave 2021-05-12 13:56:31 
TT 620 232.2  50.3 273.7 -00.5 1.02E-05 000.9 178.0  40.3 0.109373 0.074136 0.148100 hargrave 2021-05-13 17:47:59 
TT 630 231.7  51.2 274.6 -00.0 8.94E-06 001.6 177.5  41.2 0.092199 0.289227 0.117848 hargrave 2021-05-16 13:43:24 
TT 640 226.8  47.6 270.5  02.5 8.51E-06 001.5 173.3  37.7 0.103094 0.253785 0.095996 hargrave 2021-05-17 09:09:26 
TT 650 236.9  50.3 274.4 -03.5 6.95E-06 000.9 181.9  40.3 0.079259 0.069311 0.089447 hargrave 2021-05-18 11:19:53 
TT 660 216.7  44.5 266.8  09.2 5.50E-06 004.0 164.5  34.9 0.072498 0.482163 0.073744 hargrave 2021-05-19 10:55:40 
TT 664 246.1  52.8 278.7 -08.1 4.18E-06 002.5 189.5  43.0 0.068398 0.223346 0.029510 hargrave 2021-05-20 18:44:30 
TT 668 178.0  59.8 289.2  27.2 2.48E-06 001.9 135.2  53.5 0.046152 0.122026 0.048192 hargrave 2021-05-22 09:36:34 
TT 672 148.2  60.5 303.6  35.2 1.66E-06 002.2 110.3  58.4 0.090710 0.049482 0.056444 hargrave 2021-05-24 09:35:54 
TT 674 191.8  36.9 261.4  28.8 2.18E-06 001.6 141.4  29.3 0.126464 0.051944 0.028818 hargrave 2021-05-25 09:08:56 
TT 676 271.9  40.4 277.8 -29.5 1.65E-06 003.2 213.0  32.2 0.110022 0.069167 0.024652 hargrave 2021-05-26 09:12:20 
TT 678 057.2  04.3 040.2  14.8 1.26E-06 002.1 002.6  14.3 0.043945 0.053476 0.014083 hargrave 2021-05-29 11:29:11 
TT 680 210.9  22.0 243.8  13.6 1.78E-06 006.6 157.6  12.8 0.036217 0.276387 0.015197 hargrave 2021-05-31 09:10:40 
