PF18- 80a sun compass orientation
 117.83 320.2  28.0 218.9  81.9  14.6
NRM    304.6  70.7 307.4 -11.1 7.53E-05 000.6 138.9  61.1 0.856073 0.739554 0.509374 hargrave 2021-04-08 14:14:54 
TT  50 305.1  71.0 307.6 -10.9 7.44E-05 000.4 139.5  61.0 0.526902 0.425589 0.503605 hargrave 2021-04-09 13:37:22 
TT 100 299.3  66.7 305.0 -14.8 7.05E-05 001.1 129.8  61.3 1.658162 1.039635 0.507581 hargrave 2021-04-10 14:04:48 
TT 150 281.9  58.9 294.5 -19.6 6.61E-05 001.5 106.3  65.0 2.548702 0.412730 0.419632 hargrave 2021-04-11 12:39:02 
TT 200 275.6  55.8 289.6 -20.4 6.32E-05 001.4 095.6  66.3 2.218013 0.407378 0.321185 hargrave 2021-04-13 15:41:45 
TT 250 272.2  54.6 287.3 -20.2 5.67E-05 000.5 090.5  67.2 0.258190 0.610945 0.299686 hargrave 2021-04-18 14:33:24 
TT 300 267.6  52.3 283.5 -20.1 4.78E-05 001.1 081.2  67.9 1.210072 0.643129 0.264702 hargrave 2021-04-19 14:44:50 
TT 325 264.4  50.2 280.3 -20.1 4.11E-05 000.5 073.4  68.0 0.251953 0.423576 0.205509 hargrave 2021-04-20 13:11:45 
TT 350 266.0  50.9 281.6 -20.4 3.80E-05 001.5 076.6  67.7 1.168245 0.814914 0.199678 hargrave 2021-04-23 12:52:30 
TT 375 264.9  49.2 279.8 -21.0 3.40E-05 000.7 072.2  67.0 0.438419 0.439000 0.166210 hargrave 2021-04-25 09:53:50 
TT 415 264.0  48.8 279.0 -20.9 2.78E-05 001.2 070.4  67.1 0.826333 0.142957 0.147039 hargrave 2021-04-26 08:57:24 
TT 450 259.3  46.7 275.2 -19.7 2.22E-05 000.4 060.8  67.5 0.142204 0.107955 0.138501 hargrave 2021-04-27 13:39:31 
TT 475 259.6  47.9 276.3 -19.1 1.95E-05 000.6 063.0  68.3 0.154071 0.235477 0.085149 hargrave 2021-04-29 14:30:36 
TT 500 260.2  47.3 276.1 -19.8 1.66E-05 000.7 063.0  67.6 0.253563 0.079337 0.089175 hargrave 2021-05-01 09:39:38 
TT 520 257.4  46.8 274.5 -18.6 1.49E-05 001.0 058.0  68.4 0.194226 0.320493 0.144535 hargrave 2021-05-02 16:13:07 
TT 535 251.4  46.6 272.0 -15.2 1.21E-05 001.7 047.8  70.4 0.432747 0.273825 0.056232 hargrave 2021-05-04 08:52:21 
TT 550 248.3  47.1 271.4 -13.1 1.07E-05 002.3 042.9  71.9 0.358648 0.503798 0.040400 hargrave 2021-05-04 18:29:23 
TT 560 251.3  45.9 271.3 -15.6 9.74E-06 001.1 046.7  69.9 0.240048 0.122222 0.036202 hargrave 2021-05-05 15:56:39 
TT 570 251.1  44.7 270.1 -16.0 8.11E-06 001.9 044.6  68.9 0.178659 0.349956 0.040297 hargrave 2021-05-06 22:14:00 
TT 580 251.0  51.6 276.3 -12.5 6.03E-06 000.8 056.7  74.7 0.071828 0.097868 0.021430 hargrave 2021-05-08 19:29:39 
TT 590 251.9  58.6 282.6 -09.3 5.10E-06 001.0 081.9  78.8 0.074128 0.106944 0.017873 hargrave 2021-05-09 18:31:40 
TT 600 252.2  37.2 263.6 -20.4 5.13E-06 000.6 039.1  61.7 0.052963 0.047405 0.028868 hargrave 2021-05-11 09:18:51 
TT 610 275.5  55.7 289.5 -20.5 3.66E-06 001.0 095.3  66.3 0.069630 0.076108 0.030308 hargrave 2021-05-12 09:16:52 
TT 620 236.3  18.0 239.7 -13.7 3.74E-06 002.0 008.3  45.8 0.038308 0.185998 0.031870 hargrave 2021-05-13 12:09:01 
TT 630 285.7  42.4 288.0 -35.2 3.26E-06 001.1 085.0  52.4 0.061660 0.091062 0.024577 hargrave 2021-05-14 11:36:05 
TT 640 224.1  22.7 242.1 -01.6 2.77E-06 001.5 351.1  50.5 0.062984 0.071150 0.055621 hargrave 2021-05-15 09:47:38 
TT 650 269.5  73.7 298.6 -04.6 2.39E-06 002.2 145.5  71.7 0.049461 0.126421 0.015068 hargrave 2021-05-16 11:38:47 
TT 660 224.4  21.1 240.6 -02.2 2.38E-06 002.2 351.8  48.9 0.042917 0.124120 0.022798 hargrave 2021-05-17 12:50:27 
TT 664 288.9  43.3 291.1 -35.5 2.30E-06 001.4 089.0  51.6 0.061401 0.064254 0.018902 hargrave 2021-05-18 15:10:43 
TT 668 284.5  26.8 275.6 -47.8 1.86E-06 001.9 071.1  40.0 0.088668 0.037159 0.021870 hargrave 2021-05-19 17:42:03 
TT 672 199.0  38.7 257.3  20.6 1.41E-06 002.4 306.2  59.9 0.022288 0.071273 0.049728 hargrave 2021-05-23 10:54:09 
TT 674 258.3  10.6 238.4 -36.3 1.98E-06 001.6 034.3  34.7 0.041924 0.071653 0.019734 hargrave 2021-05-24 13:10:46 
TT 676 162.9  41.5 272.5  45.1 1.22E-06 002.8 265.4  46.1 0.061901 0.064818 0.019803 hargrave 2021-05-25 12:59:58 
