PF18- 138a mag compass orientation (IGRF corrected)
 145.24 178.6   9.0 222.8  83.0  13.4
NRM    248.7  69.8 294.7 -02.0 3.46E-05 001.0 165.9  61.2 0.483961 0.581462 0.352519 hargrave 2021-04-09 19:11:41 
TT  50 252.9  70.0 295.5 -03.2 3.44E-05 000.9 168.9  61.2 0.469486 0.386290 0.342673 hargrave 2021-04-10 17:54:27 
TT 100 246.3  69.5 294.0 -01.4 3.23E-05 001.2 164.1  60.9 0.190108 0.817304 0.299921 hargrave 2021-04-12 14:22:21 
TT 150 248.4  69.6 294.5 -02.0 3.03E-05 001.7 165.7  61.0 0.497890 1.037070 0.289596 hargrave 2021-04-14 15:11:21 
TT 200 243.6  69.4 293.6 -00.6 2.99E-05 000.7 162.1  61.0 0.283053 0.220537 0.361767 hargrave 2021-04-15 13:07:31 
TT 250 250.9  70.5 295.7 -02.4 2.69E-05 000.8 167.6  61.8 0.387068 0.254631 0.242466 hargrave 2021-04-16 18:00:23 
TT 300 246.5  70.4 294.9 -01.1 2.37E-05 001.4 164.5  61.9 0.372311 0.635723 0.218787 hargrave 2021-04-18 21:01:35 
TT 325 240.8  70.4 294.2  00.7 2.19E-05 000.8 160.4  62.1 0.124138 0.359707 0.168320 hargrave 2021-04-21 17:41:36 
TT 350 239.9  70.3 294.0  00.9 2.02E-05 001.5 159.7  62.1 0.082643 0.686828 0.155802 hargrave 2021-04-22 15:14:40 
TT 375 244.9  71.0 295.2 -00.4 1.77E-05 000.9 163.5  62.5 0.220241 0.277773 0.129563 hargrave 2021-04-23 16:28:02 
TT 415 241.6  71.2 295.1  00.7 1.61E-05 000.3 161.3  62.9 0.108618 0.072277 0.100022 hargrave 2021-04-25 19:30:33 
TT 450 247.8  72.2 296.7 -00.7 1.50E-05 000.7 165.9  63.6 0.114622 0.215449 0.093862 hargrave 2021-04-28 09:06:18 
TT 475 246.1  72.6 296.8 -00.1 1.42E-05 000.4 164.8  64.0 0.083333 0.113497 0.084231 hargrave 2021-04-30 11:06:51 
TT 500 242.6  73.2 297.1  01.1 1.34E-05 000.5 162.7  64.8 0.141618 0.078607 0.066364 hargrave 2021-05-01 13:15:38 
TT 520 242.7  73.7 297.5  01.3 1.24E-05 000.8 162.9  65.3 0.194363 0.114541 0.066555 hargrave 2021-05-02 12:05:39 
TT 535 252.0  75.7 300.3 -00.1 1.09E-05 000.8 169.6  66.9 0.095603 0.155379 0.077804 hargrave 2021-05-03 13:03:02 
TT 550 244.5  78.2 301.8  02.5 8.58E-06 001.7 166.1  69.6 0.080411 0.324648 0.026348 hargrave 2021-05-05 11:52:49 
TT 560 235.5  75.7 298.8  03.7 7.01E-06 001.0 159.2  67.6 0.104091 0.139255 0.024053 hargrave 2021-05-06 08:54:57 
TT 570 260.0  78.8 303.9  00.2 4.78E-06 001.1 175.2  69.8 0.076357 0.089232 0.021321 hargrave 2021-05-07 14:50:18 
TT 580 200.2  80.9 304.2  10.4 3.79E-06 001.5 145.2  75.0 0.073466 0.123298 0.020993 hargrave 2021-05-09 09:33:41 
TT 590 187.5  81.3 305.5  12.0 3.74E-06 002.6 139.9  76.6 0.052502 0.223004 0.030577 hargrave 2021-05-10 10:23:54 
TT 600 044.2  79.8 323.1  07.1 3.23E-06 002.3 256.8  82.7 0.126052 0.116764 0.009804 hargrave 2021-05-11 12:51:52 
TT 610 085.9  76.9 322.7  15.8 2.76E-06 002.2 351.5  85.8 0.097904 0.099412 0.012312 hargrave 2021-05-12 13:53:41 
TT 620 316.0  71.6 313.8 -11.3 2.88E-06 002.5 212.9  64.7 0.119435 0.117984 0.035583 hargrave 2021-05-13 17:43:34 
TT 630 277.6  72.9 303.0 -07.0 2.75E-06 004.3 186.0  64.0 0.073083 0.264512 0.021318 hargrave 2021-05-16 13:41:49 
TT 640 023.8  63.3 338.0 -02.1 2.54E-06 001.7 276.9  65.8 0.069127 0.057490 0.052906 hargrave 2021-05-17 09:05:47 
TT 650 264.3  67.3 295.8 -08.1 2.68E-06 003.2 176.8  58.3 0.062454 0.196553 0.040245 hargrave 2021-05-18 11:15:26 
TT 660 030.1  49.9 351.7 -02.7 2.22E-06 003.0 291.1  53.9 0.127318 0.085233 0.050771 hargrave 2021-05-19 10:51:13 
TT 664 109.8  55.9 328.9  37.8 1.70E-06 001.6 027.7  64.1 0.030016 0.062196 0.048188 hargrave 2021-05-20 18:40:04 
TT 668 077.3  40.5 359.4  30.5 1.74E-06 004.1 346.8  49.3 0.118992 0.062651 0.101637 hargrave 2021-05-22 09:32:57 
TT 672 279.3  55.4 293.0 -21.7 1.42E-06 005.9 188.8  46.5 0.135153 0.173593 0.060379 hargrave 2021-05-24 09:33:04 
TT 674 012.5  36.6 000.0 -19.2 1.29E-06 004.7 277.1  38.3 0.101895 0.068994 0.076192 hargrave 2021-05-25 09:06:06 
TT 676 341.1  48.5 333.9 -29.2 1.15E-06 007.6 243.6  45.2 0.177863 0.098544 0.051164 hargrave 2021-05-26 09:09:30 
TT 678 059.5  05.6 039.1  17.2 1.26E-06 003.2 330.1  13.5 0.066316 0.132583 0.035252 hargrave 2021-05-29 11:26:22 
TT 680 247.8  29.1 256.5 -17.9 8.93E-07 007.7 160.6  20.7 0.066252 0.190065 0.040292 hargrave 2021-05-31 09:07:51 
