PF18- 90a mag compass orientation (IGRF corrected)
  122.5 301.6  28.0 218.9  81.9  13.9
NRM    266.7  78.4 301.1 -00.6 6.92E-05 000.3 155.3  66.8 0.299846 0.454415 0.259813 hargrave 2021-04-08 14:33:01 
TT  50 269.4  76.6 300.4 -02.3 6.82E-05 000.9 150.5  66.5 0.737910 1.243110 0.247055 hargrave 2021-04-09 13:55:22 
TT 100 272.5  73.9 299.4 -04.9 5.75E-05 002.0 144.0  65.7 1.481434 2.408550 0.227839 hargrave 2021-04-10 14:22:47 
TT 150 264.1  63.7 290.4 -10.7 3.74E-05 002.1 117.4  66.7 1.483169 1.165570 0.216381 hargrave 2021-04-11 12:56:59 
TT 200 258.3  55.6 282.2 -13.9 3.22E-05 002.9 096.2  65.5 2.155059 0.771172 0.257925 hargrave 2021-04-13 15:57:32 
TT 250 260.2  54.7 282.2 -15.2 2.64E-05 002.2 096.1  64.2 1.250723 0.563685 0.233283 hargrave 2021-04-18 14:48:53 
TT 300 259.7  52.5 280.2 -16.4 2.19E-05 001.2 091.7  63.0 0.513255 0.347847 0.252668 hargrave 2021-04-19 15:05:59 
TT 325 259.5  52.9 280.5 -16.0 1.82E-05 000.9 092.3  63.4 0.129401 0.307026 0.191619 hargrave 2021-04-20 13:31:15 
TT 350 257.5  50.1 277.4 -16.8 1.53E-05 000.8 085.8  62.5 0.127009 0.232273 0.173361 hargrave 2021-04-23 13:10:34 
TT 375 259.8  49.8 278.0 -18.1 1.33E-05 000.9 087.4  61.2 0.133411 0.215556 0.160356 hargrave 2021-04-25 10:12:43 
TT 415 262.8  51.3 280.5 -18.6 1.17E-05 001.5 092.4  60.8 0.360186 0.185314 0.132689 hargrave 2021-04-26 09:15:33 
TT 450 257.8  49.8 277.1 -17.1 9.64E-06 000.8 085.5  62.1 0.081645 0.143352 0.115183 hargrave 2021-04-27 13:59:01 
TT 475 260.2  50.1 278.4 -18.1 8.37E-06 001.3 088.2  61.2 0.212306 0.136762 0.097677 hargrave 2021-04-29 14:48:34 
TT 500 258.8  51.3 278.9 -16.7 7.11E-06 001.3 089.0  62.7 0.180142 0.119814 0.055979 hargrave 2021-05-01 09:57:38 
TT 520 256.2  49.6 276.4 -16.4 6.32E-06 001.4 083.7  62.7 0.208941 0.043842 0.033532 hargrave 2021-05-02 16:29:25 
TT 535 256.6  51.4 278.1 -15.6 5.68E-06 001.0 087.0  63.7 0.071224 0.101006 0.057656 hargrave 2021-05-04 09:09:26 
TT 550 258.8  51.6 279.1 -16.5 4.97E-06 000.9 089.4  62.8 0.054119 0.073174 0.064774 hargrave 2021-05-04 18:47:10 
TT 560 279.6  64.8 296.5 -13.9 3.19E-06 003.1 125.6  60.9 0.186825 0.149260 0.027132 hargrave 2021-05-05 16:15:28 
TT 570 261.9  56.7 284.4 -14.7 3.23E-06 001.4 101.0  64.5 0.100781 0.034187 0.039149 hargrave 2021-05-06 22:31:58 
TT 580 257.6  58.2 284.0 -11.9 2.75E-06 001.6 101.2  67.2 0.103486 0.023089 0.050401 hargrave 2021-05-08 19:49:20 
TT 590 255.6  68.6 291.8 -04.9 2.07E-06 001.5 128.9  70.9 0.040314 0.068855 0.038131 hargrave 2021-05-09 18:49:38 
TT 600 257.5  43.1 271.3 -20.8 2.23E-06 001.9 076.3  57.3 0.087462 0.045478 0.047034 hargrave 2021-05-11 09:37:32 
TT 610 235.9  37.3 258.7 -08.3 1.94E-06 001.9 042.6  61.1 0.044348 0.068591 0.046811 hargrave 2021-05-12 09:34:48 
TT 620 264.8  43.2 274.9 -25.0 1.54E-06 001.7 083.8  54.0 0.059537 0.022356 0.033429 hargrave 2021-05-13 12:27:46 
TT 630 030.7  28.4 009.6 -03.3 3.91E-07 072.5 179.2  00.4 0.012634 0.646980 1.734716 hargrave 2021-05-14 11:55:38 
TT 630 278.1  69.9 298.7 -09.2 1.29E-06 002.3 135.5  63.3 0.041285 0.061249 0.032129 hargrave 2021-05-14 13:03:28 
TT 640 283.0  66.7 298.7 -12.9 1.26E-06 000.8 130.4  60.5 0.027812 0.019562 0.030151 hargrave 2021-05-15 10:04:57 
TT 650 170.5  67.2 292.5  24.6 9.70E-07 002.0 235.4  72.0 0.030159 0.037116 0.002816 hargrave 2021-05-16 11:56:59 
TT 660 202.5  40.9 259.4  17.7 1.03E-06 002.0 341.2  68.2 0.032265 0.037972 0.005894 hargrave 2021-05-17 13:07:49 
TT 664 342.0  68.5 320.6 -09.9 9.73E-07 004.4 156.7  45.2 0.028168 0.102637 0.013380 hargrave 2021-05-18 15:29:02 
TT 668 004.1  70.8 324.6 -03.0 7.15E-07 004.3 167.8  44.2 0.012391 0.076120 0.014347 hargrave 2021-05-19 18:00:07 
TT 672 071.7  57.5 338.5  24.0 6.07E-07 006.8 204.5  33.5 0.051711 0.087201 0.009016 hargrave 2021-05-23 11:12:14 
TT 674 237.3  26.7 248.7 -12.5 5.44E-07 001.5 037.8  50.8 0.020982 0.015965 0.022028 hargrave 2021-05-24 13:28:14 
TT 676 318.2  54.2 315.0 -27.2 5.91E-07 002.5 133.3  39.6 0.013707 0.042733 0.016844 hargrave 2021-05-25 13:16:40 
TT 678 201.1  00.6 217.0  17.7 5.35E-07 002.4 348.1  28.1 0.021725 0.025084 0.009416 hargrave 2021-05-26 13:58:41 
TT 680 301.1  13.1 288.9 -67.5 4.74E-07 005.1 095.8  11.7 0.053771 0.041819 0.017940 hargrave 2021-05-30 15:47:31 
