PF18- 98a mag compass orientation (IGRF corrected)
 126.01 303.6  44.0 218.9  81.9  13.1
NRM    231.3  58.1 277.9  00.4 4.30E-05 000.6 144.8  73.8 0.515216 0.185529 0.203966 hargrave 2021-04-08 14:46:13 
TT  50 230.6  58.5 278.1  00.9 4.28E-05 000.6 146.8  73.8 0.525103 0.245617 0.199149 hargrave 2021-04-09 14:08:27 
TT 100 232.2  57.1 276.9 -00.3 4.15E-05 001.2 140.8  74.1 0.923993 0.659198 0.188772 hargrave 2021-04-10 14:35:07 
TT 150 230.8  55.1 274.9 -00.1 3.80E-05 000.5 136.3  75.8 0.414012 0.154473 0.146541 hargrave 2021-04-11 13:09:17 
TT 200 229.6  54.9 274.5  00.6 3.71E-05 000.7 137.3  76.5 0.155296 0.511457 0.179823 hargrave 2021-04-13 16:07:45 
TT 250 228.9  54.1 273.6  00.8 3.63E-05 000.6 135.2  77.3 0.345253 0.384933 0.118858 hargrave 2021-04-18 14:59:12 
TT 300 228.4  53.0 272.5  00.8 3.46E-05 000.8 131.6  78.1 0.571711 0.159946 0.089615 hargrave 2021-04-19 15:18:15 
TT 325 227.9  52.4 271.8  01.0 3.21E-05 000.5 129.6  78.7 0.146375 0.349355 0.090419 hargrave 2021-04-20 13:44:21 
TT 350 227.4  52.6 272.0  01.3 3.04E-05 000.6 131.3  78.9 0.159423 0.390544 0.089378 hargrave 2021-04-23 13:22:55 
TT 375 228.0  52.2 271.6  00.9 2.74E-05 000.8 128.7  78.8 0.173132 0.480188 0.086500 hargrave 2021-04-25 10:25:02 
TT 415 226.6  52.3 271.6  01.7 2.25E-05 000.7 131.5  79.4 0.159392 0.303465 0.096735 hargrave 2021-04-26 09:28:45 
TT 450 224.0  51.9 270.9  03.2 1.99E-05 000.4 134.7  81.0 0.106229 0.130082 0.053891 hargrave 2021-04-27 14:12:08 
TT 475 222.4  52.1 271.0  04.3 1.89E-05 000.7 140.1  81.6 0.089643 0.299320 0.041128 hargrave 2021-04-29 15:01:40 
TT 500 221.6  52.2 271.0  04.7 1.76E-05 000.7 143.0  81.9 0.095304 0.247070 0.078669 hargrave 2021-05-01 10:09:59 
TT 520 220.5  52.3 271.0  05.4 1.66E-05 000.7 146.6  82.3 0.151931 0.208832 0.025331 hargrave 2021-05-02 16:40:33 
TT 535 219.8  51.2 269.9  05.8 1.52E-05 000.9 144.5  83.4 0.103269 0.277514 0.028866 hargrave 2021-05-04 09:21:39 
TT 550 220.1  51.0 269.7  05.5 1.39E-05 000.8 141.7  83.4 0.102471 0.242886 0.029736 hargrave 2021-05-04 19:00:09 
TT 560 221.2  53.1 271.9  05.1 1.30E-05 000.8 148.2  81.4 0.096071 0.221825 0.023876 hargrave 2021-05-05 16:28:34 
TT 570 218.0  51.9 270.4  06.9 9.77E-06 001.1 155.3  83.5 0.081096 0.241791 0.020812 hargrave 2021-05-06 22:44:14 
TT 580 210.4  55.0 273.5  11.5 6.61E-06 001.2 191.5  80.8 0.039425 0.172380 0.017887 hargrave 2021-05-08 20:01:38 
TT 590 209.9  57.8 276.4  11.6 5.73E-06 001.8 189.4  78.0 0.052438 0.228476 0.017595 hargrave 2021-05-09 19:01:50 
TT 600 219.3  60.0 278.7  06.8 4.59E-06 001.3 168.5  75.6 0.115233 0.071970 0.026749 hargrave 2021-05-11 09:49:46 
TT 610 217.8  61.8 280.4  07.7 3.88E-06 001.8 172.8  74.0 0.092350 0.140057 0.026940 hargrave 2021-05-12 09:47:04 
TT 620 194.2  58.4 278.5  19.7 3.44E-06 002.1 216.5  73.0 0.041966 0.157786 0.028760 hargrave 2021-05-13 12:39:59 
TT 630 227.5  34.1 253.9 -02.5 3.28E-06 002.1 046.6  74.1 0.044911 0.155915 0.018169 hargrave 2021-05-14 12:08:43 
TT 640 199.2  21.5 238.9  21.2 3.08E-06 001.9 329.6  62.8 0.039246 0.119707 0.040862 hargrave 2021-05-15 10:17:28 
TT 650 214.8  66.2 284.8  09.1 3.08E-06 002.7 178.6  69.8 0.043581 0.184676 0.007090 hargrave 2021-05-16 12:09:25 
TT 660 189.8  72.4 292.9  16.2 2.58E-06 004.0 194.8  61.4 0.066401 0.227828 0.013730 hargrave 2021-05-17 13:21:49 
TT 664 240.7  61.0 282.1 -03.2 2.65E-06 002.7 143.4  68.3 0.034835 0.162237 0.010174 hargrave 2021-05-18 15:41:30 
TT 668 237.3  47.4 268.7 -06.2 2.36E-06 002.7 103.7  73.8 0.038243 0.152433 0.028729 hargrave 2021-05-19 18:13:14 
TT 672 206.4  73.7 292.6  11.3 2.52E-06 003.3 184.3  62.2 0.042910 0.183261 0.011379 hargrave 2021-05-23 11:24:40 
TT 674 183.2  43.6 265.5  31.0 2.09E-06 003.7 265.4  68.4 0.072905 0.157952 0.043790 hargrave 2021-05-24 13:40:42 
TT 676 207.9  12.1 229.6  12.4 2.56E-06 002.6 350.0  55.8 0.041744 0.145623 0.038521 hargrave 2021-05-25 13:29:06 
TT 678 214.9  09.1 227.4  05.2 2.19E-06 002.4 002.1  53.1 0.041126 0.111574 0.023248 hargrave 2021-05-26 14:10:57 
TT 680 170.2  57.9 284.8  31.0 1.80E-06 005.5 229.6  61.4 0.098177 0.205054 0.030445 hargrave 2021-05-30 16:00:52 
