PF18- 1a mag compass orientation (IGRF corrected)
  105.9 123.6  29.0 221.5  81.4   5.8
NRM    246.2  59.7 284.1 -04.6 4.28E-05 002.1 199.0  33.3 0.263047 0.831705 0.198329 hargrave 2021-04-06 18:12:07 
TT  50 240.9  60.3 283.6 -01.9 4.27E-05 002.6 195.8  33.1 0.365141 1.031187 0.210817 hargrave 2021-04-12 09:51:00 
TT 100 239.3  60.4 283.4 -01.1 4.26E-05 001.2 194.8  33.0 0.099542 0.482420 0.227053 hargrave 2021-04-13 11:02:50 
TT 100 238.7  60.5 283.4 -00.8 4.26E-05 001.5 194.5  33.0 0.121789 0.602759 0.232480 hargrave 2021-04-13 12:49:10 
TT 150 245.7  59.1 283.5 -04.5 4.25E-05 000.7 198.9  32.7 0.118877 0.206949 0.208510 hargrave 2021-04-14 18:31:47 
TT 200 249.3  57.7 283.1 -06.9 4.14E-05 001.4 201.6  31.9 0.168419 0.530655 0.232198 hargrave 2021-04-16 12:10:06 
TT 250 245.0  57.5 281.9 -04.9 4.03E-05 002.3 199.1  31.0 0.366352 0.864600 0.171791 hargrave 2021-04-19 22:35:20 
TT 300 239.7  57.6 280.8 -02.3 3.92E-05 000.6 195.9  30.3 0.085226 0.121261 0.192261 hargrave 2021-04-21 12:33:17 
TT 325 240.0  57.2 280.6 -02.5 3.83E-05 002.1 196.2  30.0 0.299968 0.728387 0.181505 hargrave 2021-04-22 10:12:57 
TT 350 237.7  57.2 280.1 -01.4 3.73E-05 001.2 194.8  29.7 0.150291 0.355543 0.210880 hargrave 2021-04-23 08:06:37 
TT 375 232.8  57.6 279.8  01.3 3.59E-05 001.7 191.7  29.6 0.066985 0.596325 0.170444 hargrave 2021-04-24 15:01:33 
TT 415 238.0  57.0 280.0 -01.6 3.40E-05 003.2 195.0  29.5 0.249595 1.052533 0.144495 hargrave 2021-04-25 13:55:29 
TT 450 213.8  29.0 249.6  10.8 2.65E-05 034.2 180.2  00.0 0.067043 4.308977 9.498867 hargrave 2021-04-26 19:47:11 
TT 450 210.9  29.0 249.4  13.4 2.62E-05 035.3 177.7 -00.0 0.205470 5.022140 9.511882 hargrave 2021-04-26 20:59:02 
TT 475 234.0  56.7 279.1  00.4 2.99E-05 001.8 192.6  28.8 0.159682 0.481090 0.160525 hargrave 2021-04-29 09:37:54 
TT 500 232.8  56.9 279.1  01.1 2.91E-05 002.2 191.9  28.9 0.162357 0.630460 0.127671 hargrave 2021-04-30 14:45:11 
TT 520 237.4  56.6 279.5 -01.4 2.80E-05 005.5 194.7  29.1 0.364349 1.522502 0.151598 hargrave 2021-05-01 16:56:11 
TT 535 232.2  40.6 263.2 -02.4 4.47E-06 002.4 194.4  12.7 0.057473 0.098798 0.050763 hargrave 2021-05-03 08:32:15 
TT 550 229.7  41.6 263.7 -00.4 4.55E-06 002.2 192.3  13.4 0.071487 0.085230 0.040126 hargrave 2021-05-04 12:19:12 
TT 560 220.9  57.1 278.2  07.5 2.57E-05 001.2 184.5  28.2 0.066156 0.242284 0.184669 hargrave 2021-05-06 15:40:50 
TT 560 227.1  56.2 277.8  04.0 2.57E-05 000.5 188.4  27.7 0.056781 0.094522 0.104754 hargrave 2021-05-06 17:46:56 
TT 570 230.8  56.7 278.7  02.2 2.49E-05 001.0 190.6  28.5 0.127155 0.106196 0.203335 hargrave 2021-05-07 10:22:00 
TT 580 227.6  56.6 278.2  03.9 2.42E-05 001.7 188.7  28.1 0.048435 0.365374 0.180863 hargrave 2021-05-08 11:42:18 
TT 590 227.1  56.5 278.1  04.1 2.36E-05 002.0 188.4  28.0 0.038367 0.458311 0.144614 hargrave 2021-05-09 13:04:53 
TT 600 235.2  56.0 278.6 -00.4 2.29E-05 003.1 193.5  28.2 0.106936 0.679063 0.182230 hargrave 2021-05-10 13:52:11 
TT 610 235.8  55.7 278.4 -00.8 2.25E-05 001.4 194.0  28.0 0.123072 0.237104 0.157232 hargrave 2021-05-11 15:46:32 
TT 620 224.9  56.4 277.8  05.3 2.19E-05 000.7 187.0  27.7 0.049697 0.112220 0.110829 hargrave 2021-05-12 18:07:26 
TT 630 235.4  54.7 277.4 -00.9 2.16E-05 002.3 193.9  27.0 0.144873 0.460662 0.115387 hargrave 2021-05-14 15:25:46 
TT 640 225.8  56.1 277.5  04.8 2.10E-05 003.0 187.6  27.4 0.140744 0.609066 0.121572 hargrave 2021-05-15 13:10:17 
TT 650 228.7  56.3 278.1  03.2 2.02E-05 000.8 189.4  27.9 0.074406 0.092325 0.121111 hargrave 2021-05-16 16:03:20 
TT 660 222.0  56.2 277.4  06.9 1.99E-05 001.0 185.2  27.4 0.066897 0.140706 0.114960 hargrave 2021-05-17 16:41:06 
TT 664 224.7  56.4 277.8  05.4 1.93E-05 002.9 186.9  27.7 0.114615 0.546658 0.104096 hargrave 2021-05-18 20:11:15 
TT 668 226.7  56.5 278.1  04.3 1.89E-05 002.2 188.1  28.0 0.121092 0.384130 0.100659 hargrave 2021-05-20 08:59:45 
TT 672 227.2  55.9 277.5  04.0 1.82E-05 000.7 188.5  27.4 0.058986 0.094722 0.083139 hargrave 2021-05-23 14:18:09 
TT 674 227.9  56.0 277.6  03.6 1.77E-05 000.8 188.9  27.5 0.046126 0.103897 0.087666 hargrave 2021-05-24 16:39:35 
TT 676 226.6  56.0 277.6  04.3 1.72E-05 002.1 188.1  27.5 0.078528 0.354856 0.078724 hargrave 2021-05-25 16:25:06 
TT 678 226.6  56.3 277.8  04.4 1.67E-05 001.1 188.1  27.7 0.038436 0.127411 0.148990 hargrave 2021-05-26 17:05:03 
TT 680 229.3  55.8 277.6  02.8 1.58E-05 004.2 189.8  27.5 0.147514 0.662059 0.078482 hargrave 2021-05-30 11:15:11 
TT 682 229.9  55.8 277.6  02.4 1.43E-05 000.9 190.2  27.5 0.060613 0.100182 0.067363 hargrave 2021-05-31 12:24:03 
