PF18- 49a sun compass orientation
   97.9 150.0  24.0 221.5  81.4   7.0
NRM    293.3  79.7 308.3 -01.2 1.11E-04 001.3 196.1  58.8 1.183062 0.890994 0.832208 hargrave 2021-04-06 19:18:30 
TT  50 297.1  79.3 308.9 -01.8 1.10E-04 001.0 197.6  58.9 0.951002 0.434161 0.804675 hargrave 2021-04-12 11:13:51 
TT 100 277.5  81.1 306.5  01.2 1.05E-04 001.1 190.4  58.5 0.621654 0.943728 0.921143 hargrave 2021-04-13 12:27:27 
TT 150 258.0  76.4 300.6  00.4 7.39E-05 001.1 186.9  52.9 0.463332 0.698963 0.591977 hargrave 2021-04-14 19:41:29 
TT 200 241.9  74.2 296.7  02.9 6.21E-05 000.9 180.8  50.2 0.189262 0.563511 0.467635 hargrave 2021-04-16 13:27:33 
TT 250 233.5  72.2 294.1  04.6 5.48E-05 003.4 177.0  48.3 0.489152 2.241804 0.366495 hargrave 2021-04-19 23:47:16 
TT 300 242.3  72.6 295.2  02.1 4.71E-05 004.1 181.1  48.6 0.253633 2.297428 0.377575 hargrave 2021-04-21 14:00:21 
TT 325 222.3  71.6 292.9  07.9 4.20E-05 001.1 171.7  48.1 0.147944 0.467258 0.299190 hargrave 2021-04-22 11:39:42 
TT 350 223.4  71.3 292.7  07.5 3.60E-05 001.1 172.2  47.8 0.202323 0.395098 0.234155 hargrave 2021-04-23 09:31:19 
TT 375 222.6  71.3 292.6  07.8 2.95E-05 000.9 171.8  47.8 0.172643 0.193645 0.190888 hargrave 2021-04-24 16:33:42 
TT 415 229.6  71.8 293.4  05.7 2.71E-05 003.4 175.2  48.0 0.060099 1.111827 0.151154 hargrave 2021-04-25 16:11:55 
TT 450 237.8  72.1 294.4  03.3 2.26E-05 003.1 179.0  48.2 0.078642 0.839081 0.149880 hargrave 2021-04-27 08:28:52 
TT 475 221.5  71.6 292.9  08.2 2.14E-05 001.3 171.4  48.2 0.152027 0.250655 0.182758 hargrave 2021-04-29 11:03:04 
TT 500 236.7  72.9 295.0  03.8 2.01E-05 001.1 178.5  49.0 0.104120 0.194192 0.164926 hargrave 2021-04-30 16:06:44 
TT 520 220.1  72.2 293.5  08.6 1.89E-05 001.9 170.9  48.9 0.168713 0.372013 0.164713 hargrave 2021-05-01 18:19:31 
TT 535 237.6  73.4 295.5  03.7 1.77E-05 001.5 178.9  49.4 0.058551 0.313353 0.101037 hargrave 2021-05-03 10:00:13 
TT 550 223.2  73.0 294.4  07.7 1.69E-05 001.3 172.6  49.5 0.055389 0.242719 0.145803 hargrave 2021-05-04 13:43:19 
TT 560 222.2  73.3 294.6  08.0 1.59E-05 002.2 172.2  49.8 0.056053 0.420738 0.087148 hargrave 2021-05-06 17:06:36 
TT 570 218.1  72.1 293.4  09.2 1.46E-05 000.9 170.0  48.9 0.073206 0.135546 0.060012 hargrave 2021-05-07 11:47:14 
TT 580 225.0  72.9 294.3  07.2 1.42E-05 001.9 173.3  49.3 0.099165 0.299718 0.106316 hargrave 2021-05-08 13:12:12 
TT 590 223.9  72.5 293.8  07.5 1.34E-05 000.9 172.7  48.9 0.051854 0.118851 0.098114 hargrave 2021-05-09 14:35:43 
TT 600 217.8  72.8 294.1  09.3 1.24E-05 002.2 170.1  49.6 0.095163 0.312753 0.073361 hargrave 2021-05-10 15:20:12 
TT 610 213.9  70.5 291.9  10.6 1.20E-05 001.1 167.4  47.7 0.065613 0.140075 0.076003 hargrave 2021-05-11 17:16:13 
TT 620 199.9  70.9 293.1  15.1 1.09E-05 000.6 161.0  49.6 0.052620 0.045468 0.086203 hargrave 2021-05-12 19:33:27 
TT 630 224.5  72.5 293.9  07.3 1.06E-05 000.7 173.0  48.9 0.050413 0.065145 0.078358 hargrave 2021-05-14 16:52:33 
TT 640 207.6  71.6 293.2  12.5 1.05E-05 000.5 165.0  49.3 0.058785 0.037679 0.035451 hargrave 2021-05-15 14:36:12 
TT 650 220.9  73.3 294.6  08.4 1.01E-05 000.6 171.6  49.8 0.053293 0.050200 0.033423 hargrave 2021-05-16 17:27:34 
TT 660 227.0  73.1 294.6  06.6 9.97E-06 000.6 174.2  49.4 0.061226 0.046759 0.034742 hargrave 2021-05-17 18:08:20 
TT 664 223.2  73.2 294.5  07.7 9.57E-06 001.1 172.6  49.6 0.057668 0.101688 0.064910 hargrave 2021-05-18 21:35:17 
TT 668 218.6  71.0 292.2  09.1 9.12E-06 000.8 169.8  47.7 0.048911 0.078091 0.042341 hargrave 2021-05-20 10:24:51 
TT 672 203.2  72.4 294.4  13.7 8.54E-06 000.9 163.5  50.6 0.062282 0.068398 0.042432 hargrave 2021-05-23 15:45:18 
TT 674 214.2  72.2 293.5  10.4 8.43E-06 001.2 168.3  49.3 0.054724 0.093791 0.077486 hargrave 2021-05-24 18:04:14 
TT 676 211.3  74.4 295.9  11.0 7.84E-06 002.8 168.0  51.6 0.096327 0.242624 0.063283 hargrave 2021-05-25 17:54:02 
TT 678 214.0  73.3 294.6  10.4 7.18E-06 004.2 168.6  50.3 0.052657 0.362597 0.070056 hargrave 2021-05-26 18:32:03 
TT 680 214.5  75.2 296.6  10.1 6.02E-06 001.7 169.7  52.1 0.055626 0.113229 0.041637 hargrave 2021-05-30 12:39:03 
TT 682 216.7  72.9 294.2  09.6 4.84E-06 001.4 169.6  49.8 0.034341 0.074326 0.046713 hargrave 2021-05-31 13:47:41 
TT 684 211.8  70.5 291.9  11.3 4.13E-06 001.2 166.4  47.8 0.039021 0.039102 0.043533 hargrave 2021-06-03 10:35:22 
TT 686 231.4  74.0 295.6  05.6 2.92E-06 004.7 176.3  50.1 0.023187 0.168016 0.010715 hargrave 2021-06-04 12:00:20 
TT 688 234.6  70.7 292.7  03.9 1.57E-06 001.3 177.4  46.8 0.015431 0.019596 0.010166 hargrave 2021-06-05 12:17:07 
TT 690 201.8  69.5 291.6  14.9 9.82E-07 002.5 161.1  48.1 0.008597 0.028143 0.007594 hargrave 2021-06-06 11:11:35 
TT 692 303.2  79.2 309.9 -02.1 7.64E-07 004.9 199.4  59.6 0.018296 0.041712 0.003908 hargrave 2021-06-06 20:37:11 
TT 695 066.3 -08.0 054.0  23.0 5.89E-07 009.4 006.5  15.9 0.011138 0.066213 0.014960 hargrave 2021-06-10 14:45:23 
