PF18- 60a sun compass orientation
  95.24 133.0  32.0 221.5  81.4  14.1
NRM    247.9  56.0 281.2 -07.0 5.50E-05 000.8 195.1  25.8 0.409459 0.803130 0.594462 hargrave 2021-04-08 13:41:51 
TT  50 252.0  55.2 281.6 -09.4 5.49E-05 001.5 197.9  25.6 0.475290 1.896346 0.629212 hargrave 2021-04-09 13:03:08 
TT 100 246.9  56.0 281.0 -06.5 5.47E-05 001.9 194.6  25.7 0.769377 2.291604 0.640020 hargrave 2021-04-10 13:28:19 
TT 150 248.9  54.8 280.4 -08.1 5.30E-05 000.6 196.1  24.7 0.178376 0.425987 0.577165 hargrave 2021-04-11 12:03:37 
TT 200 242.9  55.4 279.5 -04.7 4.91E-05 003.2 192.3  24.5 0.595768 3.787138 0.509849 hargrave 2021-04-13 15:11:56 
TT 250 242.0  56.0 279.8 -04.0 4.65E-05 003.8 191.6  25.0 1.098629 4.202168 0.532833 hargrave 2021-04-18 14:01:50 
TT 300 246.6  55.8 280.7 -06.4 4.47E-05 000.5 194.4  25.4 0.265170 0.345666 0.438735 hargrave 2021-04-19 14:08:32 
TT 325 244.9  57.0 281.4 -05.1 4.34E-05 000.6 193.1  26.4 0.157908 0.477485 0.443544 hargrave 2021-04-20 12:35:29 
TT 350 243.2  56.6 280.6 -04.4 4.14E-05 001.5 192.2  25.7 0.197420 1.478789 0.404712 hargrave 2021-04-23 12:16:04 
TT 375 241.9  56.7 280.4 -03.7 3.73E-05 001.3 191.4  25.7 0.311357 1.062300 0.459572 hargrave 2021-04-25 09:19:16 
TT 415 242.2  57.2 281.0 -03.7 3.00E-05 001.3 191.5  26.2 0.100959 0.860609 0.342510 hargrave 2021-04-26 08:21:02 
TT 475 242.0  57.2 280.9 -03.5 2.48E-05 001.0 191.3  26.2 0.089669 0.554498 0.299913 hargrave 2021-04-29 13:56:05 
TT 500 243.3  57.4 281.4 -04.1 2.31E-05 001.1 192.1  26.5 0.080912 0.549172 0.249463 hargrave 2021-05-01 09:04:51 
TT 520 238.8  57.1 280.2 -02.0 2.20E-05 000.9 189.4  25.7 0.173075 0.205636 0.409192 hargrave 2021-05-02 15:44:40 
TT 535 239.5  58.1 281.3 -02.0 2.03E-05 003.7 189.7  26.8 0.259851 1.826925 0.303017 hargrave 2021-05-04 08:17:39 
TT 550 233.0  59.1 281.2  01.6 1.90E-05 003.7 185.8  27.3 0.231966 1.684623 0.195590 hargrave 2021-05-04 17:53:11 
TT 560 243.4  59.9 283.8 -03.2 1.75E-05 001.3 191.5  29.0 0.121768 0.512717 0.211196 hargrave 2021-05-05 15:19:33 
TT 570 233.8  57.4 279.8  00.7 1.34E-05 001.2 186.4  25.7 0.085426 0.348333 0.161416 hargrave 2021-05-06 21:39:29 
TT 580 243.6  58.2 282.2 -04.0 1.03E-05 000.8 192.1  27.3 0.056695 0.177004 0.114412 hargrave 2021-05-08 18:55:44 
TT 590 224.6  58.7 280.1  05.8 7.23E-06 002.9 180.9  26.7 0.029731 0.495857 0.125988 hargrave 2021-05-09 17:53:31 
TT 600 214.5  59.9 281.0  11.0 6.07E-06 003.6 175.2  28.1 0.075446 0.541509 0.130824 hargrave 2021-05-11 08:45:05 
TT 610 234.4  54.1 276.6 -00.5 6.91E-06 000.9 187.2  22.4 0.196857 0.114340 0.147207 hargrave 2021-05-12 08:40:39 
TT 620 235.5  53.6 276.3 -01.2 6.80E-06 003.4 188.0  22.0 0.121389 0.543862 0.109413 hargrave 2021-05-13 11:33:34 
TT 630 302.4  83.2 310.4  01.9 2.73E-06 001.1 192.0  56.2 0.041890 0.067717 0.059539 hargrave 2021-05-14 11:01:29 
TT 640 286.6  55.2 296.4 -22.9 4.23E-06 002.3 218.2  34.2 0.274472 0.086192 0.058914 hargrave 2021-05-15 09:13:47 
TT 650 201.3  46.9 268.5  20.0 4.40E-06 000.9 164.7  16.5 0.083006 0.077755 0.096478 hargrave 2021-05-16 11:05:22 
TT 660 332.4  50.6 326.3 -28.1 2.66E-06 001.1 248.9  50.1 0.066502 0.036098 0.019976 hargrave 2021-05-17 12:14:35 
TT 664 242.2  43.2 267.9 -08.8 5.22E-06 001.3 194.3  12.4 0.118987 0.134271 0.079709 hargrave 2021-05-18 14:36:19 
TT 668 282.5  50.9 291.7 -25.4 3.68E-06 001.7 218.5  29.3 0.185303 0.064608 0.071486 hargrave 2021-05-19 17:08:02 
TT 672 129.4  39.9 314.6  58.7 1.69E-06 003.6 111.3  34.7 0.048157 0.107768 0.097183 hargrave 2021-05-23 10:20:54 
TT 674 034.3  30.0 010.7 -01.8 1.53E-06 001.8 344.2  61.4 0.046680 0.050627 0.018384 hargrave 2021-05-24 12:37:56 
TT 676 237.7  43.9 267.5 -05.4 4.07E-06 001.5 190.8  12.6 0.106113 0.120876 0.074416 hargrave 2021-05-25 12:27:02 
