PF18- 4a mag compass orientation (IGRF corrected)
 105.62  67.6  12.0 221.5  81.4   6.5
NRM    247.6  65.8 289.9 -02.4 3.87E-05 001.3 245.1  63.2 0.541572 0.153289 0.105140 hargrave 2021-04-06 18:15:47 
TT  50 245.2  65.9 289.5 -01.5 3.87E-05 001.3 243.2  62.8 0.525425 0.197511 0.085670 hargrave 2021-04-12 09:55:32 
TT 100 249.7  64.7 289.3 -03.7 3.84E-05 001.4 248.0  62.5 0.541959 0.311068 0.100210 hargrave 2021-04-13 11:07:22 
TT 100 249.9  64.6 289.3 -03.8 3.84E-05 001.5 248.2  62.5 0.578919 0.341503 0.097912 hargrave 2021-04-13 12:54:32 
TT 150 248.6  64.6 289.0 -03.3 3.74E-05 000.8 247.1  62.3 0.141391 0.268302 0.139363 hargrave 2021-04-14 18:35:36 
TT 200 244.8  59.4 283.6 -04.0 3.26E-05 002.1 248.1  56.8 0.759149 0.180452 0.107034 hargrave 2021-04-16 12:14:37 
TT 250 241.7  56.8 280.5 -03.6 1.49E-05 055.9 247.2  53.7 2.377595 5.654216 8.360209 hargrave 2021-04-19 22:41:52 
TT 250 242.9  56.7 280.7 -04.2 3.00E-05 000.6 248.2  54.0 0.185800 0.065480 0.101404 hargrave 2021-04-20 09:40:44 
TT 300 245.5  55.0 279.7 -06.2 2.75E-05 000.6 251.6  52.8 0.108660 0.108840 0.106740 hargrave 2021-04-21 12:38:40 
TT 325 243.5  54.7 279.0 -05.3 2.56E-05 000.7 250.0  52.2 0.122501 0.110911 0.105692 hargrave 2021-04-22 10:18:21 
TT 350 240.3  55.1 278.7 -03.4 2.42E-05 000.6 246.9  51.9 0.109364 0.107626 0.085253 hargrave 2021-04-23 08:11:10 
TT 375 241.6  54.1 278.0 -04.5 2.19E-05 002.1 248.6  51.2 0.457031 0.248574 0.075433 hargrave 2021-04-24 15:06:57 
TT 415 237.6  53.5 276.6 -02.5 1.95E-05 002.1 245.5  49.9 0.430547 0.156294 0.072617 hargrave 2021-04-25 14:00:00 
TT 450 235.5  54.1 276.8 -01.1 1.70E-05 004.4 243.2  50.1 0.772023 0.347196 0.059654 hargrave 2021-04-26 19:50:53 
TT 475 234.7  54.1 276.7 -00.7 1.64E-05 001.0 242.6  49.9 0.161548 0.087379 0.063716 hargrave 2021-04-29 09:42:25 
TT 500 231.3  54.4 276.5  01.3 1.55E-05 005.7 239.5  49.6 0.892374 0.479701 0.056281 hargrave 2021-04-30 14:49:41 
TT 520 234.3  53.7 276.3 -00.5 1.45E-05 000.8 242.4  49.5 0.095529 0.070822 0.060265 hargrave 2021-05-01 17:01:38 
TT 535 237.8  51.8 275.0 -03.1 1.36E-05 001.8 246.4  48.3 0.191872 0.171573 0.093302 hargrave 2021-05-03 08:38:26 
TT 550 230.9  53.7 275.7  01.4 1.28E-05 000.7 239.5  48.8 0.069058 0.058734 0.051438 hargrave 2021-05-04 12:23:44 
TT 560 235.0  52.9 275.6 -01.1 1.20E-05 001.2 243.4  48.9 0.127383 0.087901 0.042348 hargrave 2021-05-06 15:45:21 
TT 570 237.5  54.0 277.0 -02.3 1.13E-05 001.1 245.1  50.3 0.096757 0.084764 0.055213 hargrave 2021-05-07 10:27:24 
TT 580 229.8  54.0 275.9  02.1 1.09E-05 003.1 238.4  48.9 0.331879 0.182180 0.044679 hargrave 2021-05-08 11:47:39 
TT 590 234.7  53.5 276.1 -00.8 1.04E-05 001.4 242.9  49.3 0.145733 0.078433 0.052744 hargrave 2021-05-09 13:10:17 
TT 600 234.4  53.4 276.0 -00.7 9.81E-06 001.8 242.7  49.2 0.177222 0.077457 0.052673 hargrave 2021-05-10 13:56:48 
TT 610 234.4  51.6 274.2 -01.2 9.36E-06 000.8 243.5  47.5 0.053872 0.056490 0.042301 hargrave 2021-05-11 15:51:53 
TT 620 228.4  52.9 274.7  02.7 8.82E-06 002.2 237.7  47.6 0.205427 0.075453 0.037534 hargrave 2021-05-12 18:12:47 
TT 630 229.1  52.4 274.2  02.2 8.69E-06 002.5 238.5  47.2 0.186702 0.161345 0.032589 hargrave 2021-05-14 15:30:19 
TT 640 232.7  53.0 275.3  00.2 7.76E-06 001.2 241.3  48.5 0.083819 0.058506 0.037889 hargrave 2021-05-15 13:14:53 
TT 650 229.5  54.3 276.1  02.3 7.43E-06 001.5 238.1  49.1 0.099923 0.077677 0.038144 hargrave 2021-05-16 16:07:56 
TT 660 233.7  52.7 275.2 -00.4 4.56E-06 002.4 242.4  48.4 0.108730 0.059583 0.032423 hargrave 2021-05-17 16:46:30 
TT 664 226.4  51.4 272.9  03.7 4.35E-06 002.4 236.6  45.8 0.094774 0.068977 0.036740 hargrave 2021-05-18 20:15:45 
TT 668 230.0  52.8 274.8  01.8 3.82E-06 004.0 239.1  47.8 0.147921 0.091728 0.023364 hargrave 2021-05-20 09:04:15 
TT 672 221.3  51.1 272.3  06.8 3.64E-06 001.0 232.3  44.7 0.033211 0.030108 0.021265 hargrave 2021-05-23 14:23:32 
TT 674 215.2  50.7 271.6  10.6 1.89E-06 002.5 227.4  43.3 0.044758 0.031701 0.006609 hargrave 2021-05-24 16:44:11 
TT 676 150.3  75.3 306.4  22.5 3.01E-07 001.3 175.9  63.3 0.003390 0.003195 0.001007 hargrave 2021-05-25 16:29:42 
TT 678 113.8  56.8 324.0  39.8 2.27E-07 002.7 146.0  47.4 0.002860 0.006627 0.000916 hargrave 2021-05-26 17:09:35 
TT 680 091.7  32.4 002.7  46.2 2.70E-07 004.7 120.3  26.9 0.010781 0.009804 0.001970 hargrave 2021-05-30 11:19:44 
TT 682 316.5 -45.8 125.8 -52.5 1.79E-07 002.1 342.3 -34.5 0.002211 0.003364 0.002185 hargrave 2021-05-31 12:28:35 
