PF18- 8a mag compass orientation (IGRF corrected)
 105.12 145.6  27.0 221.5  81.4  17.5
NRM    241.2  72.4 295.0  02.4 7.36E-05 003.0 182.4  45.5 4.607087 2.195457 4.391758 hargrave 2021-04-06 18:20:16 
TT  50 251.9  71.3 295.4 -01.1 7.36E-05 003.6 187.3  44.7 4.030502 5.930521 3.848806 hargrave 2021-04-12 10:01:11 
TT 100 246.8  71.2 294.6  00.3 7.26E-05 002.6 185.0  44.4 3.007694 3.114184 3.887818 hargrave 2021-04-13 11:13:50 
TT 100 247.3  71.1 294.5  00.1 7.27E-05 002.4 185.3  44.3 2.799936 2.710037 3.781633 hargrave 2021-04-13 13:02:04 
TT 150 235.0  27.0 250.5 -07.9 5.06E-05 043.4 179.4 -00.0 0.442769 16.18864 82.17679 hargrave 2021-04-14 18:40:12 
TT 150 254.3  69.0 293.9 -03.0 6.77E-05 002.3 189.0  42.6 2.829680 0.759505 3.645169 hargrave 2021-04-14 20:21:37 
TT 200 238.2  60.6 283.4 -00.5 5.28E-05 002.3 181.5  33.6 1.603196 0.778873 3.325808 hargrave 2021-04-16 12:20:17 
TT 250 240.0  57.1 280.5 -02.6 4.76E-05 002.6 182.8  30.2 1.735048 0.605101 3.268860 hargrave 2021-04-19 22:46:58 
TT 300 235.6  56.3 279.0 -00.5 4.54E-05 003.1 180.0  29.3 1.914892 1.833377 3.400280 hargrave 2021-04-21 12:44:20 
TT 325 229.4  55.7 277.5  02.7 4.30E-05 003.1 176.0  28.8 1.689936 1.765767 3.251025 hargrave 2021-04-22 10:24:03 
TT 350 229.0  54.8 276.6  02.8 3.81E-05 002.6 175.7  28.0 1.303046 0.468400 2.701195 hargrave 2021-04-23 08:17:40 
TT 375 222.2  53.8 275.1  06.5 3.02E-05 002.9 171.1  27.3 1.230008 1.221391 2.016532 hargrave 2021-04-24 15:14:03 
TT 415 226.4  53.3 274.8  03.9 2.70E-05 002.5 173.9  26.5 0.809618 0.833117 1.672798 hargrave 2021-04-25 14:06:28 
TT 450 235.7  53.5 276.3 -01.4 2.34E-05 002.8 180.1  26.5 0.686182 1.100771 1.480979 hargrave 2021-04-26 20:15:57 
TT 475 221.1  53.4 274.6  07.1 2.21E-05 003.3 170.3  27.0 0.565700 1.413298 1.637033 hargrave 2021-04-29 09:48:55 
TT 500 226.9  53.4 275.0  03.7 2.10E-05 002.6 174.2  26.6 0.670594 0.769712 1.332201 hargrave 2021-04-30 14:55:19 
TT 520 224.9  53.4 274.8  04.9 1.96E-05 003.4 172.9  26.7 0.871407 1.169619 1.418789 hargrave 2021-05-01 17:07:23 
TT 535 224.9  52.9 274.4  04.8 1.85E-05 002.2 172.8  26.2 0.416187 0.527800 1.021261 hargrave 2021-05-03 08:44:57 
TT 550 224.9  53.3 274.8  04.8 1.76E-05 005.6 172.9  26.6 0.203984 2.763045 1.207975 hargrave 2021-05-04 12:29:23 
TT 560 218.0  52.8 273.8  08.9 1.66E-05 002.2 168.2  26.6 0.417752 0.321499 0.954005 hargrave 2021-05-06 15:50:59 
TT 570 226.1  53.2 274.7  04.2 1.57E-05 001.8 173.6  26.4 0.280196 0.488926 0.641524 hargrave 2021-05-07 10:33:08 
TT 580 221.3  52.8 274.0  07.0 1.51E-05 002.5 170.4  26.3 0.472539 0.619717 0.839093 hargrave 2021-05-08 11:54:09 
TT 590 218.7  52.4 273.4  08.5 1.43E-05 001.8 168.6  26.1 0.290981 0.218201 0.705926 hargrave 2021-05-09 13:16:00 
TT 600 219.2  51.9 273.0  08.2 1.35E-05 002.2 168.9  25.7 0.183893 0.618742 0.659562 hargrave 2021-05-10 14:02:35 
TT 610 221.6  51.2 272.4  06.7 1.32E-05 001.9 170.4  24.8 0.325739 0.203644 0.662156 hargrave 2021-05-11 15:57:33 
TT 620 222.6  51.2 272.4  06.0 1.28E-05 002.9 171.1  24.6 0.412209 0.659945 0.834889 hargrave 2021-05-12 18:18:25 
TT 630 224.9  51.6 273.0  04.6 1.25E-05 002.4 172.7  24.9 0.369825 0.233791 0.791575 hargrave 2021-05-14 15:35:57 
TT 640 220.5  51.1 272.2  07.3 1.19E-05 002.6 169.6  24.7 0.410287 0.506840 0.667412 hargrave 2021-05-15 13:20:41 
TT 650 219.0  50.6 271.7  08.2 1.19E-05 002.7 168.6  24.4 0.423678 0.648435 0.619347 hargrave 2021-05-16 16:13:40 
TT 660 215.1  50.0 270.9  10.7 1.13E-05 002.1 165.7  24.1 0.188658 0.382361 0.597718 hargrave 2021-05-17 16:52:10 
TT 664 214.9  50.4 271.4  10.8 1.10E-05 002.4 165.7  24.6 0.370501 0.329888 0.637799 hargrave 2021-05-18 20:21:25 
TT 668 219.4  51.6 272.7  08.0 1.02E-05 002.1 169.0  25.3 0.247653 0.259021 0.556769 hargrave 2021-05-20 09:09:52 
TT 672 222.7  51.8 273.1  06.0 9.85E-06 002.7 171.2  25.3 0.171294 0.598436 0.523192 hargrave 2021-05-23 14:29:14 
TT 674 218.4  51.1 272.1  08.6 9.33E-06 002.3 168.2  24.9 0.305495 0.217123 0.535404 hargrave 2021-05-24 16:49:55 
TT 676 221.6  50.8 272.0  06.6 8.76E-06 002.7 170.3  24.4 0.289837 0.435860 0.515068 hargrave 2021-05-25 16:35:26 
TT 678 213.2  50.8 271.7  11.9 7.55E-06 002.2 164.6  25.1 0.144476 0.238562 0.432577 hargrave 2021-05-26 17:15:16 
TT 680 222.6  49.8 271.0  05.8 6.11E-06 002.4 170.9  23.3 0.171515 0.177592 0.366460 hargrave 2021-05-30 11:26:17 
TT 682 228.6  52.2 274.0  02.5 3.13E-06 002.4 175.3  25.4 0.074728 0.099174 0.193049 hargrave 2021-05-31 12:34:14 
