PF18- 83a sun compass orientation
 119.67 327.3  22.0 218.9  81.9  12.5
NRM    311.7  71.7 309.8 -10.2 1.56E-04 001.5 132.6  65.8 2.671326 4.207926 1.144280 hargrave 2021-04-08 14:19:20 
TT  50 313.6  72.6 310.3 -09.3 1.54E-04 000.5 135.0  65.7 1.254260 0.759376 1.089025 hargrave 2021-04-09 13:41:47 
TT 100 306.7  70.2 308.2 -11.7 1.39E-04 001.1 127.4  66.5 2.849910 1.400961 0.820430 hargrave 2021-04-10 14:09:13 
TT 150 277.7  64.6 295.7 -13.6 6.99E-05 000.4 097.3  73.7 0.447446 0.296362 0.203788 hargrave 2021-04-11 12:43:26 
TT 200 245.2 -36.2 182.5 -25.9 3.71E-04 005.2 006.5 -14.4 7.551463 40.30419 9.267349 hargrave 2021-04-13 15:45:24 
TT 200 251.1 -37.4 180.0 -30.3 3.63E-04 002.3 011.3 -15.9 4.215898 15.81332 7.803168 hargrave 2021-04-14 13:01:50 
TT 250 250.1 -53.0 163.5 -24.9 5.49E-05 049.8 009.0 -31.3 61.87483 9.813631 38.14493 hargrave 2021-04-18 14:37:37 
TT 250 238.8 -52.6 165.9 -18.5 1.09E-04 001.6 001.1 -30.6 0.685763 3.337931 1.980255 hargrave 2021-04-18 15:53:17 
TT 300 239.5 -42.4 176.5 -20.6 3.00E-05 060.9 001.7 -20.4 37.57299 1.157226 13.98209 hargrave 2021-04-19 14:50:50 
TT 300 241.5 -43.2 175.4 -21.9 6.00E-05 002.6 003.3 -21.2 0.213919 3.160210 1.153000 hargrave 2021-04-19 16:38:57 
TT 325 244.6 -31.2 188.1 -26.1 2.04E-05 043.9 006.3 -09.3 26.67231 2.970278 4.400955 hargrave 2021-04-20 13:16:57 
TT 325 243.9 -31.2 188.2 -25.5 2.04E-05 040.6 005.7 -09.3 26.71348 2.688098 4.391283 hargrave 2021-04-20 16:32:08 
TT 325 247.4 -31.0 187.9 -28.5 2.04E-05 062.7 008.8 -09.3 26.53907 4.098429 4.397406 hargrave 2021-04-20 16:49:57 
TT 325 245.1 -31.9 187.2 -26.5 4.09E-05 001.5 006.7 -10.1 0.139104 1.005877 0.827217 hargrave 2021-04-20 18:14:00 
TT 350 247.2 -24.9 194.9 -29.0 3.23E-05 007.4 009.0 -03.1 0.848275 5.157292 0.691555 hargrave 2021-04-23 12:56:55 
TT 375 246.8 -19.8 200.7 -28.9 2.71E-05 006.2 009.0  01.9 0.517046 3.623564 0.606051 hargrave 2021-04-25 09:58:16 
TT 415 247.4 -11.3 210.4 -29.4 2.07E-05 002.2 010.1  10.4 0.100461 0.898966 0.392896 hargrave 2021-04-26 09:01:52 
TT 450 244.2 -04.3 218.0 -25.7 1.70E-05 001.4 007.2  17.5 0.056649 0.412561 0.339252 hargrave 2021-04-27 13:44:46 
TT 475 243.1 -00.6 221.9 -24.0 1.50E-05 006.6 006.2  21.3 0.343295 2.111122 0.284533 hargrave 2021-04-29 14:35:01 
TT 500 247.7  04.8 228.7 -27.6 1.30E-05 001.8 011.6  26.4 0.080471 0.453232 0.250158 hargrave 2021-05-01 09:44:04 
TT 520 244.0  10.6 234.0 -22.8 1.16E-05 001.5 007.8  32.4 0.159731 0.342103 0.114078 hargrave 2021-05-02 16:17:31 
TT 535 246.9  15.3 239.8 -24.3 1.01E-05 000.9 011.6  37.0 0.156415 0.082045 0.111494 hargrave 2021-05-04 08:56:44 
TT 550 243.5  17.3 240.9 -20.6 9.11E-06 001.1 007.7  39.1 0.134458 0.104823 0.146804 hargrave 2021-05-04 18:33:44 
TT 560 244.4  22.9 246.8 -19.7 7.67E-06 001.1 009.2  44.7 0.143113 0.079303 0.110223 hargrave 2021-05-05 16:01:53 
TT 570 252.9  28.5 255.6 -24.8 7.09E-06 000.8 021.3  49.4 0.075693 0.047272 0.081923 hargrave 2021-05-06 22:18:23 
TT 580 248.0  35.7 260.6 -18.0 6.09E-06 001.2 016.1  57.1 0.115024 0.080316 0.074276 hargrave 2021-05-08 19:34:05 
TT 590 244.2  39.1 262.6 -13.8 5.36E-06 001.1 011.0  60.8 0.094093 0.074660 0.055112 hargrave 2021-05-09 18:36:06 
TT 600 245.1  27.1 251.3 -19.0 4.72E-06 002.2 010.6  48.8 0.132583 0.175745 0.071880 hargrave 2021-05-11 09:24:03 
TT 610 255.8  40.5 268.2 -21.1 3.14E-06 001.6 029.6  60.8 0.048452 0.085476 0.057983 hargrave 2021-05-12 09:21:16 
TT 620 223.6  23.1 242.4 -01.2 2.90E-06 001.8 342.3  44.3 0.049306 0.073746 0.081852 hargrave 2021-05-13 12:13:24 
TT 630 261.7  45.0 274.9 -22.1 1.88E-06 001.5 041.3  63.7 0.034703 0.051341 0.029118 hargrave 2021-05-14 11:41:18 
TT 640 227.0  15.6 235.6 -05.6 2.73E-06 002.5 347.5  37.2 0.056425 0.122929 0.075869 hargrave 2021-05-15 09:52:03 
TT 650 200.2  36.0 254.4  19.8 1.66E-06 002.8 307.8  51.9 0.096754 0.031600 0.013737 hargrave 2021-05-16 11:43:14 
TT 660 231.2  06.9 227.6 -11.1 1.96E-06 004.4 353.1  28.7 0.036917 0.190968 0.040356 hargrave 2021-05-17 12:54:56 
TT 664 244.6  69.6 290.6 -01.0 1.10E-06 001.9 125.2  86.9 0.016033 0.043020 0.010396 hargrave 2021-05-18 15:15:13 
TT 668 224.4  11.7 231.3 -03.7 1.64E-06 002.9 344.9  33.1 0.063874 0.074622 0.042944 hargrave 2021-05-19 17:46:30 
TT 672 225.3  02.4 222.2 -06.0 1.37E-06 004.1 346.8  23.9 0.062428 0.103383 0.037538 hargrave 2021-05-23 10:58:35 
TT 674 237.5 -02.3 219.2 -18.7 1.22E-06 002.4 000.2  19.7 0.025664 0.054596 0.033113 hargrave 2021-05-24 13:15:14 
TT 676 196.5 -05.6 209.6  21.2 1.10E-06 004.1 318.5  11.0 0.078894 0.060575 0.029898 hargrave 2021-05-25 13:04:28 
