PF18- 2b mag compass orientation (IGRF corrected)
 105.78 173.6  12.0 221.5  81.4   7.9
NRM    233.8  62.2 284.4  01.9 3.35E-05 001.6 158.3  51.4 0.521130 0.469004 0.259819 hargrave 2021-04-06 18:13:24 
TT  50 239.4  62.6 285.5 -00.4 3.36E-05 001.4 162.4  51.3 0.387669 0.491972 0.232651 hargrave 2021-04-12 09:52:34 
TT 100 237.8  62.5 285.2  00.3 3.34E-05 002.0 161.2  51.4 0.418042 0.785203 0.241758 hargrave 2021-04-13 11:04:24 
TT 100 236.9  62.7 285.2  00.7 3.34E-05 002.4 160.6  51.6 0.585505 0.916742 0.296778 hargrave 2021-04-13 12:50:44 
TT 150 243.5  62.7 286.3 -02.1 3.29E-05 003.6 165.4  51.2 0.520688 1.550826 0.155753 hargrave 2021-04-14 18:33:05 
TT 200 248.0  61.8 286.4 -04.4 3.15E-05 002.7 168.6  50.1 0.145507 1.141203 0.256540 hargrave 2021-04-16 12:11:40 
TT 250 234.4  60.0 282.3  01.1 3.01E-05 000.9 158.1  49.2 0.144517 0.213662 0.279852 hargrave 2021-04-19 22:36:35 
TT 300 233.5  59.6 281.8  01.4 2.91E-05 001.9 157.3  48.8 0.504957 0.510793 0.212084 hargrave 2021-04-21 12:34:51 
TT 325 233.6  59.7 281.9  01.4 2.82E-05 000.9 157.4  48.9 0.192148 0.231014 0.192495 hargrave 2021-04-22 10:14:32 
TT 350 233.0  59.6 281.8  01.7 2.72E-05 001.1 156.9  48.9 0.092088 0.352967 0.221799 hargrave 2021-04-23 08:08:11 
TT 375 229.8  59.2 281.0  03.2 2.55E-05 002.0 154.4  48.8 0.493220 0.498368 0.170419 hargrave 2021-04-24 15:03:07 
TT 415 230.6  59.5 281.4  02.9 2.34E-05 003.3 155.1  49.0 0.293827 0.998727 0.179529 hargrave 2021-04-25 13:57:03 
TT 450 264.1  11.9 244.4 -38.6 1.32E-05 053.1 180.5 -00.1 0.041976 4.200076 13.33253 hargrave 2021-04-26 19:48:27 
TT 450 263.3  12.0 244.0 -37.9 1.32E-05 053.0 179.7 -00.0 0.043983 4.058898 13.33087 hargrave 2021-04-26 21:00:35 
TT 475 225.6  59.5 280.9  05.3 2.00E-05 002.8 151.3  49.4 0.224929 0.711388 0.160307 hargrave 2021-04-29 09:39:28 
TT 500 223.4  59.3 280.6  06.4 1.90E-05 003.2 149.5  49.4 0.508417 0.655053 0.141690 hargrave 2021-04-30 14:46:44 
TT 520 225.8  59.7 281.1  05.2 1.81E-05 002.0 151.5  49.6 0.341319 0.320519 0.155509 hargrave 2021-05-01 16:57:46 
TT 535 228.4  60.1 281.8  04.1 1.71E-05 000.7 153.6  49.8 0.124086 0.072626 0.103982 hargrave 2021-05-03 08:33:49 
TT 550 226.1  59.7 281.1  05.1 1.67E-05 001.5 151.7  49.5 0.247440 0.220680 0.117591 hargrave 2021-05-04 12:20:46 
TT 560 228.0  59.5 281.2  04.2 1.60E-05 003.1 153.1  49.2 0.502758 0.386108 0.231221 hargrave 2021-05-06 15:42:24 
TT 570 228.6  59.8 281.5  03.9 1.52E-05 001.5 153.7  49.4 0.270027 0.062690 0.158974 hargrave 2021-05-07 10:23:35 
TT 580 226.9  59.6 281.1  04.7 1.45E-05 001.9 152.3  49.4 0.104356 0.302678 0.208329 hargrave 2021-05-08 11:43:51 
TT 590 222.4  59.1 280.3  06.9 1.39E-05 001.8 148.7  49.3 0.284270 0.115625 0.170758 hargrave 2021-05-09 13:06:28 
TT 600 223.2  59.8 281.1  06.6 1.32E-05 001.5 149.5  49.9 0.219538 0.038292 0.176724 hargrave 2021-05-10 13:53:46 
TT 610 225.9  59.7 281.2  05.2 1.27E-05 001.7 151.6  49.6 0.213521 0.092593 0.180124 hargrave 2021-05-11 15:48:06 
TT 620 239.1  61.5 284.5 -00.6 1.20E-05 009.0 162.0  50.3 0.569915 1.378096 0.150973 hargrave 2021-05-12 18:08:59 
TT 620 225.1  59.9 281.3  05.6 1.21E-05 002.6 151.0  49.9 0.064734 0.418791 0.139429 hargrave 2021-05-13 09:13:02 
TT 630 228.4  59.9 281.5  04.0 1.17E-05 004.3 153.5  49.5 0.175323 0.667190 0.145675 hargrave 2021-05-14 15:27:20 
TT 640 217.8  58.4 279.5  09.3 1.12E-05 001.4 144.9  49.2 0.159777 0.084486 0.114202 hargrave 2021-05-15 13:11:52 
TT 650 219.1  59.2 280.3  08.6 1.05E-05 001.5 146.2  49.8 0.195954 0.056008 0.081469 hargrave 2021-05-16 16:04:55 
TT 660 219.3  59.0 280.1  08.5 8.53E-06 001.6 146.3  49.6 0.061846 0.161092 0.079315 hargrave 2021-05-17 16:42:41 
TT 664 220.2  57.6 278.8  07.9 7.99E-06 002.0 146.5  48.2 0.056335 0.196108 0.105260 hargrave 2021-05-18 20:12:48 
TT 668 223.1  59.8 281.1  06.6 6.87E-06 001.5 149.5  50.0 0.082477 0.097264 0.079200 hargrave 2021-05-20 09:01:18 
TT 672 223.5  59.4 280.7  06.4 5.15E-06 001.4 149.6  49.6 0.046158 0.093623 0.025530 hargrave 2021-05-23 14:19:44 
TT 674 221.7  58.1 279.3  07.2 4.60E-06 001.7 147.8  48.5 0.052325 0.070179 0.076783 hargrave 2021-05-24 16:41:09 
TT 676 223.3  57.5 278.8  06.3 3.11E-06 002.4 148.9  47.7 0.035592 0.084603 0.050160 hargrave 2021-05-25 16:26:40 
TT 678 227.0  58.7 280.3  04.5 2.09E-06 001.9 152.1  48.5 0.041159 0.023068 0.031614 hargrave 2021-05-26 17:06:37 
TT 680 225.1  49.7 271.1  04.3 1.55E-06 002.5 148.3  39.8 0.019371 0.036939 0.039927 hargrave 2021-05-30 11:16:45 
TT 682 204.8  61.0 282.7  15.6 1.15E-06 002.3 135.9  53.5 0.015921 0.019401 0.030905 hargrave 2021-05-31 12:25:38 
