PF18- 143a mag compass orientation (IGRF corrected)
 147.23 137.6  29.0 222.8  83.0  11.3
NRM    224.9  48.8 271.5  03.9 7.08E-05 001.1 178.1  19.8 0.164245 1.167021 0.942217 hargrave 2021-04-09 19:22:04 
TT  50 226.7  48.7 271.5  02.7 7.04E-05 001.9 179.3  19.7 0.218496 2.442533 0.911380 hargrave 2021-04-10 18:02:32 
TT 100 220.9  46.5 269.0  06.4 6.81E-05 003.4 175.2  17.7 0.508023 4.477478 0.905593 hargrave 2021-04-12 14:29:40 
TT 150 220.7  45.0 267.5  06.4 6.60E-05 001.2 174.9  16.2 0.161794 1.335557 0.934739 hargrave 2021-04-14 15:21:46 
TT 200 223.3  44.9 267.6  04.6 6.53E-05 004.4 176.9  16.0 0.226314 5.571826 0.891989 hargrave 2021-04-15 13:17:20 
TT 250 226.8  43.8 266.7  02.0 6.09E-05 002.0 179.4  14.8 0.114744 2.226083 0.779476 hargrave 2021-04-16 18:08:27 
TT 300 216.9  43.5 265.8  09.1 6.06E-05 001.7 172.0  14.8 0.329238 1.878758 0.758921 hargrave 2021-04-18 21:12:00 
TT 325 218.4  43.1 265.5  08.0 4.89E-05 005.1 173.1  14.4 0.554253 4.842117 0.635581 hargrave 2021-04-21 17:51:09 
TT 350 217.8  42.9 265.2  08.4 4.47E-05 001.4 172.6  14.2 0.098467 1.125252 0.555774 hargrave 2021-04-22 15:24:18 
TT 375 215.3  42.4 264.8  10.3 4.10E-05 001.2 170.7  13.9 0.135146 0.830028 0.507187 hargrave 2021-04-23 16:37:51 
TT 415 213.9  42.5 264.8  11.3 4.01E-05 001.2 169.6  14.1 0.167538 0.780109 0.493960 hargrave 2021-04-25 19:41:07 
TT 450 219.8  42.5 264.9  06.9 3.58E-05 000.8 174.1  13.7 0.106833 0.304241 0.479067 hargrave 2021-04-28 09:14:36 
TT 475 216.6  42.5 264.9  09.3 3.37E-05 001.6 171.6  13.9 0.213044 0.966926 0.346455 hargrave 2021-04-30 11:18:15 
TT 500 218.4  42.4 264.8  07.9 3.15E-05 001.5 173.0  13.7 0.106226 0.911592 0.269388 hargrave 2021-05-01 13:25:27 
TT 520 210.8  41.5 263.8  13.6 2.94E-05 000.7 167.2  13.4 0.102763 0.273196 0.274790 hargrave 2021-05-02 12:16:09 
TT 535 210.6  41.2 263.6  13.7 2.58E-05 001.6 167.0  13.2 0.196790 0.742043 0.225420 hargrave 2021-05-03 13:13:39 
TT 550 212.8  40.9 263.3  12.1 1.92E-05 001.6 168.6  12.6 0.100009 0.574111 0.161763 hargrave 2021-05-05 12:03:13 
TT 560 206.7  37.3 259.8  17.1 1.36E-05 003.6 163.2  09.8 0.229474 0.939698 0.141752 hargrave 2021-05-06 09:05:20 
TT 570 209.2  38.2 260.6  15.0 1.19E-05 001.0 165.4  10.4 0.040463 0.198140 0.132946 hargrave 2021-05-07 15:00:37 
TT 580 204.6  36.2 258.8  18.8 1.10E-05 003.4 161.4  09.0 0.298750 0.665459 0.121641 hargrave 2021-05-09 09:43:10 
TT 590 202.2  37.2 260.0  20.6 9.23E-06 000.7 159.6  10.3 0.048462 0.061091 0.103460 hargrave 2021-05-10 10:35:08 
TT 600 203.7  36.4 259.0  19.5 7.99E-06 001.5 160.7  09.3 0.030793 0.218811 0.096786 hargrave 2021-05-11 13:02:14 
TT 610 194.9  36.2 260.0  26.5 7.52E-06 001.3 153.7  10.8 0.128053 0.131776 0.101479 hargrave 2021-05-12 14:02:26 
TT 620 209.8  36.4 258.6  14.6 7.46E-06 002.7 165.6  08.5 0.069307 0.388825 0.092268 hargrave 2021-05-13 17:53:53 
TT 630 208.6  36.4 258.8  15.6 6.71E-06 003.9 164.6  08.7 0.135918 0.501562 0.066856 hargrave 2021-05-16 13:49:28 
TT 640 210.5  37.8 260.1  14.0 6.12E-06 006.4 166.4  09.8 0.166190 0.758636 0.060407 hargrave 2021-05-17 09:16:15 
TT 650 210.5  36.8 259.0  14.1 5.51E-06 002.3 166.2  08.8 0.057181 0.249624 0.042269 hargrave 2021-05-18 11:25:50 
TT 660 201.4  34.9 257.6  21.6 5.14E-06 001.9 158.5  08.2 0.060254 0.217714 0.038906 hargrave 2021-05-19 11:01:39 
TT 664 216.2  36.2 258.5  09.4 3.75E-06 002.2 170.8  07.7 0.040385 0.160924 0.030592 hargrave 2021-05-20 18:51:16 
TT 668 194.5  31.5 254.8  27.7 3.11E-06 002.4 152.1  06.4 0.046691 0.158204 0.026482 hargrave 2021-05-22 09:43:21 
TT 672 174.1  32.9 262.6  43.8 1.54E-06 002.1 136.0  13.5 0.034553 0.064318 0.028599 hargrave 2021-05-24 09:41:50 
TT 674 196.7  32.8 255.9  25.7 2.02E-06 003.1 154.2  07.1 0.036834 0.130956 0.017278 hargrave 2021-05-25 09:15:43 
TT 676 334.2  02.9 018.6 -66.5 5.01E-07 004.9 283.2  10.5 0.053064 0.022871 0.006196 hargrave 2021-05-26 09:18:15 
