PF18- 74a sun compass orientation
 115.87 319.6  39.0 218.9  81.9  13.1
NRM    213.6  50.2 268.6  09.6 4.98E-05 000.8 268.2  79.9 0.866425 0.360873 0.077657 hargrave 2021-04-08 14:03:39 
TT  50 213.7  50.0 268.4  09.5 4.97E-05 001.3 269.7  79.8 1.440651 0.380920 0.081180 hargrave 2021-04-09 13:25:04 
TT 100 213.6  50.2 268.6  09.6 4.96E-05 001.1 268.4  79.8 1.185959 0.366530 0.086055 hargrave 2021-04-10 13:51:54 
TT 150 213.0  49.7 268.2  10.0 4.91E-05 001.3 270.4  79.4 1.352374 0.375717 0.096067 hargrave 2021-04-11 12:27:01 
TT 200 212.8  48.8 267.1  10.1 4.86E-05 000.9 275.2  79.0 0.922656 0.394050 0.116796 hargrave 2021-04-13 15:31:37 
TT 250 211.4  48.9 267.3  11.0 4.74E-05 000.9 273.2  78.1 0.981107 0.295764 0.128651 hargrave 2021-04-18 14:22:45 
TT 300 210.1  49.2 267.6  11.9 4.61E-05 001.1 270.5  77.4 1.069324 0.266474 0.127006 hargrave 2021-04-19 14:31:10 
TT 325 209.5  48.6 267.0  12.3 4.54E-05 000.5 272.6  76.8 0.350084 0.291325 0.132263 hargrave 2021-04-20 12:58:53 
TT 350 209.0  49.0 267.4  12.6 4.50E-05 000.5 270.6  76.7 0.352974 0.323884 0.130496 hargrave 2021-04-23 12:40:24 
TT 375 208.7  48.3 266.7  12.8 4.43E-05 000.8 273.0  76.2 0.795529 0.302025 0.098521 hargrave 2021-04-25 09:41:50 
TT 415 206.8  48.5 267.0  14.0 4.19E-05 002.1 270.7  75.2 2.004799 0.206702 0.106478 hargrave 2021-04-26 08:44:25 
TT 450 205.7  48.1 266.6  14.8 4.05E-05 000.3 271.4  74.3 0.165546 0.249108 0.131214 hargrave 2021-04-27 13:26:49 
TT 475 205.4  47.6 266.1  15.1 3.98E-05 000.9 272.7  73.9 0.768776 0.237354 0.118582 hargrave 2021-04-29 14:18:35 
TT 500 204.3  48.3 266.9  15.7 3.83E-05 000.6 269.6  73.5 0.476643 0.206687 0.108950 hargrave 2021-05-01 09:28:24 
TT 520 203.3  47.4 266.1  16.5 3.75E-05 001.1 271.5  72.6 0.772466 0.554195 0.204071 hargrave 2021-05-02 16:04:23 
TT 535 202.2  47.6 266.4  17.2 3.64E-05 002.2 270.1  71.9 1.850747 0.168092 0.115138 hargrave 2021-05-04 08:40:20 
TT 550 202.7  47.1 265.8  17.0 3.58E-05 000.9 271.9  72.0 0.676677 0.175770 0.119270 hargrave 2021-05-04 18:17:25 
TT 560 202.4  47.4 266.1  17.1 3.54E-05 000.9 270.8  72.0 0.735617 0.180469 0.111115 hargrave 2021-05-05 15:43:47 
TT 570 201.7  47.7 266.5  17.5 3.45E-05 000.3 269.5  71.6 0.189315 0.162305 0.112743 hargrave 2021-05-06 22:02:47 
TT 580 201.5  47.3 266.1  17.7 3.38E-05 000.6 270.5  71.3 0.460132 0.143543 0.116831 hargrave 2021-05-08 19:17:35 
TT 590 201.7  47.1 265.8  17.6 3.35E-05 000.6 271.3  71.4 0.400624 0.177572 0.112029 hargrave 2021-05-09 18:17:58 
TT 600 201.5  46.8 265.6  17.7 3.30E-05 000.5 271.8  71.2 0.364504 0.138381 0.112899 hargrave 2021-05-11 09:06:51 
TT 610 201.5  46.2 264.9  17.8 3.23E-05 001.2 273.7  70.9 0.859885 0.141101 0.123307 hargrave 2021-05-12 09:04:51 
TT 620 200.3  46.7 265.6  18.6 3.19E-05 000.9 271.0  70.4 0.626336 0.153953 0.121194 hargrave 2021-05-13 11:57:48 
TT 630 200.3  46.9 265.8  18.6 3.14E-05 000.6 270.7  70.4 0.369998 0.136746 0.122905 hargrave 2021-05-14 11:24:05 
TT 640 199.5  47.5 266.5  19.1 3.08E-05 000.6 268.5  70.2 0.372690 0.144612 0.115311 hargrave 2021-05-15 09:37:13 
TT 650 199.1  47.2 266.3  19.3 3.04E-05 001.7 268.8  69.8 1.141952 0.153674 0.123149 hargrave 2021-05-16 11:27:26 
TT 660 199.5  46.4 265.3  19.2 2.97E-05 001.3 271.4  69.8 0.832030 0.148071 0.110938 hargrave 2021-05-17 12:38:17 
TT 664 199.4  47.0 266.1  19.2 2.90E-05 000.7 269.5  70.0 0.435123 0.150574 0.102426 hargrave 2021-05-18 15:00:07 
TT 668 198.9  47.3 266.4  19.4 2.82E-05 001.8 268.4  69.8 1.123889 0.143712 0.096440 hargrave 2021-05-19 17:31:35 
TT 672 199.3  46.3 265.3  19.4 2.70E-05 001.7 271.3  69.6 1.020856 0.119391 0.122259 hargrave 2021-05-23 10:43:40 
TT 674 199.3  46.8 265.8  19.3 2.60E-05 001.1 270.1  69.8 0.617577 0.131780 0.095819 hargrave 2021-05-24 13:00:09 
TT 676 199.1  46.6 265.6  19.5 2.44E-05 001.2 270.5  69.6 0.650574 0.113821 0.089712 hargrave 2021-05-25 12:49:19 
