PF18- 59b sun compass orientation
  95.29 142.7  26.0 221.5  81.4  10.7
NRM    260.1  68.8 295.0 -04.8 5.76E-05 003.9 193.4  44.2 1.801818 3.642167 0.952879 hargrave 2021-04-06 19:35:21 
TT  50 261.0  68.2 294.8 -05.4 5.72E-05 001.5 194.1  43.8 1.029546 0.387751 1.164611 hargrave 2021-04-12 11:32:27 
TT 100 270.7  64.5 294.8 -10.8 5.28E-05 001.5 200.7  41.5 0.429998 0.968178 1.074949 hargrave 2021-04-13 12:46:06 
TT 150 262.7  63.4 291.5 -09.1 4.99E-05 001.5 196.8  39.3 0.807261 0.664160 0.966468 hargrave 2021-04-14 19:57:57 
TT 200 258.2  62.0 289.2 -08.3 4.69E-05 004.3 194.7  37.5 1.379530 3.343868 1.087248 hargrave 2021-04-16 13:44:49 
TT 250 254.7  61.4 287.7 -07.3 4.30E-05 001.7 192.9  36.5 0.779337 0.544507 0.932368 hargrave 2021-04-20 00:03:33 
TT 300 247.8  61.5 286.1 -04.5 3.78E-05 003.7 188.9  36.0 0.741157 2.434613 0.629729 hargrave 2021-04-21 14:20:38 
TT 325 244.2  60.8 284.7 -03.2 3.52E-05 001.2 186.8  35.1 0.118168 0.647519 0.398477 hargrave 2021-04-22 12:00:06 
TT 350 253.1  60.2 286.2 -07.4 3.28E-05 002.2 192.2  35.1 0.477354 1.207041 0.427738 hargrave 2021-04-23 09:54:02 
TT 375 247.7  60.6 285.2 -04.8 3.04E-05 002.1 188.9  35.1 0.352095 1.065448 0.346151 hargrave 2021-04-24 16:53:15 
TT 415 247.2  60.1 284.7 -04.8 2.86E-05 001.2 188.7  34.6 0.195703 0.464523 0.434929 hargrave 2021-04-25 16:28:15 
TT 450 248.8  59.7 284.7 -05.7 2.67E-05 003.9 189.7  34.3 0.508438 1.823533 0.417524 hargrave 2021-04-27 08:44:18 
TT 475 242.7  60.2 283.9 -02.8 2.53E-05 002.7 186.0  34.4 0.311058 1.203369 0.364979 hargrave 2021-04-29 11:23:14 
TT 500 240.9  60.0 283.3 -02.0 2.36E-05 001.1 184.9  34.1 0.125274 0.295272 0.397288 hargrave 2021-04-30 16:25:21 
TT 520 242.8  59.8 283.5 -02.9 2.25E-05 001.4 186.1  34.1 0.212904 0.419585 0.325347 hargrave 2021-05-01 18:38:54 
TT 535 246.7  60.4 284.8 -04.5 1.97E-05 003.3 188.4  34.8 0.264321 1.190761 0.210325 hargrave 2021-05-03 10:20:28 
TT 550 245.8  59.7 284.0 -04.4 1.70E-05 003.9 188.0  34.1 0.295024 1.185074 0.268203 hargrave 2021-05-04 14:03:29 
TT 560 234.0  62.1 284.3  01.9 9.74E-06 005.2 180.7  36.2 0.089488 0.926459 0.137215 hargrave 2021-05-06 17:27:41 
TT 570 235.4  54.7 277.4 -00.8 7.59E-06 003.3 181.8  28.7 0.084041 0.457102 0.097745 hargrave 2021-05-07 12:06:49 
TT 580 246.2  64.5 288.5 -02.4 6.84E-06 004.3 187.4  38.9 0.152833 0.512204 0.116627 hargrave 2021-05-08 13:32:30 
TT 590 227.6  56.7 278.3  03.8 7.11E-06 003.7 176.8  30.8 0.071891 0.484082 0.090866 hargrave 2021-05-09 14:57:49 
TT 600 251.0  72.3 296.2 -00.3 4.06E-06 004.0 188.0  46.9 0.080124 0.292827 0.032926 hargrave 2021-05-10 15:42:39 
TT 610 202.4  54.7 276.4  18.0 4.54E-06 006.1 160.1  30.9 0.060093 0.526723 0.053149 hargrave 2021-05-11 17:39:04 
TT 620 237.2  63.5 286.1  00.9 6.05E-06 003.2 182.5  37.6 0.099299 0.338601 0.084010 hargrave 2021-05-12 19:53:21 
TT 630 212.3  49.8 270.7  12.5 5.20E-06 004.4 165.7  24.9 0.071264 0.418871 0.093532 hargrave 2021-05-14 17:11:57 
TT 640 255.0  50.3 278.3 -13.5 5.07E-06 003.3 195.6  25.7 0.090849 0.303046 0.045493 hargrave 2021-05-15 14:56:39 
TT 650 208.4  42.6 263.4  15.4 4.97E-06 001.7 161.4  18.3 0.085143 0.141477 0.071920 hargrave 2021-05-16 17:47:10 
TT 660 262.2  48.4 279.5 -18.4 4.61E-06 006.4 201.1  24.8 0.171307 0.529816 0.035128 hargrave 2021-05-17 18:30:06 
TT 664 205.1  39.8 260.7  18.1 3.96E-06 005.7 158.3  16.1 0.052966 0.445056 0.057138 hargrave 2021-05-18 21:56:08 
TT 668 233.1  43.2 265.9 -02.5 4.50E-06 009.3 180.3  17.2 0.133783 0.785965 0.067369 hargrave 2021-05-20 10:45:00 
TT 672 215.6  40.1 260.9  10.1 3.90E-06 004.9 166.5  15.0 0.057394 0.365755 0.039324 hargrave 2021-05-23 16:05:43 
TT 674 267.6  44.8 279.0 -23.6 3.16E-06 007.3 206.0  22.2 0.113002 0.426024 0.032381 hargrave 2021-05-24 18:23:37 
TT 676 196.3  36.6 258.0  25.3 3.40E-06 006.3 150.5  14.6 0.078634 0.447960 0.023870 hargrave 2021-05-25 18:14:32 
TT 678 346.3  21.2 359.9 -44.7 2.12E-06 007.0 281.7  29.3 0.216698 0.289803 0.080038 hargrave 2021-05-26 18:52:07 
TT 680 164.7  11.1 228.7  57.2 1.73E-06 008.3 114.5  00.7 0.126465 0.346392 0.079236 hargrave 2021-05-30 12:57:50 
TT 682 009.8 -01.8 038.3 -31.6 2.09E-06 003.8 314.7  17.0 0.107842 0.269041 0.026755 hargrave 2021-05-31 14:07:08 
TT 684 172.3  18.1 239.3  49.3 1.36E-06 004.5 124.0  04.2 0.126461 0.238283 0.081626 hargrave 2021-06-03 10:53:59 
TT 686 219.3  32.2 253.2  06.4 1.88E-06 014.2 168.6  06.8 0.034618 0.507361 0.102367 hargrave 2021-06-04 12:18:54 
TT 688 280.3  24.9 270.0 -44.8 1.46E-06 014.2 222.4  06.3 0.182239 0.363027 0.071921 hargrave 2021-06-05 12:36:30 
TT 690 161.6  16.1 238.8  59.7 1.05E-06 008.4 113.8  06.5 0.037679 0.309065 0.069557 hargrave 2021-06-06 11:30:12 
TT 692 276.1  22.4 263.8 -43.5 1.49E-06 014.9 219.5  02.7 0.176416 0.407389 0.014822 hargrave 2021-06-06 20:55:34 
TT 695 265.2  35.1 269.4 -28.2 1.64E-06 013.1 206.7  12.4 0.111985 0.404563 0.064076 hargrave 2021-06-10 15:04:09 
