PF18- 101a sun compass orientation
  127.3  81.1  16.0 218.9  81.9  12.0
NRM    241.5  62.0 283.1 -03.1 3.19E-05 000.5 228.3  53.6 0.271905 0.120775 0.200774 hargrave 2021-04-08 14:54:04 
TT  50 239.8  62.4 283.2 -02.2 3.16E-05 002.3 226.8  53.6 1.219240 0.878192 0.206362 hargrave 2021-04-09 14:15:27 
TT 100 235.7  62.4 282.5 -00.4 3.02E-05 000.7 223.9  52.8 0.163969 0.376830 0.206304 hargrave 2021-04-10 14:42:53 
TT 150 237.9  54.4 275.4 -04.2 2.46E-05 001.4 230.2  45.9 0.559592 0.446322 0.169256 hargrave 2021-04-11 13:16:15 
TT 200 236.9  52.1 273.0 -04.4 2.27E-05 002.1 230.7  43.6 0.782942 0.639217 0.153254 hargrave 2021-04-13 16:15:10 
TT 250 236.3  50.2 271.1 -04.7 2.14E-05 002.0 231.0  41.7 0.708496 0.556676 0.162595 hargrave 2021-04-18 15:05:11 
TT 300 233.6  50.1 270.5 -03.0 1.96E-05 002.3 228.9  41.0 0.694492 0.624747 0.137591 hargrave 2021-04-19 15:25:59 
TT 325 235.1  48.4 269.2 -04.4 1.78E-05 002.9 230.8  39.7 0.816086 0.684234 0.140401 hargrave 2021-04-20 13:52:12 
TT 350 237.4  47.3 268.6 -06.3 1.69E-05 000.9 233.2  39.2 0.231144 0.183430 0.129657 hargrave 2021-04-23 13:29:55 
TT 375 232.4  48.1 268.4 -02.8 1.54E-05 001.4 228.7  38.9 0.376703 0.189809 0.152815 hargrave 2021-04-25 10:32:51 
TT 415 233.7  46.0 266.6 -04.2 1.25E-05 000.9 230.6  37.1 0.164485 0.076625 0.164576 hargrave 2021-04-26 09:36:35 
TT 450 224.8  46.8 266.0  01.9 1.14E-05 006.3 223.0  36.1 1.067525 1.067998 0.141796 hargrave 2021-04-27 14:19:42 
TT 475 231.1  45.5 265.6 -02.6 1.08E-05 001.8 228.7  36.1 0.252006 0.312576 0.121273 hargrave 2021-04-29 15:08:38 
TT 500 227.9  45.6 265.2 -00.5 9.79E-06 003.3 226.0  35.5 0.510044 0.431621 0.114730 hargrave 2021-05-01 10:17:52 
TT 520 219.7  45.3 264.0  05.2 9.16E-06 002.1 219.4  33.7 0.250383 0.325810 0.096984 hargrave 2021-05-02 16:48:31 
TT 535 220.5  45.8 264.5  04.7 7.96E-06 006.1 219.9  34.3 0.699262 0.725260 0.126482 hargrave 2021-05-04 09:28:35 
TT 550 225.1  43.8 263.0  01.1 6.91E-06 001.1 224.3  33.3 0.093519 0.088520 0.098130 hargrave 2021-05-04 19:07:51 
TT 560 229.5  45.1 265.0 -01.7 6.29E-06 001.2 227.5  35.4 0.094864 0.095671 0.100778 hargrave 2021-05-05 16:36:20 
TT 570 223.3  41.1 260.1  02.1 4.20E-06 001.7 223.6  30.3 0.112951 0.101127 0.071020 hargrave 2021-05-06 22:50:23 
TT 580 204.8  45.2 263.6  15.6 1.96E-06 006.9 207.3  31.3 0.111759 0.265434 0.024898 hargrave 2021-05-08 20:09:24 
TT 590 235.2  47.4 268.2 -04.8 1.36E-06 006.7 231.3  38.7 0.092233 0.175562 0.021757 hargrave 2021-05-09 19:09:32 
TT 600 241.3  18.8 241.8 -18.2 1.39E-06 006.2 246.0  12.8 0.156047 0.092140 0.029856 hargrave 2021-05-11 09:56:43 
TT 610 215.8  31.9 250.3  06.9 2.03E-06 004.0 219.4  20.0 0.101807 0.141254 0.028870 hargrave 2021-05-12 09:54:03 
TT 620 194.9  28.5 246.6  24.9 1.82E-06 008.2 201.4  13.7 0.085045 0.306964 0.020529 hargrave 2021-05-13 12:46:56 
TT 620 199.1  28.4 246.2  21.2 1.84E-06 007.4 205.2  14.0 0.121408 0.261018 0.043541 hargrave 2021-05-13 14:14:04 
TT 630 150.1  32.1 272.4  58.9 1.43E-06 009.6 161.5  17.0 0.054223 0.291885 0.014738 hargrave 2021-05-14 12:15:41 
TT 630 149.1  31.7 273.2  59.8 1.42E-06 008.7 160.6  16.8 0.040417 0.268294 0.023179 hargrave 2021-05-14 13:12:52 
TT 630 156.7  32.5 266.2  54.5 1.40E-06 004.1 167.4  16.9 0.034809 0.117784 0.025799 hargrave 2021-05-14 13:22:25 
TT 640 153.2  25.7 259.1  60.9 1.39E-06 003.9 163.7  10.4 0.053628 0.122152 0.036727 hargrave 2021-05-15 10:25:23 
TT 650 145.2  29.6 275.6  63.7 1.77E-06 013.0 156.8  15.0 0.121071 0.483063 0.019698 hargrave 2021-05-16 12:16:28 
TT 650 147.3  29.8 272.8  62.3 1.76E-06 005.0 158.7  15.0 0.054639 0.172626 0.047615 hargrave 2021-05-16 12:59:51 
TT 660 155.0  18.5 243.9  62.6 1.51E-06 009.0 164.8  03.1 0.041146 0.291703 0.016854 hargrave 2021-05-17 13:28:50 
TT 664 198.4  28.5 246.4  21.8 2.14E-06 012.1 204.6  14.1 0.196391 0.521011 0.019458 hargrave 2021-05-18 15:49:23 
TT 668 058.6 -07.8 049.9  18.1 1.76E-06 003.8 066.3 -01.5 0.148034 0.104691 0.086000 hargrave 2021-05-19 18:21:00 
TT 672 080.7  13.0 028.7  42.5 1.74E-06 002.0 093.3  12.6 0.049114 0.098765 0.076800 hargrave 2021-05-23 11:31:47 
TT 674 227.3  10.6 230.6 -06.7 2.52E-06 005.8 234.8  01.5 0.168862 0.300321 0.028637 hargrave 2021-05-24 13:46:58 
TT 676 203.7  32.2 250.2  17.2 2.28E-06 003.7 208.7  18.4 0.053651 0.178563 0.027736 hargrave 2021-05-25 13:35:22 
