PF18- 103a mag compass orientation (IGRF corrected)
 128.18 336.6  23.0 218.9  81.9  13.9
NRM    316.4  76.2 310.7 -05.6 7.07E-05 001.5 143.5  67.8 2.035216 1.245138 0.987749 hargrave 2021-04-08 14:57:22 
TT  50 315.2  75.7 310.5 -06.1 7.00E-05 002.5 142.2  68.0 0.422697 4.076683 1.029544 hargrave 2021-04-09 14:18:44 
TT 100 314.4  76.8 310.2 -05.0 6.58E-05 001.8 144.9  68.4 0.836486 2.621552 0.975163 hargrave 2021-04-10 14:46:10 
TT 150 287.5  71.9 302.3 -08.8 3.75E-05 001.2 127.4  75.2 0.729442 0.775443 0.303269 hargrave 2021-04-11 13:19:31 
TT 200 277.3  68.6 297.7 -10.2 2.97E-05 001.3 111.8  78.4 0.765509 0.460993 0.149511 hargrave 2021-04-13 16:17:54 
TT 250 268.8  65.2 292.9 -11.0 2.33E-05 001.9 088.8  80.9 0.973045 0.430436 0.065598 hargrave 2021-04-18 15:07:58 
TT 300 263.7  62.5 289.4 -11.4 1.78E-05 000.9 066.2  81.4 0.323815 0.215026 0.067191 hargrave 2021-04-19 15:29:15 
TT 325 260.2  60.5 286.7 -11.5 1.45E-05 001.3 048.9  81.2 0.416327 0.153692 0.066725 hargrave 2021-04-20 13:55:28 
TT 350 257.7  59.0 284.7 -11.5 1.32E-05 001.0 037.3  80.6 0.294714 0.085510 0.071305 hargrave 2021-04-23 13:33:12 
TT 375 255.6  58.1 283.3 -11.1 1.18E-05 001.4 028.9  80.2 0.371351 0.119275 0.074044 hargrave 2021-04-25 10:36:10 
TT 415 254.7  57.7 282.7 -11.0 9.50E-06 001.0 025.8  80.0 0.222621 0.067096 0.034513 hargrave 2021-04-26 09:39:53 
TT 450 251.9  56.9 281.1 -10.2 8.31E-06 001.6 016.1  79.6 0.243882 0.195304 0.052413 hargrave 2021-04-27 14:22:59 
TT 475 252.8  57.2 281.7 -10.4 7.84E-06 001.5 019.3  79.8 0.249032 0.111734 0.048525 hargrave 2021-04-29 15:11:55 
TT 500 248.6  56.8 280.2 -08.6 6.92E-06 001.4 006.1  79.8 0.201424 0.110496 0.047861 hargrave 2021-05-01 10:21:11 
TT 520 242.7  57.0 278.9 -05.7 6.46E-06 001.2 348.0  79.9 0.146869 0.119648 0.016149 hargrave 2021-05-02 16:51:56 
TT 535 243.8  57.3 279.4 -06.1 5.80E-06 001.6 351.0  80.2 0.208318 0.084538 0.023867 hargrave 2021-05-04 09:31:51 
TT 550 244.9  57.5 279.8 -06.5 5.32E-06 001.5 354.3  80.5 0.180688 0.059487 0.028144 hargrave 2021-05-04 19:11:06 
TT 560 245.0  58.9 281.1 -06.0 5.05E-06 001.6 354.3  81.9 0.185404 0.043157 0.016760 hargrave 2021-05-05 16:39:36 
TT 570 236.4  55.4 276.1 -03.1 4.37E-06 001.8 332.5  77.5 0.182489 0.044961 0.033944 hargrave 2021-05-06 22:53:40 
TT 580 225.0  59.6 278.6  03.9 3.51E-06 002.4 297.1  77.9 0.190442 0.066186 0.031870 hargrave 2021-05-08 20:12:41 
TT 590 229.8  53.7 273.4  00.2 3.41E-06 001.9 320.3  74.4 0.138681 0.069854 0.045574 hargrave 2021-05-09 19:12:48 
TT 600 216.0  49.2 267.6  08.0 2.66E-06 002.7 303.8  66.4 0.169716 0.040173 0.038359 hargrave 2021-05-11 10:00:00 
TT 610 215.4  61.7 280.3  08.8 2.08E-06 003.4 276.8  75.7 0.157859 0.057749 0.032448 hargrave 2021-05-12 09:57:21 
TT 620 190.6  54.3 275.0  22.9 2.13E-06 003.6 268.0  61.0 0.164494 0.078531 0.050800 hargrave 2021-05-13 12:50:12 
TT 630 224.3  55.9 274.9  03.7 1.71E-06 002.8 305.9  74.8 0.101793 0.040097 0.044306 hargrave 2021-05-14 12:18:57 
TT 640 195.3  40.2 259.3  23.2 1.98E-06 003.8 287.5  51.3 0.176372 0.031706 0.041145 hargrave 2021-05-15 10:28:43 
TT 650 210.9  61.6 280.3  10.9 1.66E-06 004.0 272.4  73.9 0.148613 0.061603 0.034058 hargrave 2021-05-16 12:19:47 
TT 660 211.6  33.7 251.8  10.5 1.75E-06 004.8 310.7  51.0 0.186219 0.061150 0.060039 hargrave 2021-05-17 13:32:08 
TT 664 180.8  57.2 280.4  26.7 1.61E-06 004.9 255.9  59.3 0.175510 0.086443 0.022769 hargrave 2021-05-18 15:52:42 
TT 668 215.4  47.4 265.8  08.3 1.51E-06 003.2 305.0  64.7 0.112374 0.041682 0.013190 hargrave 2021-05-19 18:24:16 
TT 672 211.0  61.8 280.5  10.9 1.48E-06 003.0 271.8  74.1 0.100550 0.038746 0.025979 hargrave 2021-05-23 11:35:07 
TT 674 197.0  40.3 259.3  21.9 1.67E-06 004.8 289.2  52.1 0.187778 0.034978 0.035578 hargrave 2021-05-24 13:50:17 
TT 676 194.0  60.5 280.6  19.2 1.45E-06 004.0 260.7  66.6 0.128998 0.064673 0.016022 hargrave 2021-05-25 13:38:42 
