PF18- 34a sun compass orientation
 101.85 151.3  25.0 221.5  81.4   8.6
NRM    262.4  70.6 296.9 -04.2 5.85E-05 002.8 190.0  46.4 1.792518 0.157276 1.640765 hargrave 2021-04-06 18:56:53 
TT  50 255.5  70.7 295.5 -02.4 5.84E-05 002.3 186.7  46.0 1.365814 0.295718 1.511191 hargrave 2021-04-12 10:47:33 
TT 100 256.1  70.4 295.4 -02.7 5.80E-05 002.2 187.0  45.8 1.244481 0.221916 1.465364 hargrave 2021-04-13 12:00:15 
TT 150 258.0  69.8 295.3 -03.6 5.67E-05 002.7 188.1  45.3 1.208430 1.354399 1.477247 hargrave 2021-04-14 19:18:05 
TT 200 245.3  66.3 289.9 -01.4 4.94E-05 002.4 182.2  41.3 0.945528 0.273768 1.513071 hargrave 2021-04-16 13:05:42 
TT 250 246.1  64.3 288.2 -02.5 4.65E-05 002.9 182.7  39.3 1.140589 0.864317 1.400651 hargrave 2021-04-19 23:25:36 
TT 300 244.1  63.0 286.7 -02.2 4.54E-05 002.6 181.6  38.0 0.833857 1.043550 1.134421 hargrave 2021-04-21 13:33:13 
TT 325 246.4  62.2 286.4 -03.6 4.35E-05 002.3 183.0  37.2 0.757061 0.709197 1.056883 hargrave 2021-04-22 11:12:17 
TT 350 246.8  61.8 286.2 -03.9 4.02E-05 002.2 183.2  36.9 0.643187 0.591065 1.040798 hargrave 2021-04-23 09:04:59 
TT 375 248.5  60.9 285.7 -05.0 3.28E-05 002.2 184.3  36.0 0.517591 0.539952 0.809428 hargrave 2021-04-24 16:05:35 
TT 415 239.5  60.6 283.6 -01.1 2.82E-05 002.3 178.9  35.6 0.484327 0.426978 0.758549 hargrave 2021-04-25 15:11:58 
TT 450 249.0  60.8 285.7 -05.3 2.40E-05 002.5 184.6  35.9 0.368909 0.545023 0.635099 hargrave 2021-04-26 21:41:01 
TT 475 240.2  61.1 284.3 -01.3 2.29E-05 003.2 179.3  36.1 0.366196 0.845476 0.608453 hargrave 2021-04-29 10:36:01 
TT 500 240.0  61.2 284.3 -01.2 2.17E-05 002.3 179.2  36.2 0.369934 0.308913 0.579665 hargrave 2021-04-30 15:41:18 
TT 520 241.9  61.1 284.6 -02.0 2.01E-05 002.3 180.4  36.1 0.351840 0.294497 0.542872 hargrave 2021-05-01 17:53:21 
TT 535 243.6  59.9 283.8 -03.2 1.87E-05 002.0 181.4  35.0 0.242732 0.289108 0.433452 hargrave 2021-05-03 09:32:11 
TT 550 239.7  61.2 284.3 -01.0 1.73E-05 003.9 179.0  36.2 0.308610 0.824583 0.488943 hargrave 2021-05-04 13:15:30 
TT 560 242.1  60.6 284.1 -02.3 1.53E-05 002.1 180.5  35.6 0.255315 0.229379 0.356102 hargrave 2021-05-06 16:39:34 
TT 570 243.9  63.3 287.0 -02.0 1.38E-05 002.9 181.5  38.3 0.283568 0.400631 0.342808 hargrave 2021-05-07 11:20:43 
TT 580 240.3  58.8 282.1 -02.1 1.14E-05 004.8 179.4  33.8 0.225826 0.706819 0.344537 hargrave 2021-05-08 12:43:32 
TT 590 243.2  60.4 284.1 -02.9 1.01E-05 002.8 181.2  35.4 0.184448 0.284605 0.263020 hargrave 2021-05-09 14:07:30 
TT 600 237.2  61.6 284.3  00.2 8.84E-06 002.8 177.6  36.7 0.190561 0.195174 0.260052 hargrave 2021-05-10 14:51:40 
TT 610 237.5  58.3 281.2 -00.9 8.81E-06 002.6 177.6  33.4 0.180013 0.130826 0.270605 hargrave 2021-05-11 16:47:22 
TT 620 241.6  58.8 282.3 -02.8 7.93E-06 002.3 180.2  33.8 0.132965 0.082940 0.230797 hargrave 2021-05-12 19:06:37 
TT 630 232.6  58.5 280.6  01.6 8.30E-06 002.6 174.5  33.7 0.155872 0.112319 0.264586 hargrave 2021-05-14 16:24:38 
TT 640 243.7  59.6 283.5 -03.5 7.30E-06 002.1 181.5  34.6 0.134280 0.049770 0.177490 hargrave 2021-05-15 14:08:40 
TT 650 236.1  56.8 279.5 -00.7 7.25E-06 003.8 176.7  31.9 0.125982 0.346110 0.198292 hargrave 2021-05-16 17:00:49 
TT 660 247.8  58.2 283.1 -06.0 6.32E-06 003.9 184.1  33.3 0.149047 0.316447 0.141102 hargrave 2021-05-17 17:40:24 
TT 664 231.5  55.8 277.9  01.5 6.32E-06 007.5 173.6  31.1 0.102497 0.650843 0.273698 hargrave 2021-05-18 21:09:10 
TT 668 237.7  56.9 279.9 -01.5 5.65E-06 007.0 177.7  31.9 0.110911 0.573679 0.142244 hargrave 2021-05-20 09:57:50 
TT 672 245.0  56.1 280.6 -05.5 5.53E-06 004.2 182.4  31.1 0.104886 0.313266 0.109447 hargrave 2021-05-23 15:17:51 
TT 674 275.3  76.6 303.6 -02.3 2.92E-06 004.8 192.5  53.1 0.095348 0.180012 0.070078 hargrave 2021-05-24 17:37:39 
TT 676 236.1  49.0 272.1 -02.9 4.08E-06 002.8 176.3  24.1 0.088751 0.092851 0.124616 hargrave 2021-05-25 17:26:28 
