PF18- 121a mag compass orientation (IGRF corrected)
 134.86 308.6  29.0 218.9  81.9  11.6
NRM    214.1  49.2 267.6  09.3 3.57E-05 000.5 345.7  77.9 0.231036 0.307919 0.076582 hargrave 2021-04-09 18:44:27 
TT  50 212.1  49.5 267.9  10.6 3.56E-05 001.4 339.4  77.9 0.559207 0.839366 0.079112 hargrave 2021-04-10 17:29:40 
TT 100 211.7  49.4 267.8  10.8 3.55E-05 001.5 338.5  77.7 0.540919 0.959728 0.076938 hargrave 2021-04-12 13:58:34 
TT 150 211.6  49.0 267.3  10.9 3.49E-05 001.0 338.5  77.3 0.333490 0.632854 0.117453 hargrave 2021-04-14 14:42:19 
TT 200 212.4  48.7 267.1  10.4 3.47E-05 000.8 341.1  77.2 0.238679 0.535233 0.103440 hargrave 2021-04-15 12:39:30 
TT 250 212.8  45.8 264.1  10.1 3.15E-05 001.7 344.7  74.4 0.472626 0.998628 0.113195 hargrave 2021-04-16 17:35:37 
TT 300 212.1  45.1 263.5  10.5 3.04E-05 001.8 343.5  73.7 0.444172 1.019314 0.133772 hargrave 2021-04-18 20:30:12 
TT 325 213.2  44.3 262.6  09.7 2.95E-05 001.6 346.7  73.0 0.459352 0.803511 0.118736 hargrave 2021-04-21 16:45:47 
TT 350 212.3  44.3 262.6  10.4 2.79E-05 001.7 344.5  72.8 0.503186 0.840891 0.102160 hargrave 2021-04-22 14:47:11 
TT 375 212.3  44.5 262.9  10.4 2.42E-05 000.5 344.3  73.1 0.122938 0.193749 0.115891 hargrave 2021-04-23 16:00:02 
TT 415 211.5  44.4 262.8  10.9 2.10E-05 000.6 342.6  72.9 0.122561 0.232003 0.073805 hargrave 2021-04-25 19:00:54 
TT 450 211.8  43.6 261.9  10.7 1.93E-05 002.1 343.7  72.2 0.237397 0.771194 0.063415 hargrave 2021-04-28 08:20:26 
TT 475 209.1  43.5 261.8  12.7 1.83E-05 000.7 337.7  71.6 0.109563 0.242957 0.061945 hargrave 2021-04-30 10:37:56 
TT 500 208.0  43.3 261.6  13.5 1.72E-05 002.1 335.4  71.2 0.336473 0.659138 0.069701 hargrave 2021-05-01 12:48:17 
TT 520 206.3  43.0 261.4  14.7 1.61E-05 001.2 332.0  70.6 0.187814 0.357049 0.064331 hargrave 2021-05-02 11:37:03 
TT 535 204.8  42.7 261.1  15.8 1.54E-05 001.9 329.4  69.9 0.177912 0.548958 0.055234 hargrave 2021-05-03 12:33:20 
TT 550 207.2  42.7 261.0  14.1 1.42E-05 001.8 334.3  70.5 0.276927 0.427906 0.041492 hargrave 2021-05-05 11:23:54 
TT 560 203.8  38.1 256.3  16.9 1.11E-05 002.4 331.2  65.3 0.304545 0.432733 0.047128 hargrave 2021-05-06 08:26:54 
TT 570 207.7  39.3 257.5  13.8 8.90E-06 002.5 337.8  67.3 0.214373 0.391187 0.041434 hargrave 2021-05-07 14:21:29 
TT 580 199.0  35.5 253.9  20.9 7.74E-06 001.6 324.9  61.6 0.121764 0.222373 0.038875 hargrave 2021-05-09 09:03:03 
TT 590 202.0  39.2 257.6  18.2 5.69E-06 002.6 327.2  65.9 0.195948 0.221266 0.022850 hargrave 2021-05-10 09:55:03 
TT 600 193.1  34.8 253.7  25.8 5.97E-06 002.1 316.4  59.1 0.201106 0.158816 0.034626 hargrave 2021-05-11 12:23:48 
TT 610 207.4  26.6 244.5  13.8 5.85E-06 002.8 342.5  54.8 0.087834 0.324618 0.032858 hargrave 2021-05-12 13:26:30 
TT 620 209.0  47.5 265.8  12.6 4.13E-06 001.5 333.5  75.4 0.110998 0.073052 0.021731 hargrave 2021-05-13 17:17:17 
TT 630 184.0  25.6 244.6  34.9 4.61E-06 003.0 310.6  47.6 0.225403 0.171505 0.039548 hargrave 2021-05-15 17:10:16 
TT 640 217.2  14.9 233.4  03.7 4.98E-06 005.3 358.1  43.9 0.128040 0.518710 0.075013 hargrave 2021-05-17 08:38:27 
TT 650 172.8  34.3 258.5  41.9 3.83E-06 004.4 291.3  50.6 0.321375 0.123038 0.031975 hargrave 2021-05-18 10:47:17 
TT 660 227.5  28.0 247.9 -03.7 3.54E-06 002.5 014.4  56.5 0.052943 0.164265 0.070460 hargrave 2021-05-19 10:22:55 
TT 664 221.2  07.4 226.6 -01.2 4.45E-06 001.6 003.2  36.4 0.076000 0.095760 0.090493 hargrave 2021-05-20 18:12:01 
TT 668 038.9  83.3 315.7  08.0 2.08E-06 003.2 180.1  54.3 0.178784 0.022050 0.024343 hargrave 2021-05-22 09:06:34 
TT 672 228.4 -00.0 220.2 -09.4 3.07E-06 002.0 011.1  28.5 0.122979 0.062727 0.064257 hargrave 2021-05-24 09:05:52 
TT 674 139.6  45.1 296.6  51.9 1.92E-06 004.3 252.0  43.2 0.186108 0.062588 0.044860 hargrave 2021-05-25 08:39:36 
TT 676 135.5  09.7 233.1  83.3 1.33E-06 006.5 271.3  11.8 0.171380 0.041524 0.035911 hargrave 2021-05-26 08:37:54 
TT 678 240.9 -19.4 201.2 -23.4 2.25E-06 002.0 021.2  07.6 0.051376 0.094917 0.021479 hargrave 2021-05-29 10:59:09 
TT 680 097.2  22.4 010.2  56.4 1.20E-06 006.9 232.5  05.7 0.183365 0.036488 0.020035 hargrave 2021-05-31 08:40:41 
TT 682 155.3 -12.7 180.6  56.5 1.08E-06 003.5 299.3  01.1 0.082436 0.032447 0.016075 hargrave 2021-06-02 12:43:23 
TT 696 243.1 -28.6 191.1 -25.1 1.58E-06 001.7 021.4 -01.8 0.042822 0.052414 0.017725 hargrave 2021-06-03 14:18:03 
