PF18- 137a mag compass orientation (IGRF corrected)
 144.47 314.6  38.0 218.9  81.9  13.2
NRM    295.1  68.1 303.7 -13.2 6.37E-05 001.9 143.4  53.9 2.068643 1.732279 0.784623 hargrave 2021-04-09 19:09:53 
TT  50 294.2  66.8 302.9 -14.4 6.32E-05 000.8 141.0  54.0 0.478203 0.740409 0.777522 hargrave 2021-04-10 17:52:15 
TT 100 286.5  64.3 299.0 -15.6 5.17E-05 001.3 135.9  56.7 1.315476 0.654253 0.505509 hargrave 2021-04-12 14:20:51 
TT 150 273.0  63.0 293.0 -13.8 3.85E-05 001.2 132.6  62.6 0.959457 0.431404 0.355519 hargrave 2021-04-14 15:09:33 
TT 200 272.4  62.2 292.3 -14.3 3.76E-05 000.6 130.8  62.8 0.155032 0.360722 0.320005 hargrave 2021-04-15 13:05:56 
TT 250 260.2  53.8 281.4 -15.8 2.68E-05 000.6 108.9  68.7 0.315580 0.219761 0.126688 hargrave 2021-04-16 17:59:06 
TT 300 257.8  51.3 278.5 -16.2 2.01E-05 001.4 101.4  69.6 0.576533 0.321062 0.090911 hargrave 2021-04-18 21:00:01 
TT 325 255.5  51.5 277.8 -14.9 1.78E-05 000.9 100.8  71.0 0.244937 0.250572 0.056512 hargrave 2021-04-21 17:39:47 
TT 350 254.0  48.8 274.9 -15.6 1.58E-05 000.4 091.9  71.1 0.081691 0.109444 0.045300 hargrave 2021-04-22 15:12:51 
TT 375 252.1  48.2 273.7 -14.9 1.34E-05 000.6 088.8  72.0 0.122031 0.122899 0.043288 hargrave 2021-04-23 16:26:27 
TT 415 250.7  48.7 273.6 -13.8 1.18E-05 000.7 089.0  73.1 0.164985 0.079594 0.040379 hargrave 2021-04-25 19:28:08 
TT 450 248.1  48.0 272.1 -12.6 1.02E-05 001.4 084.4  74.5 0.318364 0.043148 0.030171 hargrave 2021-04-28 09:05:00 
TT 475 248.2  48.0 272.1 -12.7 9.19E-06 000.6 084.4  74.4 0.104477 0.072237 0.034270 hargrave 2021-04-30 11:04:27 
TT 500 246.4  47.2 270.9 -11.9 8.40E-06 000.5 079.7  75.2 0.054085 0.075606 0.023524 hargrave 2021-05-01 13:14:06 
TT 520 243.4  46.8 269.7 -10.3 7.76E-06 000.6 074.5  76.8 0.087523 0.073827 0.020887 hargrave 2021-05-02 12:04:09 
TT 535 241.6  48.1 270.3 -08.6 6.97E-06 000.6 076.9  78.5 0.069055 0.057724 0.026647 hargrave 2021-05-03 13:01:27 
TT 550 243.3  46.9 269.7 -10.2 6.45E-06 000.8 074.5  76.9 0.095632 0.081781 0.016687 hargrave 2021-05-05 11:51:02 
TT 560 243.0  45.3 268.1 -10.6 5.82E-06 000.5 068.4  76.2 0.057597 0.023402 0.015380 hargrave 2021-05-06 08:53:09 
TT 570 240.2  48.8 270.7 -07.5 5.10E-06 000.8 078.3  79.6 0.041054 0.075062 0.029507 hargrave 2021-05-07 14:48:31 
TT 580 235.8  46.4 267.4 -05.5 4.29E-06 000.8 056.7  80.8 0.068594 0.037838 0.012652 hargrave 2021-05-09 09:32:14 
TT 590 244.6  48.9 271.9 -10.1 4.14E-06 000.9 084.2  77.0 0.039169 0.071412 0.026960 hargrave 2021-05-10 10:22:07 
TT 600 242.0  43.8 266.5 -10.5 3.63E-06 000.8 061.7  75.8 0.041373 0.046092 0.022461 hargrave 2021-05-11 12:50:05 
TT 610 243.1  44.3 267.2 -11.1 3.19E-06 001.2 065.1  75.5 0.070145 0.051376 0.017622 hargrave 2021-05-12 13:51:54 
TT 620 218.1  47.6 266.2  06.5 2.79E-06 001.3 314.0  84.0 0.060383 0.056916 0.021673 hargrave 2021-05-13 17:41:47 
TT 630 244.4  49.1 272.0 -09.9 2.70E-06 000.8 084.9  77.2 0.029903 0.039980 0.023111 hargrave 2021-05-16 13:40:00 
TT 640 215.2  45.9 264.3  08.4 2.50E-06 001.3 310.8  81.3 0.058833 0.046520 0.022374 hargrave 2021-05-17 09:03:59 
TT 650 225.3  51.6 270.7  02.4 2.48E-06 001.5 049.2  89.4 0.056385 0.061405 0.017697 hargrave 2021-05-18 11:13:38 
TT 660 220.0  30.4 249.1  03.1 2.35E-06 001.5 349.4  68.1 0.065812 0.039843 0.042741 hargrave 2021-05-19 10:49:25 
TT 664 234.0  51.2 271.7 -03.0 2.11E-06 001.1 086.3  84.1 0.031438 0.042956 0.021812 hargrave 2021-05-20 18:38:16 
TT 668 242.0  46.4 268.9 -09.6 1.91E-06 000.9 070.6  77.3 0.028327 0.027175 0.011102 hargrave 2021-05-22 09:31:10 
TT 672 242.4  37.4 260.4 -13.2 1.68E-06 001.0 047.5  70.8 0.032886 0.018433 0.010143 hargrave 2021-05-24 09:31:16 
TT 674 223.4  26.5 245.7 -00.3 1.33E-06 001.5 357.4  64.4 0.038047 0.024320 0.018977 hargrave 2021-05-25 09:04:18 
TT 676 255.2  35.3 263.1 -23.4 1.27E-06 001.4 064.6  62.6 0.031339 0.020074 0.020020 hargrave 2021-05-26 09:07:43 
TT 678 213.0  73.5 292.2  09.4 7.50E-07 003.3 188.8  68.0 0.029294 0.047774 0.030464 hargrave 2021-05-29 11:24:35 
TT 680 281.7  45.6 287.0 -31.1 6.94E-07 002.7 103.4  52.8 0.023930 0.039909 0.025617 hargrave 2021-05-31 09:06:03 
