PF18- 110a mag compass orientation (IGRF corrected)
 130.42 310.6  24.0 218.9  81.9  12.5
NRM    300.2  81.0 307.5 -00.8 8.50E-05 001.0 157.7  66.0 1.227614 1.346763 0.463763 hargrave 2021-04-08 15:11:13 
TT  50 302.7  82.0 308.0  00.2 8.39E-05 000.5 160.4  65.8 0.394560 0.830161 0.343917 hargrave 2021-04-09 14:32:29 
TT 100 296.4  79.8 306.7 -01.9 7.42E-05 001.0 154.5  66.5 0.938821 1.201376 0.290629 hargrave 2021-04-10 15:00:43 
TT 150 268.9  72.6 297.8 -05.3 4.23E-05 000.6 132.8  72.3 0.350488 0.388141 0.132188 hargrave 2021-04-11 13:34:06 
TT 200 262.8  66.8 292.2 -08.1 3.44E-05 001.2 112.0  73.4 0.810927 0.391820 0.091403 hargrave 2021-04-13 16:30:03 
TT 250 260.8  63.8 289.5 -09.5 2.68E-05 001.0 101.4  73.1 0.541016 0.137941 0.055353 hargrave 2021-04-18 15:20:22 
TT 300 257.6  60.9 286.2 -10.3 2.00E-05 000.7 090.0  72.9 0.271553 0.176379 0.051133 hargrave 2021-04-19 15:42:58 
TT 325 253.1  57.4 282.0 -10.5 1.65E-05 000.6 076.0  72.6 0.112099 0.170329 0.039587 hargrave 2021-04-20 14:10:02 
TT 350 252.7  57.1 281.6 -10.4 1.45E-05 000.5 074.7  72.6 0.086855 0.126939 0.037878 hargrave 2021-04-23 13:46:59 
TT 375 251.5  56.5 280.7 -10.2 1.30E-05 001.7 071.6  72.6 0.452546 0.131183 0.042083 hargrave 2021-04-25 10:49:57 
TT 415 250.7  55.8 279.8 -10.2 1.08E-05 001.2 069.0  72.4 0.286639 0.051773 0.028682 hargrave 2021-04-26 09:53:42 
TT 450 248.8  53.7 277.4 -10.3 8.81E-06 000.7 062.0  71.5 0.111441 0.076636 0.029157 hargrave 2021-04-27 14:37:19 
TT 475 250.8  55.5 279.7 -10.4 7.98E-06 002.7 068.6  72.2 0.468286 0.094039 0.029596 hargrave 2021-04-29 15:26:28 
TT 500 244.7  52.8 275.5 -08.5 7.08E-06 001.1 053.9  72.2 0.166225 0.054016 0.025986 hargrave 2021-05-01 10:35:03 
TT 520 241.9  53.1 275.1 -06.9 6.52E-06 000.8 049.7  73.4 0.091330 0.056121 0.021387 hargrave 2021-05-02 17:02:44 
TT 535 241.3  51.3 273.3 -07.2 5.94E-06 001.5 045.5  72.0 0.139583 0.144138 0.021885 hargrave 2021-05-04 09:46:21 
TT 550 242.0  48.8 271.1 -08.6 5.00E-06 000.8 043.4  69.5 0.065585 0.069006 0.021137 hargrave 2021-05-04 19:23:57 
TT 560 239.9  49.6 271.4 -07.0 4.30E-06 000.9 040.7  70.9 0.078089 0.048572 0.028495 hargrave 2021-05-05 16:54:11 
TT 570 235.4  46.2 267.1 -05.4 3.78E-06 002.5 029.2  68.7 0.158132 0.140146 0.020594 hargrave 2021-05-06 23:08:13 
TT 580 237.4  50.8 271.9 -05.1 3.03E-06 001.5 037.4  72.5 0.091889 0.048596 0.020766 hargrave 2021-05-08 20:27:15 
TT 590 234.2  52.7 273.1 -02.7 2.34E-06 000.7 033.7  75.1 0.031091 0.024298 0.023578 hargrave 2021-05-09 19:27:20 
TT 600 234.4  47.9 268.5 -04.2 2.14E-06 001.2 028.7  70.5 0.040416 0.040801 0.012032 hargrave 2021-05-11 10:14:29 
TT 610 230.7  40.6 260.7 -03.5 1.53E-06 001.2 017.6  64.0 0.026109 0.030313 0.014332 hargrave 2021-05-12 10:11:05 
TT 620 199.6  39.9 258.5  20.0 1.48E-06 001.2 325.1  61.3 0.016968 0.034907 0.008995 hargrave 2021-05-13 13:04:38 
TT 630 233.4  37.8 258.5 -06.3 1.38E-06 001.1 021.0  60.8 0.024602 0.023961 0.010584 hargrave 2021-05-14 12:32:40 
TT 640 229.1  49.8 269.5 -00.3 1.25E-06 001.2 019.4  73.3 0.021591 0.025365 0.006836 hargrave 2021-05-15 10:42:41 
TT 650 233.5  44.6 265.2 -04.5 1.23E-06 001.0 024.6  67.5 0.022250 0.018055 0.005720 hargrave 2021-05-16 12:33:44 
TT 660 200.3  13.7 230.6  19.9 1.34E-06 003.4 335.3  35.9 0.050814 0.087126 0.011130 hargrave 2021-05-17 13:46:52 
TT 664 184.4  40.5 261.7  31.2 1.17E-06 001.4 303.5  57.4 0.029986 0.016040 0.012034 hargrave 2021-05-18 16:07:26 
TT 668 225.2  16.9 236.6 -03.6 1.21E-06 002.1 005.8  40.8 0.022482 0.052277 0.009579 hargrave 2021-05-19 18:38:47 
TT 672 230.3  55.0 274.6  00.2 7.03E-07 000.8 027.8  78.0 0.007944 0.011148 0.011466 hargrave 2021-05-23 11:49:05 
TT 674 184.6  26.5 245.5  34.2 1.06E-06 001.6 312.4  44.6 0.031066 0.020665 0.007181 hargrave 2021-05-24 14:03:27 
TT 676 239.5  20.3 242.8 -16.1 7.97E-07 002.0 024.4  42.7 0.024302 0.027275 0.005688 hargrave 2021-05-25 13:52:38 
TT 678 238.4  07.7 229.7 -18.0 8.22E-07 001.5 020.5  30.4 0.021027 0.022414 0.006350 hargrave 2021-05-26 14:34:06 
TT 680 180.4  31.3 252.2  36.9 7.20E-07 002.2 304.9  47.8 0.034481 0.011734 0.004590 hargrave 2021-05-30 16:23:33 
