PF18- 160a mag compass orientation (IGRF corrected)
  157.4 120.6  17.0 222.8  83.0  10.1
NRM    253.1  46.7 275.0 -14.8 2.10E-05 002.5 213.6  33.2 0.615989 0.449051 0.494291 hargrave 2021-04-09 19:55:03 
TT  50 248.0  47.2 274.0 -11.4 2.10E-05 002.5 209.5  33.0 0.170522 0.782091 0.484782 hargrave 2021-04-10 18:27:09 
TT 100 248.3  46.5 273.4 -11.9 2.08E-05 002.7 209.9  32.3 0.260366 0.815034 0.512745 hargrave 2021-04-12 14:55:40 
TT 150 252.1  45.1 273.3 -14.9 2.03E-05 001.6 213.3  31.6 0.306355 0.112516 0.452379 hargrave 2021-04-14 15:54:08 
TT 200 243.9  46.3 272.0 -09.2 2.02E-05 002.0 206.4  31.5 0.366644 0.363037 0.520467 hargrave 2021-04-15 13:51:37 
TT 250 248.3  43.9 270.9 -12.9 1.81E-05 001.5 210.5  29.7 0.257321 0.089240 0.405959 hargrave 2021-04-16 18:33:42 
TT 300 243.8  44.3 270.1 -09.8 1.71E-05 001.9 206.8  29.5 0.321686 0.254557 0.409639 hargrave 2021-04-18 21:43:23 
TT 325 254.7  42.6 271.8 -17.6 1.67E-05 006.5 216.0  29.6 1.251089 1.422332 0.372688 hargrave 2021-04-21 18:22:23 
TT 350 249.4  43.3 270.7 -13.9 1.63E-05 003.1 211.5  29.3 0.570699 0.546066 0.390684 hargrave 2021-04-22 15:55:55 
TT 375 241.6  43.7 269.0 -08.5 1.47E-05 001.7 205.1  28.6 0.233526 0.176863 0.338183 hargrave 2021-04-23 17:11:04 
TT 415 244.8  42.8 269.0 -10.9 1.30E-05 003.7 207.9  28.2 0.470164 0.625724 0.329106 hargrave 2021-04-25 20:12:32 
TT 450 242.6  42.6 268.2 -09.5 1.23E-05 002.6 206.1  27.7 0.249365 0.433037 0.289317 hargrave 2021-04-28 09:44:50 
TT 475 243.4  42.2 268.0 -10.2 1.14E-05 001.5 206.9  27.4 0.090507 0.112655 0.269266 hargrave 2021-04-30 11:52:14 
TT 500 247.6  41.6 268.6 -13.3 1.09E-05 002.5 210.4  27.4 0.306159 0.288324 0.255002 hargrave 2021-05-01 13:57:49 
TT 520 243.7  41.8 267.7 -10.5 1.03E-05 002.8 207.2  27.0 0.301631 0.342190 0.223642 hargrave 2021-05-02 12:48:11 
TT 535 241.3  41.0 266.3 -09.1 9.48E-06 001.4 205.4  26.0 0.054000 0.068696 0.223495 hargrave 2021-05-03 13:48:28 
TT 550 243.2  41.2 267.0 -10.4 8.90E-06 001.8 206.9  26.4 0.144746 0.092420 0.230930 hargrave 2021-05-05 12:36:15 
TT 560 243.3  40.3 266.2 -10.7 8.56E-06 002.0 207.2  25.5 0.168989 0.152272 0.197361 hargrave 2021-05-06 09:38:18 
TT 570 247.3  39.8 266.7 -13.8 8.16E-06 002.3 210.6  25.6 0.068323 0.243508 0.214435 hargrave 2021-05-07 15:32:44 
TT 580 242.7  39.6 265.3 -10.5 7.47E-06 004.9 206.8  24.7 0.307349 0.538357 0.182346 hargrave 2021-05-09 10:17:22 
TT 590 240.7  39.7 264.9 -09.0 7.11E-06 001.5 205.1  24.6 0.047743 0.059730 0.184608 hargrave 2021-05-10 11:08:17 
TT 600 241.0  40.0 265.3 -09.1 6.74E-06 003.1 205.3  25.0 0.180013 0.267463 0.180980 hargrave 2021-05-11 13:35:12 
TT 610 238.4  39.8 264.5 -07.3 6.32E-06 003.5 203.2  24.4 0.182330 0.311731 0.166375 hargrave 2021-05-12 14:32:13 
TT 620 239.0  38.5 263.4 -08.1 5.96E-06 002.3 203.9  23.2 0.124703 0.144186 0.157148 hargrave 2021-05-13 18:25:09 
TT 630 238.5  38.0 262.8 -07.8 5.60E-06 004.3 203.5  22.7 0.209336 0.363975 0.101841 hargrave 2021-05-15 18:19:04 
TT 640 239.8  37.3 262.5 -09.0 5.27E-06 004.0 204.7  22.2 0.195981 0.295694 0.123570 hargrave 2021-05-17 09:47:55 
TT 650 237.1  36.5 261.1 -07.1 5.21E-06 002.5 202.6  21.1 0.116921 0.172145 0.110053 hargrave 2021-05-18 11:59:54 
TT 660 237.6  37.1 261.8 -07.4 4.82E-06 001.6 203.0  21.7 0.058540 0.094504 0.098526 hargrave 2021-05-19 11:33:05 
TT 664 235.9  36.9 261.3 -06.1 4.67E-06 002.0 201.5  21.3 0.064822 0.088294 0.139655 hargrave 2021-05-20 19:23:21 
TT 668 235.9  36.9 261.3 -06.1 4.23E-06 004.9 201.5  21.3 0.145581 0.323064 0.086790 hargrave 2021-05-22 10:13:55 
TT 672 239.6  36.1 261.2 -09.2 4.13E-06 003.1 204.8  20.9 0.104947 0.176402 0.097089 hargrave 2021-05-24 10:12:20 
TT 674 233.8  36.5 260.5 -04.6 3.65E-06 005.6 199.8  20.7 0.150324 0.319762 0.090726 hargrave 2021-05-25 09:46:18 
TT 676 235.7  35.4 259.7 -06.3 2.98E-06 003.1 201.6  19.7 0.094653 0.119207 0.082032 hargrave 2021-05-26 09:48:01 
