PF18- 72a mag compass orientation (IGRF corrected)
  114.9 317.6  35.0 218.9  81.9  12.7
NRM    250.3  46.5 271.5 -14.6 2.47E-05 001.1 068.5  73.4 0.510967 0.284341 0.075054 hargrave 2021-04-08 14:00:54 
TT  50 250.5  46.5 271.6 -14.8 2.46E-05 000.5 069.0  73.3 0.222545 0.105223 0.070902 hargrave 2021-04-09 13:22:20 
TT 100 249.7  45.8 270.7 -14.6 2.45E-05 000.5 065.8  73.3 0.191588 0.143900 0.071376 hargrave 2021-04-10 13:49:10 
TT 150 250.7  46.2 271.4 -15.0 2.39E-05 000.3 068.4  73.0 0.127658 0.093926 0.060345 hargrave 2021-04-11 12:23:29 
TT 200 250.1  45.4 270.5 -15.1 2.33E-05 000.5 065.5  72.8 0.203111 0.105343 0.070672 hargrave 2021-04-13 15:29:19 
TT 250 248.9  44.5 269.2 -14.7 2.21E-05 000.8 061.2  72.9 0.313836 0.266578 0.072024 hargrave 2021-04-18 14:20:29 
TT 300 248.8  44.6 269.3 -14.6 2.04E-05 000.3 061.4  72.9 0.122231 0.081608 0.072685 hargrave 2021-04-19 14:28:27 
TT 325 248.7  44.8 269.5 -14.5 1.95E-05 001.3 061.8  73.1 0.453484 0.308483 0.068370 hargrave 2021-04-20 12:56:10 
TT 350 248.3  44.4 268.9 -14.4 1.90E-05 000.6 059.8  73.0 0.201194 0.126750 0.064046 hargrave 2021-04-23 12:36:50 
TT 375 247.8  44.3 268.7 -14.1 1.79E-05 000.6 058.9  73.2 0.186644 0.159943 0.048983 hargrave 2021-04-25 09:39:07 
TT 415 248.4  45.0 269.5 -14.2 1.46E-05 000.9 061.4  73.4 0.243366 0.131077 0.045811 hargrave 2021-04-26 08:41:42 
TT 450 246.0  43.9 267.7 -13.1 1.30E-05 000.4 054.5  73.8 0.080319 0.070571 0.057528 hargrave 2021-04-27 13:24:05 
TT 475 246.7  44.5 268.4 -13.3 1.22E-05 000.5 057.1  73.9 0.106296 0.069997 0.035988 hargrave 2021-04-29 14:15:53 
TT 500 246.1  44.3 268.1 -13.1 1.10E-05 000.8 055.6  74.0 0.157674 0.097008 0.030869 hargrave 2021-05-01 09:25:39 
TT 520 245.5  44.7 268.3 -12.5 1.04E-05 000.7 055.4  74.6 0.158144 0.054070 0.060023 hargrave 2021-05-02 16:01:25 
TT 535 243.5  44.4 267.4 -11.3 9.38E-06 000.4 050.5  75.3 0.064356 0.052321 0.017336 hargrave 2021-05-04 08:37:36 
TT 550 243.4  44.3 267.3 -11.3 8.77E-06 001.2 050.1  75.3 0.164236 0.155414 0.019769 hargrave 2021-05-04 18:13:52 
TT 560 244.3  45.1 268.3 -11.5 8.35E-06 001.5 054.0  75.5 0.211611 0.180384 0.022466 hargrave 2021-05-05 15:41:03 
TT 570 245.5  45.7 269.2 -12.0 7.42E-06 001.5 057.9  75.3 0.218179 0.125675 0.020401 hargrave 2021-05-06 22:00:04 
TT 580 243.4  44.9 267.9 -11.0 6.68E-06 000.8 051.5  75.7 0.100834 0.070607 0.013822 hargrave 2021-05-08 19:14:51 
TT 590 244.4  44.9 268.1 -11.7 6.39E-06 001.1 053.5  75.3 0.127338 0.077829 0.022272 hargrave 2021-05-09 18:15:14 
TT 600 241.8  46.8 269.2 -09.3 5.89E-06 001.3 053.2  77.9 0.137197 0.106648 0.010804 hargrave 2021-05-11 09:04:08 
TT 610 243.5  45.9 268.8 -10.7 5.50E-06 001.4 054.4  76.5 0.128858 0.104028 0.021491 hargrave 2021-05-12 09:02:08 
TT 620 242.8  46.3 268.9 -10.1 4.97E-06 000.8 053.8  77.0 0.065486 0.057290 0.029394 hargrave 2021-05-13 11:55:05 
TT 630 243.9  44.8 267.9 -11.4 4.49E-06 001.6 052.4  75.4 0.126259 0.102630 0.034565 hargrave 2021-05-14 11:21:22 
TT 640 244.4  46.8 269.9 -10.9 3.65E-06 001.0 059.0  76.7 0.063455 0.046909 0.013802 hargrave 2021-05-15 09:34:30 
TT 650 242.7  50.4 272.7 -08.4 3.21E-06 001.1 069.2  79.8 0.064960 0.037204 0.028757 hargrave 2021-05-16 11:24:40 
TT 660 242.9  52.1 274.4 -07.9 2.80E-06 000.8 078.5  80.5 0.045515 0.021951 0.029537 hargrave 2021-05-17 12:35:32 
TT 664 241.6  54.7 276.5 -06.1 2.67E-06 001.0 093.4  81.9 0.056951 0.012251 0.003518 hargrave 2021-05-18 14:57:20 
TT 668 237.9  43.5 265.1 -07.9 2.47E-06 001.7 034.3  76.7 0.055472 0.071633 0.006450 hargrave 2021-05-19 17:28:51 
TT 672 250.8  47.3 272.4 -14.6 2.27E-06 002.2 071.5  73.6 0.080257 0.070590 0.031264 hargrave 2021-05-23 10:40:55 
TT 674 250.6  54.6 278.8 -10.7 2.09E-06 001.4 097.9  76.8 0.065480 0.011423 0.011158 hargrave 2021-05-24 12:57:22 
TT 676 232.2  58.2 278.0 -00.0 1.88E-06 000.4 143.6  85.9 0.017071 0.006321 0.002230 hargrave 2021-05-25 12:46:32 
