PF18- 26a mag compass orientation (IGRF corrected)
 103.05 137.6  20.0 221.5  81.4  14.0
NRM    277.0  74.3 302.7 -04.4 3.94E-05 030.8 202.5  57.6 29.15190 12.09863 49.80837 hargrave 2021-04-06 18:44:21 
NRM    265.9  73.7 299.9 -02.9 7.88E-05 002.1 198.0  55.7 3.293134 0.606807 2.197840 hargrave 2021-04-07 09:01:12 
TT  50 270.9  72.9 300.5 -04.4 7.82E-05 003.5 200.9  55.6 0.719769 6.206968 2.257066 hargrave 2021-04-12 10:31:33 
TT 100 260.1  71.4 297.0 -03.2 6.84E-05 002.3 196.5  53.0 2.745592 1.093688 2.424269 hargrave 2021-04-13 11:45:53 
TT 150 236.0  66.3 288.6  02.2 5.34E-05 005.6 184.9  46.5 2.387684 6.568791 2.029841 hargrave 2021-04-14 19:06:03 
TT 200 246.9  62.4 286.7 -03.7 4.69E-05 004.0 192.1  43.1 2.175630 3.523224 2.064478 hargrave 2021-04-16 12:54:16 
TT 250 238.9  60.9 283.8 -00.8 4.10E-05 006.3 187.3  41.1 2.083132 5.736408 1.748089 hargrave 2021-04-19 23:13:17 
TT 300 234.5  60.1 282.4  01.1 3.40E-05 002.7 184.5  40.2 1.125127 1.279782 1.475775 hargrave 2021-04-21 13:18:06 
TT 325 230.8  59.6 281.5  02.7 2.97E-05 003.6 182.1  39.6 0.982484 2.130099 1.226432 hargrave 2021-04-22 10:57:51 
TT 350 232.9  59.1 281.3  01.6 2.71E-05 003.0 183.5  39.2 0.898891 1.269773 1.207774 hargrave 2021-04-23 08:50:36 
TT 375 229.4  59.0 280.8  03.3 2.50E-05 004.0 181.2  39.0 0.802342 2.063520 1.106548 hargrave 2021-04-24 15:48:42 
TT 415 232.1  58.8 280.8  01.9 2.32E-05 002.5 183.0  38.8 0.824521 0.473608 1.040552 hargrave 2021-04-25 14:59:57 
TT 450 226.6  58.6 280.1  04.7 2.09E-05 002.4 179.3  38.6 0.703896 0.289183 0.965075 hargrave 2021-04-26 21:28:47 
TT 475 221.8  58.2 279.5  07.2 1.97E-05 002.7 176.1  38.3 0.570806 0.747144 0.892754 hargrave 2021-04-29 10:21:43 
TT 500 223.8  58.6 279.9  06.1 1.87E-05 002.3 177.5  38.6 0.510085 0.391469 0.830187 hargrave 2021-04-30 15:26:17 
TT 520 224.1  57.9 279.2  05.9 1.75E-05 002.9 177.6  37.9 0.535271 0.740039 0.822786 hargrave 2021-05-01 17:39:51 
TT 535 226.2  57.8 279.3  04.8 1.62E-05 003.0 179.0  37.8 0.323020 1.021765 0.552530 hargrave 2021-05-03 09:17:51 
TT 550 221.3  57.0 278.2  07.3 1.53E-05 002.3 175.7  37.1 0.439745 0.264873 0.700535 hargrave 2021-05-04 13:00:24 
TT 560 225.1  57.7 279.1  05.3 1.37E-05 003.9 178.3  37.7 0.429791 1.033920 0.664605 hargrave 2021-05-06 16:24:29 
TT 570 221.5  57.7 278.9  07.3 1.25E-05 002.7 175.9  37.7 0.381718 0.473154 0.560542 hargrave 2021-05-07 11:05:25 
TT 580 219.7  58.1 279.2  08.2 1.20E-05 002.6 174.7  38.2 0.372538 0.357363 0.581191 hargrave 2021-05-08 12:27:40 
TT 590 221.3  57.8 279.0  07.4 1.16E-05 003.0 175.8  37.9 0.364268 0.534523 0.561972 hargrave 2021-05-09 13:51:27 
TT 600 223.4  56.3 277.6  06.1 1.11E-05 002.5 177.1  36.3 0.363763 0.092384 0.553594 hargrave 2021-05-10 14:36:09 
TT 610 220.0  55.6 276.8  07.9 1.06E-05 002.5 174.7  35.8 0.325292 0.255691 0.514011 hargrave 2021-05-11 16:32:09 
TT 620 219.7  55.7 276.9  08.1 1.02E-05 003.3 174.5  35.9 0.209327 0.617188 0.491678 hargrave 2021-05-12 18:51:39 
TT 630 220.7  56.3 277.5  07.6 9.73E-06 003.6 175.2  36.4 0.211062 0.708646 0.449172 hargrave 2021-05-14 16:08:41 
TT 640 226.1  55.0 276.5  04.4 9.89E-06 002.8 179.0  35.0 0.286472 0.397036 0.457701 hargrave 2021-05-15 13:53:15 
TT 650 226.9  56.2 277.8  04.2 9.41E-06 003.8 179.5  36.2 0.278308 0.725020 0.416878 hargrave 2021-05-16 16:46:11 
TT 660 216.7  58.0 279.1  09.8 7.83E-06 003.4 172.6  38.2 0.187936 0.526072 0.350616 hargrave 2021-05-17 17:26:48 
TT 664 215.8  55.9 277.0  10.3 7.72E-06 003.0 171.8  36.2 0.192277 0.372767 0.381687 hargrave 2021-05-18 20:54:07 
TT 668 217.8  55.0 276.1  09.2 6.77E-06 003.1 173.1  35.2 0.188455 0.343926 0.322903 hargrave 2021-05-20 09:42:41 
TT 672 219.4  56.7 277.9  08.3 5.41E-06 002.4 174.4  36.9 0.175961 0.142449 0.221645 hargrave 2021-05-23 15:03:19 
TT 674 212.3  59.2 280.3  12.1 4.09E-06 004.1 169.9  39.6 0.093278 0.343158 0.208006 hargrave 2021-05-24 17:22:19 
TT 676 213.1  51.7 272.7  11.9 3.77E-06 003.6 169.4  32.1 0.069459 0.251629 0.211087 hargrave 2021-05-25 17:10:17 
TT 678 208.8  58.8 280.2  13.9 2.19E-06 004.0 167.5  39.5 0.055068 0.185066 0.090235 hargrave 2021-05-26 17:49:38 
TT 680 202.4  50.2 271.8  18.8 1.43E-06 005.8 161.3  31.6 0.033036 0.186558 0.080828 hargrave 2021-05-30 11:58:42 
TT 682 216.5  69.5 290.8  09.8 6.31E-07 006.2 174.0  49.7 0.022043 0.087472 0.032272 hargrave 2021-05-31 13:07:04 
TT 684 321.2  55.1 317.6 -25.8 3.67E-07 004.6 246.6  51.5 0.037800 0.014911 0.009478 hargrave 2021-06-03 09:54:47 
TT 686 309.0  29.3 307.9 -52.0 3.15E-07 004.7 251.4  24.5 0.027576 0.031837 0.011514 hargrave 2021-06-04 11:21:30 
TT 688 334.5  37.8 334.9 -38.9 2.58E-07 006.6 270.5  40.9 0.041541 0.015216 0.007012 hargrave 2021-06-05 11:37:24 
TT 690 117.8  12.1 025.7  76.1 2.01E-07 004.0 075.4  18.1 0.015091 0.012356 0.006860 hargrave 2021-06-06 10:32:43 
TT 692 000.7 -06.0 042.0 -41.2 2.48E-07 002.8 312.8  07.7 0.022564 0.010943 0.007784 hargrave 2021-06-06 19:58:41 
TT 695 165.0  07.5 222.1  56.9 2.71E-07 005.3 118.2 -01.9 0.021691 0.030754 0.013258 hargrave 2021-06-10 14:04:48 
