PF18- 151a mag compass orientation (IGRF corrected)
 152.25 131.6  37.0 222.8  83.0  13.3
NRM    241.8  51.6 276.6 -06.0 4.13E-05 005.2 192.9  16.0 1.336975 4.561550 1.427900 hargrave 2021-04-09 19:37:08 
TT  50 232.2  52.5 275.9 -00.1 4.13E-05 002.9 186.7  15.9 0.131375 2.475130 1.310440 hargrave 2021-04-10 18:13:49 
TT 100 234.0  51.7 275.4 -01.4 4.12E-05 001.9 187.9  15.2 0.447636 1.099216 1.443146 hargrave 2021-04-12 14:42:31 
TT 150 228.6  50.2 273.3  01.7 3.99E-05 005.7 184.6  13.4 0.218174 5.107100 1.430548 hargrave 2021-04-14 15:37:44 
TT 200 235.3  49.1 273.0 -02.8 3.97E-05 002.0 189.2  12.8 0.133590 1.195781 1.405414 hargrave 2021-04-15 13:33:41 
TT 250 228.4  45.3 268.4  01.1 3.64E-05 005.7 184.8  08.5 0.482530 4.665925 1.235664 hargrave 2021-04-16 18:19:17 
TT 300 237.2  43.5 267.9 -05.5 3.57E-05 001.5 191.4  07.4 0.119319 0.298644 1.218808 hargrave 2021-04-18 21:25:13 
TT 325 233.9  43.3 267.1 -03.2 3.50E-05 001.5 189.0  06.9 0.069981 0.404202 1.118997 hargrave 2021-04-21 18:05:21 
TT 350 235.4  42.6 266.7 -04.4 3.39E-05 001.2 190.2  06.3 0.056323 0.274215 0.874209 hargrave 2021-04-22 15:38:41 
TT 375 235.9  41.7 265.9 -05.0 2.81E-05 001.7 190.7  05.5 0.160407 0.901286 0.661413 hargrave 2021-04-23 16:53:21 
TT 415 234.8  40.8 264.9 -04.4 2.32E-05 001.0 190.0  04.5 0.048751 0.194450 0.513909 hargrave 2021-04-25 19:55:44 
TT 450 234.8  39.9 263.9 -04.6 2.16E-05 002.0 190.1  03.6 0.159461 0.857816 0.522555 hargrave 2021-04-28 09:27:51 
TT 475 237.4  38.9 263.5 -06.8 2.03E-05 002.4 192.3  02.9 0.220018 0.990860 0.528525 hargrave 2021-04-30 11:33:44 
TT 500 234.7  38.4 262.4 -04.9 1.94E-05 004.7 190.3  02.1 0.376242 2.044195 0.279801 hargrave 2021-05-01 13:40:06 
TT 520 233.4  38.1 262.0 -03.9 1.86E-05 001.3 189.3  01.7 0.079711 0.413386 0.387176 hargrave 2021-05-02 12:31:25 
TT 535 235.5  37.2 261.4 -05.8 1.76E-05 003.0 191.0  01.0 0.226472 1.111130 0.456792 hargrave 2021-05-03 13:29:55 
TT 550 236.4  37.9 262.3 -06.3 1.67E-05 003.0 191.6  01.8 0.215795 1.063790 0.404312 hargrave 2021-05-05 12:19:06 
TT 560 233.9  36.8 260.8 -04.6 1.55E-05 001.2 189.9  00.4 0.073689 0.272401 0.331175 hargrave 2021-05-06 09:20:24 
TT 570 235.8  39.4 263.6 -05.5 1.35E-05 001.8 190.9  03.2 0.095846 0.469245 0.318647 hargrave 2021-05-07 15:15:39 
TT 580 226.9  36.9 259.9  01.0 1.09E-05 001.3 184.2  00.0 0.067202 0.202758 0.267766 hargrave 2021-05-09 09:59:27 
TT 590 229.0  36.1 259.4 -00.9 8.58E-06 001.3 186.0 -00.7 0.030377 0.075832 0.244492 hargrave 2021-05-10 10:51:00 
TT 600 233.9  35.7 259.7 -04.8 6.80E-06 002.7 190.0 -00.7 0.087832 0.384080 0.179403 hargrave 2021-05-11 13:18:07 
TT 610 200.9  34.5 257.2  22.0 6.87E-06 023.8 163.0 -00.7 1.234185 3.834090 0.178849 hargrave 2021-05-12 14:15:55 
TT 610 230.3  36.2 259.7 -01.8 7.43E-06 002.2 187.0 -00.4 0.104158 0.306969 0.209678 hargrave 2021-05-12 15:01:12 
TT 620 238.2  34.4 259.2 -08.6 6.48E-06 001.3 193.7 -01.4 0.078099 0.128115 0.142954 hargrave 2021-05-13 18:08:05 
TT 630 229.5  36.4 259.7 -01.2 6.60E-06 003.5 186.4 -00.3 0.044177 0.510819 0.159433 hargrave 2021-05-15 18:02:02 
TT 640 231.7  35.8 259.4 -03.1 6.43E-06 005.7 188.2 -00.8 0.199768 0.829291 0.133696 hargrave 2021-05-17 09:31:21 
TT 650 232.3  37.8 261.5 -03.1 6.05E-06 002.6 188.4  01.3 0.059146 0.325496 0.156194 hargrave 2021-05-18 11:41:48 
TT 660 227.9  32.7 255.8 -00.5 3.56E-06 002.6 185.3 -04.2 0.055183 0.190706 0.090170 hargrave 2021-05-19 11:16:43 
TT 664 227.2  36.9 259.9  00.7 5.49E-06 006.3 184.5  00.0 0.074545 0.793161 0.111392 hargrave 2021-05-20 19:06:17 
TT 668 220.8  34.7 257.2  05.6 4.65E-06 002.3 179.3 -02.3 0.063223 0.238752 0.065437 hargrave 2021-05-22 09:56:48 
TT 672 221.9  34.1 256.6  04.7 4.66E-06 005.6 180.2 -02.9 0.064987 0.601805 0.103433 hargrave 2021-05-24 09:55:15 
TT 674 218.2  31.9 254.2  07.6 4.34E-06 003.8 177.1 -05.0 0.040574 0.372583 0.102428 hargrave 2021-05-25 09:30:48 
TT 676 279.2  33.4 276.6 -38.5 6.13E-07 010.4 225.7  09.8 0.109564 0.099190 0.033712 hargrave 2021-05-26 09:32:32 
