PF18- 119a mag compass orientation (IGRF corrected)
 134.02 294.6  28.0 218.9  81.9  13.3
NRM    256.1  44.8 272.2 -19.0 2.64E-05 000.7 084.0  56.1 0.135224 0.322613 0.212260 hargrave 2021-04-09 18:41:23 
TT  50 256.8  45.0 272.7 -19.3 2.64E-05 002.0 084.9  55.9 1.174159 0.370253 0.175270 hargrave 2021-04-10 17:26:29 
TT 100 256.0  44.3 271.7 -19.2 2.61E-05 001.3 083.3  55.7 0.650487 0.406251 0.183611 hargrave 2021-04-12 13:55:59 
TT 150 259.1  45.5 274.1 -20.3 2.54E-05 001.2 087.5  55.2 0.662858 0.254984 0.192768 hargrave 2021-04-14 14:39:14 
TT 200 260.2  46.2 275.2 -20.5 2.51E-05 004.3 089.4  55.2 2.466943 0.279119 0.208526 hargrave 2021-04-15 12:36:44 
TT 250 259.7  50.1 278.2 -17.8 2.14E-05 000.9 093.9  58.2 0.255359 0.334699 0.160989 hargrave 2021-04-16 17:33:16 
TT 300 259.4  50.0 278.0 -17.8 1.98E-05 001.0 093.5  58.2 0.339927 0.321409 0.149047 hargrave 2021-04-18 20:27:24 
TT 325 262.1  51.2 280.1 -18.4 1.88E-05 001.0 097.4  57.8 0.363164 0.210367 0.135049 hargrave 2021-04-21 16:42:42 
TT 350 260.2  49.7 278.1 -18.4 1.76E-05 001.2 093.9  57.7 0.452567 0.163601 0.115866 hargrave 2021-04-22 14:43:14 
TT 375 259.4  50.2 278.2 -17.7 1.47E-05 001.8 093.8  58.3 0.581750 0.171642 0.131823 hargrave 2021-04-23 15:57:14 
TT 415 256.1  50.1 276.8 -16.0 1.18E-05 000.6 090.9  59.9 0.077571 0.119216 0.083184 hargrave 2021-04-25 18:58:07 
TT 450 256.5  51.7 278.3 -15.3 1.02E-05 001.4 093.5  60.7 0.311606 0.079122 0.088238 hargrave 2021-04-28 08:17:37 
TT 475 253.2  50.2 275.8 -14.4 9.31E-06 001.1 088.4  61.3 0.224987 0.072951 0.063201 hargrave 2021-04-30 10:35:09 
TT 500 252.2  50.0 275.3 -14.0 8.29E-06 000.6 087.2  61.6 0.082557 0.090550 0.043276 hargrave 2021-05-01 12:45:14 
TT 520 253.3  49.5 275.2 -14.8 6.96E-06 001.7 087.5  60.8 0.259821 0.092101 0.036236 hargrave 2021-05-02 11:34:01 
TT 535 248.4  51.9 275.7 -10.9 6.48E-06 000.7 086.8  64.7 0.096888 0.059146 0.028306 hargrave 2021-05-03 12:30:32 
TT 550 251.6  51.0 276.0 -13.1 5.96E-06 000.6 088.3  62.6 0.063955 0.062709 0.028851 hargrave 2021-05-05 11:20:49 
TT 560 251.7  52.7 277.5 -12.3 5.16E-06 000.5 091.3  63.7 0.049469 0.027873 0.036118 hargrave 2021-05-06 08:23:49 
TT 570 247.0  48.4 272.1 -11.8 4.82E-06 000.7 079.6  62.9 0.050378 0.062215 0.021526 hargrave 2021-05-07 14:18:24 
TT 580 241.3  54.3 276.0 -06.1 4.20E-06 001.5 084.7  69.5 0.138489 0.053960 0.022682 hargrave 2021-05-09 09:00:15 
TT 590 244.6  51.4 274.2 -09.1 3.09E-06 000.7 082.2  66.1 0.041087 0.033432 0.015649 hargrave 2021-05-10 09:51:59 
TT 600 218.5  53.4 272.0  06.7 2.71E-06 000.6 046.8  78.6 0.031371 0.021607 0.008172 hargrave 2021-05-11 12:20:42 
TT 610 242.0  59.8 281.2 -04.2 2.66E-06 000.8 099.8  71.9 0.034595 0.038011 0.012952 hargrave 2021-05-12 13:23:26 
TT 620 208.8  66.1 284.8  11.5 1.84E-06 001.3 157.7  85.6 0.051193 0.025019 0.006361 hargrave 2021-05-13 17:14:14 
TT 630 251.9  71.0 293.0 -02.4 1.81E-06 001.3 136.2  69.8 0.023852 0.048880 0.008679 hargrave 2021-05-15 17:07:13 
TT 640 244.3  77.7 297.8  02.7 1.57E-06 001.6 156.6  70.0 0.057611 0.030191 0.015043 hargrave 2021-05-17 08:35:21 
TT 650 261.5  54.4 282.4 -16.0 1.69E-06 001.1 101.7  60.2 0.032690 0.033201 0.010892 hargrave 2021-05-18 10:44:12 
TT 660 245.5  40.6 264.5 -14.2 1.89E-06 001.4 068.0  57.5 0.046578 0.043551 0.016496 hargrave 2021-05-19 10:19:49 
TT 664 242.8  68.2 289.1 -01.1 1.37E-06 001.6 127.8  73.1 0.014754 0.051703 0.010278 hargrave 2021-05-20 18:08:56 
TT 668 220.4  81.6 300.4  07.8 1.30E-06 002.3 173.3  70.0 0.059828 0.041380 0.008809 hargrave 2021-05-22 09:03:30 
TT 672 211.5  77.4 296.2  09.5 1.16E-06 002.2 174.4  74.5 0.064492 0.007994 0.009433 hargrave 2021-05-24 09:02:46 
TT 674 231.3  29.5 250.0 -06.7 1.49E-06 001.7 040.7  53.1 0.034701 0.037574 0.032993 hargrave 2021-05-25 08:36:31 
TT 676 263.8  58.7 286.6 -14.0 1.08E-06 000.8 110.5  61.6 0.015141 0.014046 0.012851 hargrave 2021-05-26 08:34:50 
TT 678 165.3  82.5 304.3  14.1 1.08E-06 002.0 192.4  67.3 0.046491 0.015964 0.014504 hargrave 2021-05-29 10:56:04 
TT 680 278.7  68.8 298.2 -10.2 8.56E-07 001.9 135.2  60.4 0.040660 0.009408 0.005908 hargrave 2021-05-31 08:37:37 
