PF18- 134a mag compass orientation (IGRF corrected)
 141.89 300.6  55.0 218.9  81.9  11.5
NRM    233.3  63.5 283.3  00.9 4.60E-05 002.1 160.9  58.3 0.842827 1.777384 0.261119 hargrave 2021-04-09 19:05:27 
TT  50 235.0  62.6 282.7 -00.1 4.58E-05 002.2 158.7  58.5 1.016126 1.688073 0.253761 hargrave 2021-04-10 17:47:50 
TT 100 236.1  61.3 281.6 -01.0 4.34E-05 000.5 156.3  59.1 0.354476 0.191485 0.227753 hargrave 2021-04-12 14:17:10 
TT 150 026.1  54.8 343.1 -00.6 1.62E-05 066.0 177.4 -00.2 0.319756 7.916081 42.30924 hargrave 2021-04-14 15:05:05 
TT 150 232.7  57.5 277.5 -00.4 3.86E-05 001.1 153.5  63.1 0.360771 0.798209 0.175402 hargrave 2021-04-14 16:03:36 
TT 200 232.6  57.4 277.3 -00.4 3.82E-05 000.5 153.4  63.2 0.168227 0.321236 0.146027 hargrave 2021-04-15 13:01:25 
TT 250 229.3  53.8 273.4  00.5 3.35E-05 001.9 150.9  67.1 0.760307 0.995340 0.125400 hargrave 2021-04-16 17:55:26 
TT 300 226.8  53.1 272.4  01.8 2.97E-05 000.7 152.8  68.6 0.127303 0.419525 0.087644 hargrave 2021-04-18 20:55:33 
TT 325 225.5  52.9 272.0  02.5 2.74E-05 000.4 154.1  69.2 0.165777 0.155802 0.067794 hargrave 2021-04-21 17:35:20 
TT 350 224.9  52.6 271.7  02.8 2.50E-05 000.4 154.4  69.7 0.131428 0.125302 0.074614 hargrave 2021-04-22 15:08:22 
TT 375 223.2  51.2 270.2  03.6 2.08E-05 000.5 154.6  71.4 0.095119 0.188806 0.057531 hargrave 2021-04-23 16:21:57 
TT 415 220.3  51.0 269.7  05.4 1.89E-05 000.6 159.3  72.6 0.077296 0.200869 0.064274 hargrave 2021-04-25 19:23:39 
TT 450 220.4  50.0 268.7  05.2 1.74E-05 001.3 157.5  73.4 0.209578 0.394370 0.041539 hargrave 2021-04-28 09:01:13 
TT 475 216.9  50.6 269.2  07.5 1.65E-05 000.4 165.6  73.7 0.059524 0.120179 0.065044 hargrave 2021-04-30 10:59:55 
TT 500 219.5  49.6 268.2  05.8 1.60E-05 000.8 158.6  74.0 0.109340 0.228113 0.038845 hargrave 2021-05-01 13:09:38 
TT 520 220.1  49.2 267.9  05.3 1.52E-05 001.6 156.7  74.2 0.181128 0.449577 0.042398 hargrave 2021-05-02 11:59:44 
TT 535 216.3  50.2 268.7  07.9 1.39E-05 000.6 166.4  74.3 0.097945 0.144454 0.036876 hargrave 2021-05-03 12:56:56 
TT 550 215.1  49.9 268.4  08.6 1.29E-05 000.7 168.9  74.7 0.139868 0.098597 0.028099 hargrave 2021-05-05 11:45:45 
TT 560 218.4  49.5 268.1  06.5 1.20E-05 000.8 160.9  74.4 0.145313 0.114336 0.034615 hargrave 2021-05-06 08:48:41 
TT 570 214.9  50.3 268.8  08.8 1.03E-05 000.6 169.8  74.4 0.096810 0.083684 0.046809 hargrave 2021-05-07 14:43:15 
TT 580 216.0  48.0 266.5  07.9 8.31E-06 001.1 164.4  76.4 0.092993 0.166619 0.019782 hargrave 2021-05-09 09:26:53 
TT 590 216.4  46.6 265.1  07.6 7.98E-06 000.8 161.2  77.6 0.061061 0.108827 0.024047 hargrave 2021-05-10 10:17:39 
TT 600 218.2  48.2 266.8  06.5 7.13E-06 000.9 159.1  75.7 0.066836 0.102290 0.033254 hargrave 2021-05-11 12:45:37 
TT 610 209.6  50.9 269.3  12.1 6.80E-06 000.8 182.3  74.1 0.075075 0.076064 0.032682 hargrave 2021-05-12 13:47:27 
TT 620 206.3  47.0 265.5  14.5 6.11E-06 000.8 193.9  77.5 0.054673 0.070200 0.040477 hargrave 2021-05-13 17:37:21 
TT 630 213.4  49.7 268.1  09.7 6.05E-06 000.9 172.9  75.1 0.097071 0.050088 0.020112 hargrave 2021-05-16 13:35:28 
TT 640 219.3  49.2 267.8  05.9 5.50E-06 000.8 158.4  74.4 0.075111 0.059590 0.011660 hargrave 2021-05-17 08:59:30 
TT 650 210.2  46.1 264.4  11.8 5.05E-06 000.8 181.4  78.9 0.049157 0.064272 0.026662 hargrave 2021-05-18 11:09:09 
TT 660 222.2  43.8 262.7  03.2 4.73E-06 000.7 138.0  77.5 0.068874 0.027345 0.030328 hargrave 2021-05-19 10:44:57 
TT 664 207.3  52.0 270.6  13.5 4.76E-06 000.9 186.8  72.9 0.046512 0.074630 0.017572 hargrave 2021-05-20 18:33:49 
TT 668 205.0  38.8 257.0  15.9 4.15E-06 001.0 228.3  84.1 0.079821 0.026167 0.012436 hargrave 2021-05-22 09:26:42 
TT 672 210.9  33.6 251.7  11.1 3.98E-06 001.0 010.8  88.6 0.045737 0.061812 0.016363 hargrave 2021-05-24 09:26:50 
TT 674 214.5  55.0 273.5  09.2 3.83E-06 001.5 173.5  69.8 0.094303 0.071369 0.013806 hargrave 2021-05-25 08:59:51 
TT 676 214.6  57.0 275.5  09.1 3.49E-06 002.1 174.2  67.9 0.051175 0.139509 0.013180 hargrave 2021-05-26 09:03:15 
TT 678 222.2  37.0 255.9  02.3 2.61E-06 001.3 105.2  80.4 0.054137 0.040169 0.046610 hargrave 2021-05-29 11:20:08 
TT 680 217.4  56.1 274.7  07.5 2.65E-06 001.7 169.6  68.4 0.065289 0.058467 0.020828 hargrave 2021-05-31 09:01:37 
