PF18- 94a sun compass orientation
 124.23 320.1  18.0 218.9  81.9  12.8
NRM    247.4  77.0 297.5  01.8 2.64E-05 000.4 145.5  83.2 0.135340 0.194869 0.036751 hargrave 2021-04-08 14:40:05 
TT  50 246.4  77.2 297.5  02.1 2.63E-05 000.4 147.7  83.3 0.118246 0.184471 0.034594 hargrave 2021-04-09 14:02:21 
TT 100 247.7  76.7 297.3  01.6 2.60E-05 000.7 143.1  83.3 0.229912 0.343942 0.034292 hargrave 2021-04-10 14:29:00 
TT 150 248.0  75.9 296.6  01.1 2.39E-05 000.5 136.4  83.7 0.107893 0.231094 0.029307 hargrave 2021-04-11 13:03:10 
TT 200 249.4  75.0 296.0  00.4 2.21E-05 000.9 128.1  83.8 0.307972 0.338380 0.036643 hargrave 2021-04-13 16:02:37 
TT 250 252.4  74.0 295.6 -00.8 2.05E-05 000.6 117.8  83.2 0.125834 0.223519 0.042233 hargrave 2021-04-18 14:54:02 
TT 300 252.1  73.6 295.2 -01.1 1.93E-05 000.4 113.8  83.3 0.117746 0.107522 0.047260 hargrave 2021-04-19 15:12:09 
TT 325 253.6  74.0 295.8 -01.1 1.91E-05 000.7 117.5  82.9 0.207809 0.191613 0.042334 hargrave 2021-04-20 13:38:14 
TT 350 252.0  73.9 295.5 -00.8 1.78E-05 000.9 117.1  83.3 0.175004 0.284714 0.063914 hargrave 2021-04-23 13:16:46 
TT 375 255.5  73.4 295.6 -02.0 1.56E-05 000.5 112.2  82.4 0.089455 0.142282 0.017503 hargrave 2021-04-25 10:18:54 
TT 415 254.7  73.9 295.9 -01.4 1.22E-05 001.2 116.2  82.6 0.232372 0.240876 0.020879 hargrave 2021-04-26 09:21:47 
TT 450 253.5  74.7 296.3 -00.7 1.06E-05 000.8 122.5  82.9 0.112929 0.164295 0.017771 hargrave 2021-04-27 14:05:11 
TT 475 254.1  75.8 297.3 -00.2 9.91E-06 001.0 130.8  82.4 0.112341 0.192828 0.012041 hargrave 2021-04-29 14:55:34 
TT 500 252.1  76.3 297.4  00.5 9.40E-06 000.8 135.7  82.7 0.093537 0.132867 0.019101 hargrave 2021-05-01 10:03:50 
TT 520 249.8  75.9 296.8  00.7 8.51E-06 000.4 134.8  83.4 0.045645 0.060782 0.027387 hargrave 2021-05-02 16:35:23 
TT 535 248.5  77.2 297.8  01.7 8.29E-06 000.5 145.6  82.9 0.064883 0.080032 0.027412 hargrave 2021-05-04 09:15:35 
TT 550 247.4  78.8 299.1  02.7 7.51E-06 000.6 155.5  82.0 0.046804 0.080684 0.018664 hargrave 2021-05-04 18:53:18 
TT 560 247.2  74.4 295.2  00.5 7.92E-06 001.1 123.7  84.5 0.134122 0.153411 0.022357 hargrave 2021-05-05 16:21:38 
TT 570 214.4  85.2 304.1  08.4 3.65E-06 001.0 185.6  76.6 0.032030 0.077345 0.013623 hargrave 2021-05-06 22:38:08 
TT 580 355.7  82.2 314.6  02.7 3.00E-06 002.5 163.8  66.6 0.033890 0.169571 0.022989 hargrave 2021-05-08 19:55:32 
TT 590 011.5  75.8 321.5  01.4 2.37E-06 003.4 162.3  59.6 0.042396 0.182394 0.017802 hargrave 2021-05-09 18:55:46 
TT 600 245.4  59.8 282.0 -05.8 2.01E-06 001.3 034.4  76.3 0.047709 0.030007 0.027778 hargrave 2021-05-11 09:43:41 
TT 610 010.1  58.8 336.1 -07.3 1.81E-06 002.6 152.6  43.7 0.089565 0.129088 0.037992 hargrave 2021-05-12 09:40:58 
TT 620 232.5  32.0 252.7 -07.1 1.90E-06 002.8 003.2  49.9 0.048228 0.102576 0.050340 hargrave 2021-05-13 12:33:55 
TT 630 050.5  18.4 021.9  13.5 1.25E-06 057.2 180.4  00.4 0.037735 1.837321 1.705336 hargrave 2021-05-14 12:02:38 
TT 630 355.7  46.5 341.5 -21.3 2.16E-06 003.6 137.3  34.5 0.083514 0.174768 0.041771 hargrave 2021-05-14 13:09:38 
TT 640 262.5  25.4 257.0 -33.8 1.76E-06 001.6 039.3  40.1 0.045440 0.053186 0.039041 hargrave 2021-05-15 10:11:14 
TT 650 030.8  40.5 357.7 -00.8 2.44E-06 001.9 164.1  23.4 0.058564 0.112824 0.015274 hargrave 2021-05-16 12:03:14 
TT 660 228.6 -00.2 220.1 -09.6 2.20E-06 001.7 358.4  17.8 0.056291 0.064637 0.042238 hargrave 2021-05-17 13:14:03 
TT 664 097.1  36.1 350.1  49.7 1.94E-06 004.1 220.0  23.0 0.078132 0.176138 0.024729 hargrave 2021-05-18 15:35:18 
TT 668 274.5  08.8 244.3 -51.8 1.90E-06 002.2 047.9  21.3 0.055916 0.099255 0.047488 hargrave 2021-05-19 18:06:18 
TT 672 039.4  33.3 005.9  04.8 2.37E-06 006.5 170.7  15.6 0.046985 0.341726 0.054356 hargrave 2021-05-23 11:18:26 
TT 674 110.2  30.7 344.0  61.4 1.48E-06 011.6 232.8  20.7 0.238712 0.324993 0.021593 hargrave 2021-05-24 13:34:30 
TT 676 074.8  32.6 004.7  34.4 1.65E-06 007.1 201.5  16.0 0.082421 0.252100 0.021059 hargrave 2021-05-25 13:22:54 
TT 678 224.1 -01.5 218.1 -05.4 2.19E-06 001.9 353.8  16.4 0.062750 0.078676 0.027755 hargrave 2021-05-26 14:04:51 
TT 680 019.6  25.3 010.3 -13.6 1.90E-06 008.4 152.3  09.5 0.053912 0.381946 0.015211 hargrave 2021-05-30 15:53:50 
