PF18- 31a sun compass orientation
 102.28 147.2  28.0 221.5  81.4  10.6
NRM    229.9  71.5 293.1  05.5 7.40E-05 001.8 176.8  43.6 0.990940 2.134745 0.941779 hargrave 2021-04-06 18:52:21 
TT  50 237.3  71.2 293.4  03.1 7.36E-05 002.6 180.1  43.2 0.485686 3.371798 0.998852 hargrave 2021-04-12 10:42:58 
TT 100 223.9  68.0 289.4  07.1 6.77E-05 000.8 173.5  40.4 0.296266 0.398452 0.952153 hargrave 2021-04-13 11:55:39 
TT 150 238.0  68.1 290.5  01.9 3.40E-05 065.2 180.4  40.1 29.48637 0.300274 24.82088 hargrave 2021-04-14 19:14:13 
TT 150 223.2  67.8 289.1  07.3 3.40E-05 065.0 173.1  40.2 29.20083 3.525661 24.83423 hargrave 2021-04-14 20:32:33 
TT 150 227.1  67.5 289.0  05.8 6.78E-05 001.5 175.0  39.7 0.199103 1.742534 0.664874 hargrave 2021-04-14 20:47:12 
TT 200 237.8  66.6 289.1  01.5 6.36E-05 007.5 180.3  38.6 0.156634 8.842534 0.989493 hargrave 2021-04-16 13:01:45 
TT 250 224.3  65.4 286.8  06.7 5.98E-05 002.2 173.2  37.8 0.685178 2.230078 0.657415 hargrave 2021-04-19 23:19:30 
TT 300 227.5  65.0 286.5  05.3 5.26E-05 001.7 174.9  37.2 0.169813 1.533260 0.592030 hargrave 2021-04-21 13:28:39 
TT 325 226.2  64.7 286.2  05.8 4.75E-05 002.5 174.2  37.0 0.115463 2.151860 0.565819 hargrave 2021-04-22 11:07:40 
TT 350 221.6  64.2 285.5  07.7 4.46E-05 002.5 171.6  36.8 0.124309 1.961021 0.600425 hargrave 2021-04-23 09:00:23 
TT 375 225.2  64.4 285.8  06.2 4.28E-05 001.6 173.5  36.7 0.176469 1.106398 0.555141 hargrave 2021-04-24 16:00:08 
TT 415 224.7  64.2 285.6  06.4 4.05E-05 001.2 173.3  36.6 0.192606 0.729928 0.544284 hargrave 2021-04-25 15:08:09 
TT 450 221.8  64.2 285.5  07.6 3.87E-05 001.1 171.7  36.7 0.198978 0.618880 0.499701 hargrave 2021-04-26 21:37:19 
TT 475 219.7  64.0 285.2  08.5 3.73E-05 001.0 170.5  36.6 0.141842 0.505414 0.469462 hargrave 2021-04-29 10:31:27 
TT 500 217.4  63.5 284.7  09.5 3.51E-05 000.6 169.2  36.4 0.113205 0.230061 0.360765 hargrave 2021-04-30 15:36:45 
TT 520 216.1  63.6 284.8  10.1 3.23E-05 003.6 168.5  36.6 0.328663 2.117492 0.336542 hargrave 2021-05-01 17:48:47 
TT 535 226.4  64.6 286.1  05.7 2.82E-05 002.8 174.2  36.9 0.305982 1.417383 0.192181 hargrave 2021-05-03 09:27:37 
TT 550 219.6  64.6 285.8  08.6 1.94E-05 000.9 170.6  37.3 0.102402 0.268053 0.170265 hargrave 2021-05-04 13:10:56 
TT 560 219.3  64.6 285.8  08.7 1.61E-05 000.7 170.4  37.3 0.056493 0.155968 0.113879 hargrave 2021-05-06 16:35:00 
TT 570 224.4  67.0 288.4  06.8 1.59E-05 001.5 173.6  39.4 0.119171 0.415520 0.133344 hargrave 2021-05-07 11:16:06 
TT 580 220.0  62.7 283.9  08.3 1.56E-05 001.3 170.4  35.3 0.060109 0.345305 0.128149 hargrave 2021-05-08 12:38:59 
TT 590 229.5  64.4 286.1  04.3 1.46E-05 001.1 175.9  36.5 0.072348 0.272551 0.105859 hargrave 2021-05-09 14:02:54 
TT 600 220.2  61.0 282.2  08.1 1.14E-05 000.7 170.2  33.7 0.076645 0.104691 0.084658 hargrave 2021-05-10 14:46:59 
TT 610 231.0  63.6 285.5  03.5 1.09E-05 000.9 176.6  35.7 0.086180 0.150661 0.071065 hargrave 2021-05-11 16:42:45 
TT 620 225.0  55.9 277.3  05.1 1.13E-05 001.2 172.3  28.2 0.091138 0.235957 0.087189 hargrave 2021-05-12 19:02:03 
TT 630 233.2  60.0 282.1  01.7 9.82E-06 000.6 177.6  32.0 0.031862 0.091381 0.064279 hargrave 2021-05-14 16:20:03 
TT 640 211.9  47.9 268.8  12.8 7.63E-06 003.2 162.1  21.8 0.107962 0.443617 0.055582 hargrave 2021-05-15 14:03:59 
TT 650 230.4  57.3 279.2  02.5 8.25E-06 000.6 175.8  29.4 0.068803 0.070405 0.055915 hargrave 2021-05-16 16:56:09 
TT 660 050.5  62.9 338.8  11.7 2.21E-06 003.5 250.3  86.8 0.052954 0.133315 0.028835 hargrave 2021-05-17 17:35:48 
TT 660 042.2  59.6 342.2  07.8 2.25E-06 001.5 281.7  82.3 0.038247 0.052106 0.004931 hargrave 2021-05-18 08:46:00 
TT 664 237.2  51.1 274.3 -02.9 5.01E-06 006.0 180.0  23.1 0.037069 0.554298 0.033656 hargrave 2021-05-18 21:04:37 
TT 668 238.4  46.7 270.3 -05.1 3.94E-06 008.0 180.9  18.7 0.094789 0.581776 0.036637 hargrave 2021-05-20 09:53:14 
TT 672 272.5  44.8 281.7 -26.1 2.98E-06 005.9 206.0  20.5 0.120310 0.305312 0.031881 hargrave 2021-05-23 15:12:22 
TT 674 180.7  24.6 246.6  40.5 2.34E-06 006.5 130.1  07.5 0.108944 0.334273 0.044162 hargrave 2021-05-24 17:32:12 
TT 676 200.9  16.9 236.3  22.1 2.42E-06 007.4 145.3 -06.1 0.095400 0.337337 0.055728 hargrave 2021-05-25 17:21:48 
TT 678 060.8 -23.6 068.6  13.9 2.42E-06 002.7 003.3  04.3 0.315683 0.103768 0.045162 hargrave 2021-05-26 17:58:34 
TT 680 247.5  22.8 249.7 -19.9 2.19E-06 007.4 189.5 -04.8 0.049663 0.295020 0.043554 hargrave 2021-05-30 12:07:46 
TT 682 023.6 -15.7 055.2 -19.5 2.32E-06 003.0 327.4  07.9 0.160890 0.080002 0.025681 hargrave 2021-05-31 13:16:00 
TT 684 244.7  26.9 252.9 -16.2 1.59E-06 007.2 186.7 -00.9 0.114627 0.200291 0.022910 hargrave 2021-06-03 10:03:42 
TT 686 357.5  12.1 017.8 -39.8 1.58E-06 003.8 291.7  24.6 0.147578 0.136358 0.026080 hargrave 2021-06-04 11:30:25 
TT 688 223.2  30.9 252.4  03.0 1.68E-06 009.7 168.0  03.6 0.066789 0.321475 0.013416 hargrave 2021-06-05 11:47:07 
TT 690 127.8 -03.3 114.1  77.5 1.05E-06 002.6 071.2  06.0 0.034006 0.081235 0.013069 hargrave 2021-06-06 10:41:38 
TT 692 322.4  01.2 000.0 -75.4 1.09E-06 010.6 265.2 -01.2 0.195188 0.181385 0.034738 hargrave 2021-06-06 20:07:30 
TT 695 186.7  24.4 245.4  35.2 1.64E-06 004.0 135.1  05.3 0.057550 0.196769 0.027307 hargrave 2021-06-10 14:14:31 
