PF18- 75a sun compass orientation
 116.05 321.7  44.0 218.9  81.9   5.2
NRM    235.6  59.1 279.4 -01.4 3.19E-05 000.4 171.4  76.7 0.076582 0.078797 0.046677 hargrave 2021-04-08 14:05:01 
TT  50 235.3  59.1 279.4 -01.3 3.17E-05 000.4 171.9  76.7 0.053403 0.094944 0.056520 hargrave 2021-04-09 13:26:27 
TT 100 236.0  58.8 279.2 -01.8 3.14E-05 000.5 170.0  76.9 0.072153 0.103374 0.057442 hargrave 2021-04-10 13:53:17 
TT 150 235.9  58.1 278.5 -01.9 3.04E-05 000.5 169.6  77.6 0.043581 0.122510 0.041029 hargrave 2021-04-11 12:28:24 
TT 200 234.5  57.7 277.9 -01.3 2.95E-05 000.3 172.7  78.2 0.054767 0.065491 0.037815 hargrave 2021-04-13 15:32:47 
TT 250 230.8  57.4 277.1  00.5 2.79E-05 000.4 182.4  78.6 0.051471 0.091749 0.028821 hargrave 2021-04-18 14:23:51 
TT 300 232.5  57.3 277.2 -00.4 2.64E-05 001.2 177.8  78.7 0.184973 0.213553 0.040249 hargrave 2021-04-19 14:32:32 
TT 325 229.3  57.5 277.0  01.3 2.40E-05 001.8 186.4  78.4 0.086320 0.375393 0.036152 hargrave 2021-04-20 13:01:05 
TT 350 227.2  57.7 277.0  02.5 2.35E-05 000.5 191.6  77.9 0.079363 0.055542 0.025552 hargrave 2021-04-23 12:42:37 
TT 375 226.4  57.6 276.8  02.9 2.29E-05 001.1 193.8  77.9 0.081472 0.222066 0.026617 hargrave 2021-04-25 09:43:12 
TT 415 221.3  56.5 275.3  05.4 2.07E-05 001.1 207.8  77.7 0.088041 0.195300 0.028381 hargrave 2021-04-26 08:45:47 
TT 450 221.8  57.3 276.1  05.3 9.78E-06 081.3 204.7  77.1 1.099541 0.509376 5.301524 hargrave 2021-04-27 13:28:59 
TT 450 222.5  57.6 276.4  04.9 1.96E-05 000.7 202.7  77.1 0.047261 0.103583 0.027818 hargrave 2021-04-27 15:50:03 
TT 475 221.0  57.7 276.4  05.7 1.90E-05 000.8 205.4  76.6 0.037002 0.137149 0.022919 hargrave 2021-04-29 14:20:47 
TT 500 219.1  57.0 275.6  06.7 1.79E-05 001.0 210.8  76.5 0.086850 0.128290 0.032141 hargrave 2021-05-01 09:29:46 
TT 520 216.6  56.4 274.9  08.0 1.74E-05 001.5 216.8  76.0 0.081668 0.224274 0.023972 hargrave 2021-05-02 16:05:33 
TT 535 216.0  56.8 275.3  08.3 1.64E-05 000.7 216.3  75.5 0.048795 0.082691 0.021720 hargrave 2021-05-04 08:41:43 
TT 550 215.7  56.9 275.4  08.5 1.60E-05 001.0 216.5  75.3 0.067693 0.130171 0.023130 hargrave 2021-05-04 18:18:47 
TT 560 214.8  56.5 275.0  09.0 1.57E-05 001.5 218.9  75.2 0.112353 0.189561 0.021532 hargrave 2021-05-05 15:45:10 
TT 570 214.0  56.8 275.3  09.4 1.51E-05 000.9 219.0  74.7 0.108487 0.068167 0.023961 hargrave 2021-05-06 22:04:09 
TT 580 213.3  56.9 275.4  09.9 1.45E-05 000.9 219.6  74.3 0.095709 0.070775 0.025339 hargrave 2021-05-08 19:18:57 
TT 590 212.6  56.5 275.0  10.2 1.43E-05 001.1 221.5  74.2 0.073313 0.130338 0.022558 hargrave 2021-05-09 18:19:21 
TT 600 212.1  56.1 274.7  10.5 1.40E-05 000.9 223.2  74.1 0.079232 0.086588 0.032097 hargrave 2021-05-11 09:08:14 
TT 610 211.3  56.6 275.1  10.9 1.36E-05 000.7 222.5  73.5 0.052428 0.074190 0.023523 hargrave 2021-05-12 09:06:13 
TT 620 210.4  56.3 274.8  11.5 1.32E-05 001.2 224.5  73.2 0.113216 0.095778 0.037795 hargrave 2021-05-13 11:59:11 
TT 630 208.6  56.1 274.7  12.4 1.29E-05 001.9 226.6  72.5 0.169832 0.148920 0.039880 hargrave 2021-05-14 11:25:27 
TT 640 208.3  55.5 274.2  12.7 1.24E-05 000.7 228.5  72.5 0.041560 0.065137 0.027013 hargrave 2021-05-15 09:38:36 
TT 650 206.9  55.5 274.2  13.5 1.21E-05 000.9 229.5  71.8 0.069347 0.073628 0.045042 hargrave 2021-05-16 11:28:50 
TT 660 206.8  54.4 273.0  13.6 1.17E-05 000.8 233.0  72.1 0.034187 0.069411 0.047265 hargrave 2021-05-17 12:39:40 
TT 664 206.5  56.4 275.1  13.6 1.15E-05 001.1 227.1  71.3 0.047529 0.099129 0.022724 hargrave 2021-05-18 15:01:32 
TT 668 204.8  53.7 272.5  14.8 1.10E-05 002.5 235.9  71.2 0.193686 0.151260 0.013521 hargrave 2021-05-19 17:32:58 
TT 672 206.1  55.4 274.1  13.9 1.02E-05 002.2 230.4  71.4 0.161549 0.129309 0.033785 hargrave 2021-05-23 10:45:03 
TT 674 207.1  54.4 273.0  13.4 9.76E-06 001.6 232.8  72.3 0.111435 0.081887 0.018008 hargrave 2021-05-24 13:01:33 
TT 676 206.8  54.7 273.4  13.6 8.96E-06 000.9 231.9  72.0 0.042568 0.055833 0.011621 hargrave 2021-05-25 12:50:43 
