PF18- 51b sun compass orientation
  97.26 116.9  60.0 221.5  81.4  12.1
NRM    326.3  69.9 316.6 -10.9 1.15E-04 001.8 202.3  38.0 2.929241 0.698248 3.021741 hargrave 2021-04-06 19:23:48 
TT  50 332.0  74.4 316.9 -06.0 1.14E-04 002.6 196.2  38.0 3.388044 3.934187 3.315758 hargrave 2021-04-12 11:18:31 
TT 100 325.2  72.0 315.7 -08.9 1.04E-04 002.4 199.9  37.0 3.010461 3.001856 3.045502 hargrave 2021-04-13 12:32:08 
TT 150 302.2  69.5 308.2 -11.6 6.17E-05 001.7 203.7  29.8 0.719568 0.787661 1.915631 hargrave 2021-04-14 19:46:10 
TT 200 288.3  65.5 301.8 -13.9 4.55E-05 001.6 206.6  23.7 0.531082 0.398013 1.414023 hargrave 2021-04-16 13:33:02 
TT 250 279.9  64.1 297.9 -13.5 3.67E-05 001.9 206.4  19.8 0.193971 0.985589 1.103231 hargrave 2021-04-19 23:50:04 
TT 300 277.6  60.6 295.0 -15.8 2.96E-05 004.5 209.0  17.2 1.490295 2.215418 0.944604 hargrave 2021-04-21 14:06:41 
TT 325 274.0  61.3 293.9 -14.2 2.64E-05 002.3 207.4  16.1 0.639549 0.719067 0.859203 hargrave 2021-04-22 11:46:02 
TT 350 270.6  60.5 292.1 -13.7 2.22E-05 007.9 207.1  14.3 1.854908 3.185417 0.706651 hargrave 2021-04-23 09:38:25 
TT 375 264.9  61.2 290.6 -11.3 1.72E-05 002.6 204.8  12.5 0.413407 0.641391 0.567077 hargrave 2021-04-24 16:39:13 
TT 415 265.1  60.5 290.1 -11.8 1.59E-05 002.6 205.3  12.2 0.337711 0.641012 0.490132 hargrave 2021-04-25 16:16:33 
TT 450 258.6  61.3 288.7 -08.9 1.31E-05 004.5 202.5  10.4 0.502169 1.052155 0.424525 hargrave 2021-04-27 08:32:38 
TT 475 259.7  61.0 288.8 -09.5 1.22E-05 005.4 203.1  10.6 0.610876 1.181179 0.372915 hargrave 2021-04-29 11:09:20 
TT 500 258.9  61.6 289.0 -08.9 1.14E-05 002.6 202.4  10.7 0.175384 0.489964 0.354695 hargrave 2021-04-30 16:11:25 
TT 520 254.5  63.0 289.0 -06.4 1.08E-05 004.9 199.9  10.4 0.402738 0.997150 0.340013 hargrave 2021-05-01 18:24:12 
TT 535 255.4  61.2 287.7 -07.7 1.02E-05 006.2 201.4  09.3 0.531309 1.202893 0.214808 hargrave 2021-05-03 10:06:31 
TT 550 252.2  62.4 287.9 -05.8 9.80E-06 001.6 199.5  09.3 0.063454 0.088464 0.311037 hargrave 2021-05-04 13:49:35 
TT 560 248.4  63.2 287.7 -03.9 8.88E-06 001.6 197.6  08.8 0.053209 0.089429 0.291884 hargrave 2021-05-06 17:12:53 
TT 570 255.9  60.1 286.9 -08.6 7.81E-06 008.7 202.4  08.6 0.580023 1.305640 0.256558 hargrave 2021-05-07 11:52:46 
TT 580 247.7  61.1 285.8 -04.6 7.44E-06 003.3 198.5  07.0 0.136208 0.458396 0.219558 hargrave 2021-05-08 13:16:52 
TT 590 249.9  62.9 287.8 -04.7 6.70E-06 002.4 198.3  09.0 0.111162 0.260121 0.190934 hargrave 2021-05-09 14:42:54 
TT 600 242.1  63.2 286.5 -01.3 6.26E-06 006.0 195.2  07.3 0.233460 0.731374 0.187376 hargrave 2021-05-10 15:26:38 
TT 610 241.5  63.3 286.5 -01.0 5.60E-06 002.5 194.9  07.3 0.102439 0.236444 0.162083 hargrave 2021-05-11 17:23:22 
TT 620 237.2  60.2 282.9 -00.2 4.78E-06 002.7 194.6  03.5 0.056551 0.225948 0.137503 hargrave 2021-05-12 19:38:39 
TT 630 231.3  62.1 284.0  03.1 4.56E-06 002.9 191.2  04.2 0.056244 0.245653 0.115209 hargrave 2021-05-14 16:58:00 
TT 640 237.4  59.3 282.1 -00.6 4.38E-06 004.9 195.1  02.8 0.113640 0.416167 0.132424 hargrave 2021-05-15 14:41:44 
TT 650 219.0  64.6 285.8  08.8 4.00E-06 004.3 185.2  05.1 0.038994 0.342352 0.116146 hargrave 2021-05-16 17:33:07 
TT 660 232.2  64.9 286.9  03.3 3.57E-06 004.1 190.5  07.0 0.062877 0.287473 0.104705 hargrave 2021-05-17 18:14:35 
TT 664 219.7  61.2 282.4  08.4 3.81E-06 004.4 186.1  01.8 0.040060 0.338311 0.107994 hargrave 2021-05-18 21:41:31 
TT 668 235.5  58.8 281.3  00.2 3.56E-06 005.9 194.3  01.9 0.115556 0.417314 0.102369 hargrave 2021-05-20 10:31:06 
TT 672 217.5  64.6 285.8  09.5 3.38E-06 005.2 184.6  05.0 0.040574 0.363672 0.091407 hargrave 2021-05-23 15:51:39 
TT 674 250.3  55.1 281.0 -08.6 3.26E-06 004.9 203.2  02.9 0.114721 0.302941 0.096427 hargrave 2021-05-24 18:08:55 
TT 676 216.0  63.1 284.3  10.1 3.02E-06 004.2 184.1  03.4 0.028966 0.257692 0.080303 hargrave 2021-05-25 17:59:38 
TT 678 233.1  65.2 287.2  03.0 2.06E-06 006.2 190.7  07.3 0.057003 0.262266 0.054751 hargrave 2021-05-26 18:37:30 
TT 680 196.6  69.1 291.7  16.8 2.00E-06 006.2 176.3  09.4 0.028419 0.259230 0.052219 hargrave 2021-05-30 12:43:46 
TT 682 250.2  56.7 282.4 -07.8 1.62E-06 007.6 202.2  04.1 0.101946 0.237546 0.046468 hargrave 2021-05-31 13:53:12 
