PF18- 113a mag compass orientation (IGRF corrected)
  131.1 303.6  32.0 218.9  81.9  10.1
NRM    235.4  75.8 295.3  03.9 3.98E-05 001.2 164.2  70.5 0.173415 0.827626 0.114534 hargrave 2021-04-08 15:16:28 
TT  50 241.9  74.2 294.4  01.7 3.94E-05 000.7 157.2  70.5 0.321936 0.374842 0.102331 hargrave 2021-04-09 14:37:44 
TT 100 238.7  72.8 292.7  02.0 3.56E-05 000.8 155.7  72.2 0.303619 0.425761 0.081675 hargrave 2021-04-10 15:05:58 
TT 150 225.5  64.1 283.1  04.4 2.62E-05 000.7 141.6  81.7 0.179171 0.288162 0.034838 hargrave 2021-04-11 13:39:21 
TT 200 224.3  60.1 279.1  04.3 2.38E-05 000.8 115.8  84.1 0.054881 0.330211 0.029367 hargrave 2021-04-13 16:35:12 
TT 250 220.8  58.0 276.7  05.9 2.07E-05 000.7 093.1  86.2 0.099842 0.232418 0.017680 hargrave 2021-04-18 15:24:45 
TT 300 219.3  56.3 274.9  06.5 1.80E-05 001.1 063.1  86.5 0.218029 0.255850 0.018831 hargrave 2021-04-19 15:48:13 
TT 325 217.2  55.1 273.6  07.6 1.59E-05 001.0 035.5  86.5 0.143489 0.240272 0.019430 hargrave 2021-04-20 14:15:16 
TT 350 217.0  53.8 272.4  07.6 1.46E-05 000.9 026.3  85.4 0.204179 0.126914 0.016577 hargrave 2021-04-23 13:52:14 
TT 375 216.1  53.0 271.5  08.1 1.36E-05 000.5 016.8  84.8 0.079531 0.101169 0.015311 hargrave 2021-04-25 10:56:02 
TT 415 213.4  51.9 270.3  09.8 1.23E-05 000.7 358.6  83.9 0.145927 0.054229 0.039967 hargrave 2021-04-26 09:58:58 
TT 450 210.8  50.7 269.1  11.4 1.14E-05 000.8 346.5  82.5 0.129992 0.089838 0.012397 hargrave 2021-04-27 14:42:32 
TT 475 210.5  49.9 268.3  11.6 1.09E-05 001.3 345.8  81.7 0.114408 0.231319 0.016982 hargrave 2021-04-29 15:31:42 
TT 500 208.2  49.8 268.2  13.1 1.00E-05 001.2 336.6  81.2 0.109568 0.186832 0.018808 hargrave 2021-05-01 10:40:20 
TT 520 206.7  48.4 266.9  14.1 9.25E-06 001.5 333.8  79.6 0.141722 0.202128 0.028357 hargrave 2021-05-02 17:07:48 
TT 535 203.2  47.8 266.5  16.5 8.58E-06 000.8 324.2  78.0 0.061958 0.107032 0.015055 hargrave 2021-05-04 09:51:37 
TT 550 203.3  46.6 265.2  16.6 7.78E-06 001.0 326.8  77.0 0.053108 0.123293 0.017799 hargrave 2021-05-04 19:30:00 
TT 560 201.1  45.4 264.2  18.2 6.89E-06 001.0 323.3  75.3 0.111632 0.044066 0.029099 hargrave 2021-05-05 16:59:26 
TT 570 198.5  42.3 261.1  20.5 5.78E-06 001.7 322.2  71.6 0.081326 0.153395 0.020431 hargrave 2021-05-06 23:13:26 
TT 580 200.6  38.7 257.2  19.3 5.50E-06 000.7 330.7  69.0 0.038044 0.058302 0.020531 hargrave 2021-05-08 20:32:29 
TT 590 204.1  36.1 254.3  16.7 5.37E-06 002.4 339.8  67.2 0.057925 0.215608 0.037140 hargrave 2021-05-09 19:32:35 
TT 600 199.2  34.4 252.7  20.8 5.04E-06 001.1 331.5  64.5 0.051161 0.079549 0.036661 hargrave 2021-05-11 10:19:42 
TT 610 196.0  44.2 263.5  22.0 4.34E-06 001.2 314.1  72.4 0.058308 0.059328 0.038070 hargrave 2021-05-12 10:16:19 
TT 620 196.4  44.2 263.4  21.7 4.18E-06 001.9 315.0  72.6 0.033312 0.132542 0.037626 hargrave 2021-05-13 13:09:51 
TT 630 199.4  42.0 260.7  19.9 4.01E-06 002.2 324.6  71.6 0.040319 0.149367 0.037627 hargrave 2021-05-14 12:37:54 
TT 640 200.2  39.0 257.5  19.6 3.99E-06 001.6 329.8  69.1 0.050684 0.097607 0.026593 hargrave 2021-05-15 10:48:00 
TT 650 199.8  37.2 255.7  20.1 3.95E-06 000.8 330.5  67.4 0.041885 0.037162 0.019966 hargrave 2021-05-16 12:39:02 
TT 660 195.7  44.7 264.0  22.1 3.38E-06 001.7 312.7  72.7 0.081004 0.049766 0.037889 hargrave 2021-05-17 13:52:09 
TT 664 202.1  43.0 261.6  17.7 3.10E-06 001.9 329.5  73.4 0.020078 0.099143 0.025978 hargrave 2021-05-18 16:12:48 
TT 668 193.5  44.7 264.4  23.6 2.90E-06 001.5 308.4  71.9 0.062333 0.042993 0.023580 hargrave 2021-05-19 18:44:00 
TT 672 208.4  34.5 252.5  13.2 2.63E-06 001.2 349.3  66.2 0.022599 0.048466 0.021313 hargrave 2021-05-23 11:54:24 
TT 674 196.9  47.6 267.0  20.7 2.22E-06 001.9 308.9  75.6 0.015322 0.072520 0.019048 hargrave 2021-05-24 14:08:44 
TT 676 187.5  50.4 271.6  26.0 1.34E-06 003.1 285.4  73.1 0.039967 0.056223 0.022740 hargrave 2021-05-25 13:57:56 
