PF18- 76a sun compass orientation
 116.51 303.1  30.0 218.9  81.9  12.0
NRM    220.6  52.9 271.6  05.4 8.76E-05 000.9 033.3  81.8 1.428834 0.634930 0.123245 hargrave 2021-04-08 14:06:27 
TT  50 220.9  53.0 271.7  05.3 8.73E-05 000.5 034.7  81.8 0.812887 0.441244 0.140136 hargrave 2021-04-09 13:27:52 
TT 100 219.9  51.6 270.2  05.7 8.46E-05 000.7 027.2  80.8 1.179079 0.350539 0.180278 hargrave 2021-04-10 13:55:32 
TT 150 217.7  42.6 261.1  06.4 7.46E-05 000.8 011.2  72.4 0.926225 0.724570 0.297838 hargrave 2021-04-11 12:30:38 
TT 200 216.9  40.4 258.9  06.8 7.30E-05 000.9 008.6  70.3 0.892074 0.954739 0.263899 hargrave 2021-04-13 15:33:56 
TT 250 217.0  39.0 257.5  06.5 7.08E-05 000.9 008.5  68.9 0.808870 1.017537 0.242909 hargrave 2021-04-18 14:25:42 
TT 300 215.9  38.4 256.8  07.4 6.39E-05 001.4 005.9  68.3 1.275801 1.390365 0.302200 hargrave 2021-04-19 14:34:47 
TT 325 215.0  38.0 256.3  08.0 5.68E-05 002.5 004.0  67.9 0.923932 2.772761 0.295339 hargrave 2021-04-20 13:02:30 
TT 350 215.6  37.5 255.8  07.5 5.38E-05 000.5 005.2  67.4 0.325351 0.470042 0.210095 hargrave 2021-04-23 12:44:03 
TT 375 216.3  37.1 255.5  07.0 5.02E-05 000.8 006.5  67.0 0.344565 0.772112 0.238283 hargrave 2021-04-25 09:44:38 
TT 415 216.2  36.4 254.8  07.0 4.36E-05 001.1 006.2  66.3 0.474242 0.865175 0.201125 hargrave 2021-04-26 08:47:14 
TT 450 214.5  36.3 254.6  08.4 4.05E-05 000.7 002.7  66.3 0.551829 0.272104 0.189448 hargrave 2021-04-27 13:30:26 
TT 475 214.3  36.0 254.3  08.5 3.92E-05 000.4 002.3  66.0 0.219237 0.194482 0.149649 hargrave 2021-04-29 14:22:13 
TT 500 215.0  35.8 254.1  07.8 3.72E-05 000.8 003.8  65.8 0.525119 0.203340 0.235088 hargrave 2021-05-01 09:31:12 
TT 520 213.7  35.3 253.5  08.9 3.56E-05 000.8 001.1  65.3 0.345158 0.429177 0.171867 hargrave 2021-05-02 16:06:45 
TT 535 211.3  35.4 253.5  10.9 3.27E-05 001.9 356.4  65.4 0.197878 1.240668 0.193907 hargrave 2021-05-04 08:43:08 
TT 550 211.7  35.4 253.5  10.5 3.02E-05 001.0 357.3  65.4 0.581986 0.206815 0.203054 hargrave 2021-05-04 18:20:12 
TT 560 211.7  34.1 252.2  10.5 2.87E-05 001.0 357.4  64.1 0.146743 0.597881 0.110784 hargrave 2021-05-05 15:46:36 
TT 570 214.1  34.6 252.9  08.5 2.29E-05 001.2 001.9  64.6 0.338809 0.470974 0.117026 hargrave 2021-05-06 22:06:24 
TT 580 212.3  35.3 253.5  10.1 1.84E-05 000.9 358.3  65.3 0.192275 0.292145 0.077378 hargrave 2021-05-08 19:20:23 
TT 590 213.3  35.0 253.2  09.2 1.78E-05 000.9 000.3  65.0 0.069805 0.315977 0.072771 hargrave 2021-05-09 18:20:48 
TT 600 214.4  34.9 253.1  08.3 1.70E-05 000.6 002.5  64.8 0.122508 0.175119 0.087202 hargrave 2021-05-11 09:09:39 
TT 610 215.8  33.6 251.9  07.0 1.62E-05 001.2 005.1  63.5 0.066554 0.406250 0.070858 hargrave 2021-05-12 09:07:39 
TT 620 210.7  33.3 251.4  11.3 1.52E-05 000.5 355.5  63.3 0.060167 0.152977 0.083562 hargrave 2021-05-13 12:00:36 
TT 630 210.2  35.6 253.8  11.7 1.39E-05 000.5 354.4  65.6 0.098388 0.118809 0.068722 hargrave 2021-05-14 11:26:53 
TT 640 209.3  33.7 251.8  12.4 1.26E-05 001.8 353.0  63.6 0.167023 0.442745 0.066217 hargrave 2021-05-15 09:40:01 
TT 650 212.1  31.0 249.1  10.0 1.12E-05 002.0 358.2  61.0 0.074315 0.459975 0.062652 hargrave 2021-05-16 11:30:17 
TT 660 212.8  35.8 254.0  09.7 1.01E-05 000.5 359.3  65.8 0.075196 0.080151 0.045513 hargrave 2021-05-17 12:41:08 
TT 664 203.8  34.2 252.2  17.0 9.64E-06 000.4 342.6  63.4 0.043151 0.064844 0.047737 hargrave 2021-05-18 15:02:59 
TT 668 211.9  37.7 255.9  10.5 8.27E-06 000.6 357.5  67.7 0.077506 0.065130 0.044553 hargrave 2021-05-19 17:34:24 
TT 672 209.6  33.4 251.4  12.2 7.62E-06 001.7 353.5  63.3 0.056034 0.266696 0.047462 hargrave 2021-05-23 10:46:29 
TT 674 211.3  27.9 245.9  10.5 7.24E-06 000.7 356.9  57.8 0.048610 0.090993 0.038837 hargrave 2021-05-24 13:03:00 
TT 676 207.4  35.4 253.4  14.0 5.91E-06 001.3 348.9  65.1 0.031310 0.162717 0.025789 hargrave 2021-05-25 12:52:11 
TT 678 216.0  37.0 255.4  07.2 4.92E-06 001.8 006.0  67.0 0.042355 0.182772 0.034669 hargrave 2021-05-26 13:32:22 
TT 680 198.7  36.7 255.2  21.0 3.91E-06 000.8 331.9  65.0 0.053658 0.048691 0.020356 hargrave 2021-05-30 15:22:19 
TT 682 213.8  29.6 247.8  08.4 3.17E-06 001.9 001.2  59.6 0.035994 0.119844 0.042291 hargrave 2021-06-02 09:15:21 
TT 684 199.3  42.2 261.0  19.9 1.88E-06 000.9 328.3  70.3 0.015834 0.037060 0.023133 hargrave 2021-06-03 18:10:49 
TT 686 225.8  14.5 234.3 -04.6 1.59E-06 001.6 017.1  43.5 0.027500 0.037736 0.035531 hargrave 2021-06-04 16:52:50 
TT 688 166.5  64.5 291.7  27.7 5.59E-07 004.7 238.0  68.4 0.009366 0.057041 0.002373 hargrave 2021-06-05 15:07:13 
TT 690 207.8 -23.0 194.3  06.9 8.94E-07 002.1 355.1  06.8 0.023137 0.032041 0.020859 hargrave 2021-06-06 14:05:05 
TT 692 226.4 -10.4 209.5 -08.8 7.03E-07 002.2 013.9  18.8 0.028107 0.026942 0.013836 hargrave 2021-06-08 09:36:20 
TT 695 227.0 -14.2 205.8 -09.8 7.02E-07 002.6 014.0  15.0 0.017635 0.026684 0.026657 hargrave 2021-06-11 09:56:44 
