PF18- 17a sun compass orientation
 104.09 150.6  11.0 221.5  81.4   9.3
NRM    317.4  73.3 313.2 -08.0 6.28E-05 001.6 228.6  68.1 0.646472 1.336230 0.607445 hargrave 2021-04-06 18:32:06 
TT  50 318.0  72.9 313.4 -08.4 6.24E-05 003.3 229.5  67.8 3.126850 0.802245 0.761084 hargrave 2021-04-12 10:16:28 
TT 100 313.6  72.8 312.1 -08.6 5.83E-05 001.7 226.6  67.1 1.031979 0.881780 0.815923 hargrave 2021-04-13 11:30:44 
TT 150 239.0  10.9 235.4 -15.3 1.62E-05 064.4 178.5 -00.1 0.280475 9.129136 30.89382 hargrave 2021-04-14 18:52:52 
TT 150 287.9  69.2 303.2 -10.5 3.63E-05 002.9 212.1  60.7 1.413842 0.737437 0.602512 hargrave 2021-04-14 20:26:25 
TT 200 277.6  65.2 297.7 -12.1 2.81E-05 003.0 206.7  55.8 1.082040 0.690837 0.549595 hargrave 2021-04-16 12:35:31 
TT 250 270.1  61.3 292.5 -13.0 2.34E-05 002.1 202.3  51.4 0.587575 0.169207 0.504394 hargrave 2021-04-19 23:00:34 
TT 300 269.1  59.6 290.9 -13.9 2.10E-05 002.1 201.9  49.6 0.515749 0.099620 0.465470 hargrave 2021-04-21 13:01:20 
TT 325 263.9  58.4 288.1 -12.9 1.90E-05 002.1 198.1  48.1 0.493161 0.078144 0.436296 hargrave 2021-04-22 10:41:03 
TT 350 264.0  57.5 287.5 -13.5 1.68E-05 003.0 198.3  47.2 0.573241 0.422985 0.402812 hargrave 2021-04-23 08:33:49 
TT 375 261.2  56.5 285.7 -12.9 1.43E-05 002.1 196.3  46.1 0.300857 0.187218 0.338212 hargrave 2021-04-24 15:31:52 
TT 415 250.3  56.7 282.4 -07.9 1.31E-05 002.5 187.7  45.8 0.231636 0.370654 0.309343 hargrave 2021-04-25 14:21:40 
TT 450 248.4  56.4 281.7 -07.1 1.10E-05 002.3 186.2  45.5 0.282593 0.065149 0.289201 hargrave 2021-04-26 20:42:20 
TT 475 249.9  56.8 282.4 -07.6 1.03E-05 003.1 187.3  45.9 0.269396 0.365186 0.255712 hargrave 2021-04-29 10:04:59 
TT 500 248.2  56.6 281.8 -06.9 1.00E-05 002.3 186.0  45.7 0.213096 0.156153 0.262692 hargrave 2021-04-30 15:10:31 
TT 520 249.3  56.4 281.9 -07.5 9.54E-06 003.5 186.9  45.5 0.269146 0.394984 0.262776 hargrave 2021-05-01 17:22:56 
TT 535 249.1  56.8 282.2 -07.2 8.82E-06 004.5 186.7  45.9 0.226702 0.571436 0.176639 hargrave 2021-05-03 09:01:06 
TT 550 246.4  56.3 281.1 -06.1 8.69E-06 002.4 184.6  45.3 0.186100 0.161947 0.231487 hargrave 2021-05-04 12:45:23 
TT 560 243.2  56.8 280.8 -04.3 8.07E-06 004.4 182.0  45.8 0.163955 0.517065 0.195590 hargrave 2021-05-06 16:07:00 
TT 570 244.1  55.9 280.2 -05.1 7.20E-06 002.2 182.8  44.9 0.159814 0.109686 0.167012 hargrave 2021-05-07 10:49:21 
TT 580 238.5  58.4 281.4 -01.4 6.49E-06 003.3 178.4  47.4 0.173852 0.247063 0.181141 hargrave 2021-05-08 12:10:11 
TT 590 242.4  61.1 284.6 -02.3 5.76E-06 002.3 181.4  50.1 0.142534 0.071622 0.153532 hargrave 2021-05-09 13:33:02 
TT 600 228.0  57.4 279.0  03.8 5.39E-06 002.6 170.2  46.6 0.158662 0.077023 0.146361 hargrave 2021-05-10 14:19:53 
TT 610 226.5  54.7 276.3  04.2 5.21E-06 002.4 168.7  44.0 0.115633 0.114807 0.136058 hargrave 2021-05-11 16:14:30 
TT 620 220.6  59.4 280.6  07.8 4.13E-06 002.2 164.7  48.9 0.089250 0.060841 0.104175 hargrave 2021-05-12 18:35:09 
TT 630 229.1  53.8 275.6  02.5 4.36E-06 003.2 170.7  43.0 0.125541 0.160537 0.107988 hargrave 2021-05-14 15:51:58 
TT 640 232.1  51.6 273.8  00.3 4.56E-06 002.2 173.0  40.7 0.110384 0.083094 0.092881 hargrave 2021-05-15 13:37:03 
TT 650 219.1  51.8 272.8  08.2 4.34E-06 001.8 162.4  41.4 0.095306 0.067368 0.075948 hargrave 2021-05-16 16:30:49 
TT 660 230.6  53.4 275.5  01.5 4.03E-06 002.8 172.0  42.6 0.099300 0.143223 0.076365 hargrave 2021-05-17 17:09:59 
TT 664 218.1  51.9 272.9  08.9 3.94E-06 002.5 161.6  41.6 0.075852 0.096867 0.116228 hargrave 2021-05-18 20:37:27 
TT 668 224.6  59.1 280.5  05.8 3.45E-06 002.5 167.7  48.4 0.072740 0.096541 0.075973 hargrave 2021-05-20 09:25:59 
TT 672 206.8  59.4 280.9  14.9 3.23E-06 001.6 153.9  49.8 0.067982 0.046936 0.030538 hargrave 2021-05-23 14:47:10 
TT 674 226.2  55.1 276.6  04.3 3.06E-06 003.2 168.6  44.4 0.066645 0.112021 0.094035 hargrave 2021-05-24 17:07:03 
TT 676 220.8  53.2 274.4  07.3 3.14E-06 002.6 163.9  42.8 0.061083 0.071354 0.095706 hargrave 2021-05-25 16:53:21 
TT 678 218.0  63.3 284.5  09.3 2.28E-06 002.5 163.3  52.9 0.067756 0.026521 0.058926 hargrave 2021-05-26 17:32:59 
TT 680 211.1  50.9 271.9  13.2 2.29E-06 003.6 155.7  41.1 0.019003 0.110729 0.080252 hargrave 2021-05-30 11:42:32 
TT 682 198.6  65.2 287.6  17.3 1.44E-06 002.1 149.7  56.3 0.035277 0.024194 0.024769 hargrave 2021-05-31 12:51:59 
