PF18- 161a mag compass orientation (IGRF corrected)
 157.82 132.6  20.0 222.8  83.0  12.6
NRM    254.3  45.1 274.0 -16.2 1.94E-05 003.1 204.7  27.4 0.379484 1.227930 0.335758 hargrave 2021-04-09 19:56:40 
TT  50 256.1  44.5 274.1 -17.7 1.95E-05 001.0 206.3  27.1 0.274263 0.185729 0.323373 hargrave 2021-04-10 18:28:27 
TT 100 257.1  43.5 273.5 -18.8 1.93E-05 001.3 207.3  26.2 0.396248 0.222351 0.328033 hargrave 2021-04-12 14:57:02 
TT 150 253.7  43.1 271.9 -16.8 1.88E-05 003.3 204.6  25.3 0.380395 1.251205 0.329639 hargrave 2021-04-14 15:55:44 
TT 200 257.0  42.4 272.5 -19.3 1.87E-05 001.3 207.4  25.1 0.377865 0.240064 0.281357 hargrave 2021-04-15 13:53:23 
TT 250 254.3  41.0 270.2 -18.1 1.72E-05 001.0 205.6  23.4 0.209443 0.092913 0.323116 hargrave 2021-04-16 18:35:08 
TT 300 253.0  40.8 269.6 -17.3 1.65E-05 001.4 204.6  23.0 0.073063 0.340508 0.347872 hargrave 2021-04-18 21:45:08 
TT 325 249.7  40.9 268.5 -15.1 1.63E-05 001.1 201.9  22.6 0.072025 0.250158 0.308420 hargrave 2021-04-21 18:23:59 
TT 350 251.2  40.7 268.8 -16.2 1.58E-05 007.8 203.2  22.6 0.967987 2.521606 0.293644 hargrave 2021-04-22 15:57:33 
TT 375 252.6  39.7 268.3 -17.5 1.46E-05 004.0 204.5  21.8 0.432042 1.196127 0.261234 hargrave 2021-04-23 17:12:48 
TT 415 247.0  39.7 266.6 -13.6 1.33E-05 001.2 199.9  21.1 0.190980 0.187803 0.241891 hargrave 2021-04-25 20:14:16 
TT 450 247.8  39.1 266.2 -14.4 1.27E-05 002.1 200.7  20.6 0.062379 0.525725 0.246602 hargrave 2021-04-28 09:46:20 
TT 475 247.3  38.9 265.9 -14.1 1.20E-05 001.2 200.3  20.4 0.163975 0.155552 0.223204 hargrave 2021-04-30 11:53:59 
TT 500 244.8  39.4 265.7 -12.1 1.17E-05 001.9 198.2  20.6 0.119683 0.447739 0.162756 hargrave 2021-05-01 13:59:30 
TT 520 224.0  20.1 242.9  01.3 1.01E-05 027.1 181.3  00.1 0.091203 3.788069 5.272030 hargrave 2021-05-02 12:50:41 
TT 520 246.8  38.5 265.4 -13.9 1.12E-05 003.2 200.0  20.0 0.196997 0.727031 0.197938 hargrave 2021-05-02 13:00:02 
TT 535 243.0  38.1 264.0 -11.2 1.04E-05 001.4 196.9  19.2 0.132026 0.196733 0.213147 hargrave 2021-05-03 13:50:13 
TT 550 244.8  37.8 264.2 -12.6 9.93E-06 002.3 198.4  19.0 0.141902 0.447569 0.158239 hargrave 2021-05-05 12:37:52 
TT 560 249.4  36.9 264.6 -16.4 9.59E-06 001.3 202.4  18.7 0.029237 0.210425 0.183435 hargrave 2021-05-06 09:39:55 
TT 570 244.9  37.3 263.7 -12.9 9.34E-06 001.2 198.6  18.5 0.121733 0.156350 0.163148 hargrave 2021-05-07 15:34:20 
TT 580 243.0  36.5 262.4 -11.7 8.78E-06 001.3 197.0  17.6 0.046178 0.187690 0.161534 hargrave 2021-05-09 10:19:03 
TT 590 243.5  36.7 262.7 -12.0 8.46E-06 002.2 197.5  17.8 0.065795 0.368568 0.151570 hargrave 2021-05-10 11:09:56 
TT 600 243.7  36.6 262.7 -12.3 8.05E-06 001.4 197.7  17.7 0.111710 0.170262 0.148530 hargrave 2021-05-11 13:36:49 
TT 610 241.9  35.9 261.6 -11.0 7.62E-06 002.3 196.3  16.9 0.042359 0.365334 0.134047 hargrave 2021-05-12 14:33:50 
TT 620 239.3  35.6 260.7 -09.1 7.24E-06 001.0 194.1  16.3 0.064991 0.085854 0.127792 hargrave 2021-05-13 18:26:46 
TT 630 242.5  34.8 260.6 -11.8 6.87E-06 001.7 196.9  15.8 0.117818 0.162595 0.168043 hargrave 2021-05-15 18:20:41 
TT 640 241.6  34.7 260.3 -11.2 6.48E-06 001.6 196.2  15.6 0.054321 0.172959 0.135754 hargrave 2021-05-17 09:49:33 
TT 650 234.8  34.6 258.7 -05.8 6.36E-06 003.5 190.4  14.9 0.062480 0.461022 0.149691 hargrave 2021-05-18 12:01:32 
TT 660 238.8  34.2 259.2 -09.1 5.86E-06 002.9 193.8  14.9 0.090233 0.339666 0.141054 hargrave 2021-05-19 11:34:42 
TT 664 240.9  33.1 258.6 -11.1 5.66E-06 001.2 195.8  14.0 0.250999 0.082967 0.108766 hargrave 2021-05-20 19:24:57 
TT 668 235.4  32.7 257.0 -06.7 5.10E-06 003.6 191.1  13.1 0.065518 0.382823 0.110244 hargrave 2021-05-22 10:15:32 
TT 672 238.9  32.8 257.9 -09.5 4.53E-06 001.4 194.0  13.5 0.027407 0.081954 0.111318 hargrave 2021-05-24 10:13:57 
TT 674 240.8  32.1 257.6 -11.2 4.08E-06 002.8 195.7  13.0 0.071606 0.230109 0.085416 hargrave 2021-05-25 09:47:55 
TT 676 236.3  32.9 257.4 -07.4 3.60E-06 005.6 191.8  13.3 0.093569 0.429876 0.073592 hargrave 2021-05-26 09:49:38 
