PF18- 111a mag compass orientation (IGRF corrected)
  130.5 295.6  29.0 218.9  81.9   9.7
NRM    223.3  63.7 282.6  05.3 3.82E-05 000.7 116.0  81.4 0.444195 0.136266 0.084957 hargrave 2021-04-08 15:12:55 
TT  50 223.1  63.7 282.5  05.4 3.78E-05 001.1 115.8  81.5 0.681719 0.126461 0.055954 hargrave 2021-04-09 14:34:11 
TT 100 223.9  62.1 281.0  04.8 3.54E-05 000.7 105.2  81.2 0.389690 0.091740 0.059696 hargrave 2021-04-10 15:02:25 
TT 150 224.0  57.0 275.9  04.0 3.06E-05 000.6 075.0  79.8 0.303376 0.122428 0.044703 hargrave 2021-04-11 13:35:48 
TT 200 225.3  56.3 275.4  03.2 2.92E-05 000.6 073.9  78.8 0.209002 0.170500 0.057455 hargrave 2021-04-13 16:31:30 
TT 250 223.5  54.8 273.8  04.0 2.66E-05 001.2 065.0  78.7 0.499795 0.163754 0.059968 hargrave 2021-04-18 15:21:46 
TT 300 222.3  53.2 272.0  04.5 2.29E-05 001.0 056.4  78.1 0.359900 0.109383 0.060352 hargrave 2021-04-19 15:44:40 
TT 325 222.7  53.3 272.1  04.2 2.03E-05 001.1 057.6  78.0 0.360114 0.059703 0.046034 hargrave 2021-04-20 14:11:44 
TT 350 221.2  52.1 270.9  05.0 1.86E-05 001.2 050.7  77.7 0.338357 0.136295 0.046180 hargrave 2021-04-23 13:48:41 
TT 375 207.7 -29.4 188.1  05.7 2.59E-06 079.9 001.8 -00.4 0.127786 2.838505 17.50873 hargrave 2021-04-25 10:52:30 
TT 375 221.9  51.7 270.5  04.5 1.73E-05 001.2 051.3  77.1 0.285429 0.223846 0.027939 hargrave 2021-04-25 11:35:41 
TT 415 218.2  50.8 269.4  06.7 1.54E-05 000.7 040.1  77.6 0.170913 0.070792 0.035008 hargrave 2021-04-26 09:55:25 
TT 450 217.2  51.1 269.7  07.4 1.41E-05 001.5 038.2  78.3 0.339951 0.122510 0.025263 hargrave 2021-04-27 14:39:00 
TT 475 216.5  51.2 269.7  07.8 1.32E-05 001.3 036.5  78.4 0.175109 0.219595 0.023726 hargrave 2021-04-29 15:28:10 
TT 500 216.8  50.3 268.8  07.5 1.22E-05 001.2 035.4  77.6 0.211178 0.136805 0.025878 hargrave 2021-05-01 10:36:46 
TT 520 215.4  51.2 269.6  08.5 1.12E-05 000.9 033.3  78.8 0.149216 0.089716 0.033252 hargrave 2021-05-02 17:04:08 
TT 535 211.5  49.3 267.7  10.9 9.81E-06 001.9 018.6  77.8 0.149755 0.283025 0.035088 hargrave 2021-05-04 09:48:03 
TT 550 211.7  49.2 267.6  10.8 8.15E-06 000.9 019.2  77.7 0.120581 0.048013 0.014249 hargrave 2021-05-04 19:25:38 
TT 560 204.3  48.0 266.6  15.8 6.79E-06 000.9 356.2  77.0 0.051362 0.094451 0.012531 hargrave 2021-05-05 16:55:54 
TT 570 208.2  43.8 262.1  13.3 5.25E-06 001.2 006.4  72.7 0.079247 0.080500 0.037901 hargrave 2021-05-06 23:09:54 
TT 580 205.5  46.7 265.2  15.1 4.54E-06 001.1 359.7  75.7 0.049164 0.066638 0.015646 hargrave 2021-05-08 20:28:57 
TT 590 203.5  51.1 269.9  16.0 4.32E-06 000.5 352.3  80.0 0.025189 0.027809 0.021142 hargrave 2021-05-09 19:29:02 
TT 600 209.6  46.4 264.7  12.3 3.86E-06 000.8 010.8  75.2 0.026879 0.043447 0.020607 hargrave 2021-05-11 10:16:10 
TT 610 206.5  50.1 268.7  14.1 3.48E-06 000.8 003.1  79.1 0.038234 0.029752 0.027155 hargrave 2021-05-12 10:12:47 
TT 620 192.6  53.3 273.6  22.0 3.18E-06 000.8 311.7  79.6 0.024666 0.029228 0.030463 hargrave 2021-05-13 13:06:19 
TT 630 208.9  45.2 263.5  12.8 3.22E-06 000.9 008.6  74.1 0.045331 0.031867 0.039827 hargrave 2021-05-14 12:34:22 
TT 640 183.7  38.2 259.4  32.4 3.06E-06 001.2 319.0  63.4 0.039493 0.048415 0.032899 hargrave 2021-05-15 10:44:24 
TT 650 184.5  55.4 277.6  25.7 2.74E-06 001.1 287.3  77.6 0.015906 0.046065 0.023804 hargrave 2021-05-16 12:35:27 
TT 660 187.7  30.0 249.1  31.0 2.85E-06 001.2 331.0  56.8 0.031337 0.048410 0.019647 hargrave 2021-05-17 13:48:35 
TT 664 187.9  58.3 279.7  22.8 2.59E-06 001.3 278.9  80.7 0.013812 0.050634 0.025556 hargrave 2021-05-18 16:09:09 
TT 668 205.0  26.2 243.9  16.0 2.86E-06 002.9 359.1  55.2 0.035625 0.140167 0.031479 hargrave 2021-05-19 18:40:28 
TT 672 211.7  51.9 270.3  10.8 2.08E-06 001.2 023.0  80.3 0.027876 0.037007 0.036991 hargrave 2021-05-23 11:50:48 
TT 674 176.8  49.1 273.6  32.7 1.79E-06 002.1 293.3  69.9 0.053473 0.029964 0.018618 hargrave 2021-05-24 14:05:10 
TT 676 201.4  53.9 273.0  16.8 1.69E-06 001.9 340.6  82.6 0.021104 0.048837 0.030761 hargrave 2021-05-25 13:54:22 
TT 678 207.0  20.0 237.6  13.8 1.68E-06 001.4 002.1  49.0 0.027089 0.035347 0.018958 hargrave 2021-05-26 14:35:48 
TT 680 185.9  24.7 243.2  33.3 1.33E-06 002.0 330.7  51.3 0.018006 0.041280 0.010151 hargrave 2021-05-30 16:25:16 
