PF18- 29a sun compass orientation
 102.67 132.8  19.0 221.5  81.4   4.9
NRM    293.4  71.0 305.6 -09.5 6.88E-05 002.1 216.8  59.2 0.797865 0.971325 0.166859 hargrave 2021-04-06 18:47:54 
TT  50 292.9  70.5 305.3 -09.9 3.39E-05 063.1 217.1  58.7 7.361720 5.571856 15.17265 hargrave 2021-04-12 10:36:48 
TT  50 292.4  71.0 305.3 -09.4 6.80E-05 000.7 216.3  59.0 0.146673 0.310503 0.225942 hargrave 2021-04-12 12:02:12 
TT 100 265.5  70.5 297.6 -05.1 5.46E-05 001.6 202.8  54.2 0.303726 0.679237 0.254421 hargrave 2021-04-13 11:50:20 
TT 150 265.7  60.8 290.6 -11.9 4.09E-05 001.9 208.1  45.2 0.317861 0.563505 0.143919 hargrave 2021-04-14 19:09:44 
TT 200 259.6  58.1 286.4 -11.3 3.64E-05 003.2 205.1  41.6 0.476799 0.873115 0.184291 hargrave 2021-04-16 12:57:55 
TT 250 250.4  57.2 282.9 -07.6 3.15E-05 004.1 199.0  39.7 0.417484 1.031916 0.141256 hargrave 2021-04-19 23:16:49 
TT 300 248.9  56.9 282.3 -07.1 2.53E-05 001.5 198.1  39.2 0.123455 0.289428 0.115515 hargrave 2021-04-21 13:22:31 
TT 325 247.1  56.3 281.2 -06.5 2.19E-05 003.1 196.9  38.4 0.185891 0.539056 0.099309 hargrave 2021-04-22 11:02:19 
TT 350 238.9  56.7 279.9 -02.2 2.00E-05 000.6 191.2  38.2 0.044693 0.045600 0.099298 hargrave 2021-04-23 08:55:03 
TT 375 239.7  56.1 279.4 -02.8 1.82E-05 002.2 191.8  37.6 0.111174 0.322917 0.086346 hargrave 2021-04-24 15:53:59 
TT 415 249.3  55.3 280.9 -08.0 1.62E-05 001.3 198.7  37.7 0.059327 0.162404 0.068996 hargrave 2021-04-25 15:03:33 
TT 450 246.7  55.6 280.6 -06.6 1.44E-05 001.0 196.8  37.8 0.074518 0.073495 0.088474 hargrave 2021-04-26 21:32:27 
TT 475 241.5  55.2 279.0 -04.0 1.31E-05 001.2 193.2  36.9 0.067952 0.095831 0.076636 hargrave 2021-04-29 10:26:08 
TT 500 246.4  54.0 279.0 -07.1 6.12E-06 035.7 197.0  36.1 2.478698 0.756852 1.886674 hargrave 2021-04-30 15:31:28 
TT 500 242.1  54.9 278.8 -04.4 1.23E-05 002.9 193.7  36.6 0.065556 0.294623 0.070101 hargrave 2021-04-30 16:44:43 
TT 520 236.3  55.1 277.9 -01.2 1.08E-05 001.4 189.6  36.5 0.036886 0.110428 0.084892 hargrave 2021-05-01 17:44:17 
TT 535 239.6  54.5 277.9 -03.3 9.75E-06 002.7 192.0  36.0 0.080332 0.208155 0.041470 hargrave 2021-05-03 09:22:18 
TT 550 239.0  55.8 279.0 -02.5 9.02E-06 001.6 191.4  37.3 0.051277 0.104880 0.065950 hargrave 2021-05-04 13:05:39 
TT 560 235.5  57.0 279.6 -00.3 8.16E-06 000.9 188.8  38.4 0.044183 0.047587 0.036673 hargrave 2021-05-06 16:28:54 
TT 570 238.9  54.6 277.9 -02.8 7.74E-06 001.8 191.5  36.1 0.047914 0.114982 0.023664 hargrave 2021-05-07 11:09:54 
TT 580 231.1  57.2 279.2  02.1 6.87E-06 001.0 185.7  38.3 0.038907 0.035140 0.041902 hargrave 2021-05-08 12:32:53 
TT 590 237.8  55.5 278.5 -01.9 6.72E-06 001.1 190.6  36.9 0.036645 0.052031 0.034370 hargrave 2021-05-09 13:56:45 
TT 600 234.8  54.3 276.8 -00.6 5.95E-06 002.0 188.6  35.5 0.016957 0.098557 0.026949 hargrave 2021-05-10 14:40:43 
TT 610 230.4  55.0 276.9  02.0 5.99E-06 001.4 185.4  36.1 0.023329 0.060067 0.027800 hargrave 2021-05-11 16:36:37 
TT 620 236.8  55.6 278.5 -01.4 5.48E-06 001.3 189.9  37.0 0.026819 0.055876 0.020368 hargrave 2021-05-12 18:56:54 
TT 630 235.6  54.0 276.7 -01.2 2.71E-06 028.2 189.2  35.3 1.142085 0.191100 0.814647 hargrave 2021-05-14 16:14:44 
TT 630 232.1  54.5 276.7  00.9 5.44E-06 001.4 186.7  35.6 0.014274 0.060358 0.025901 hargrave 2021-05-14 17:26:49 
TT 640 231.9  54.3 276.5  01.0 5.38E-06 002.7 186.5  35.5 0.012742 0.120181 0.027478 hargrave 2021-05-15 13:57:46 
TT 650 233.0  52.0 274.4 -00.2 4.94E-06 003.1 187.5  33.2 0.033196 0.126100 0.026050 hargrave 2021-05-16 16:50:42 
TT 660 220.2  49.8 270.9  07.4 3.74E-06 003.0 178.0  30.9 0.032398 0.090309 0.020869 hargrave 2021-05-17 17:31:14 
TT 664 233.2  51.8 274.3 -00.4 3.21E-06 001.5 187.6  33.1 0.027721 0.033018 0.018718 hargrave 2021-05-18 20:58:31 
TT 668 232.3  50.7 273.0 -00.1 2.15E-06 001.8 187.1  31.9 0.017248 0.029957 0.011040 hargrave 2021-05-20 09:47:08 
TT 672 223.8  48.4 269.7  04.9 1.36E-06 001.3 180.7  29.4 0.010197 0.011347 0.007482 hargrave 2021-05-23 15:07:48 
TT 674 240.3  59.5 282.7 -01.9 9.22E-07 002.5 191.7  41.0 0.007351 0.018612 0.005802 hargrave 2021-05-24 17:27:38 
TT 676 225.4  65.7 287.1  06.2 4.19E-07 002.6 181.6  46.7 0.003181 0.008909 0.002402 hargrave 2021-05-25 17:15:36 
TT 678 220.2  33.1 254.2  05.8 4.44E-07 002.8 177.7  14.2 0.004024 0.009906 0.003414 hargrave 2021-05-26 17:54:03 
TT 680 289.2 -61.1 144.4 -35.0 3.62E-08 011.6 282.9 -62.9 0.001721 0.002996 0.001425 hargrave 2021-05-30 12:03:12 
TT 682 185.1 -01.3 213.6  35.7 1.94E-07 003.4 140.4 -16.2 0.002718 0.004294 0.003950 hargrave 2021-05-31 13:11:29 
