PF18- 116a mag compass orientation (IGRF corrected)
 132.59 304.6  28.0 218.9  81.9  13.3
NRM    304.3  76.2 307.8 -05.6 7.76E-05 001.0 152.3  59.1 0.789068 1.335830 0.809751 hargrave 2021-04-08 15:21:50 
TT  50 304.5  76.4 307.9 -05.5 7.64E-05 001.3 152.7  59.1 0.297844 2.195825 0.855133 hargrave 2021-04-09 14:43:05 
TT 100 295.1  75.3 305.4 -06.2 6.59E-05 002.4 149.0  60.9 2.902624 2.186464 0.837255 hargrave 2021-04-10 15:11:20 
TT 150 269.5  66.7 294.2 -09.9 4.25E-05 001.0 125.6  66.6 0.624850 0.645424 0.355174 hargrave 2021-04-11 13:44:42 
TT 200 263.6  61.6 288.7 -12.0 3.47E-05 001.5 110.9  67.4 1.160740 0.344782 0.272980 hargrave 2021-04-13 16:39:50 
TT 250 261.2  60.0 286.7 -12.1 2.72E-05 001.2 105.9  67.8 0.274151 0.661516 0.195199 hargrave 2021-04-18 15:29:18 
TT 300 258.7  56.7 283.2 -13.3 2.21E-05 000.9 096.5  67.4 0.116771 0.454819 0.144392 hargrave 2021-04-19 15:53:33 
TT 325 255.5  55.3 281.0 -12.7 1.85E-05 002.2 091.0  68.1 0.887304 0.359102 0.123504 hargrave 2021-04-20 14:20:37 
TT 350 252.7  53.6 278.6 -12.3 1.60E-05 001.6 084.6  68.4 0.550372 0.235393 0.098035 hargrave 2021-04-23 13:57:37 
TT 375 254.2  54.5 279.9 -12.5 1.43E-05 000.8 088.1  68.3 0.110911 0.248649 0.072073 hargrave 2021-04-25 11:01:25 
TT 415 254.3  53.3 278.9 -13.3 1.27E-05 001.2 085.6  67.5 0.268416 0.224306 0.114065 hargrave 2021-04-26 11:15:57 
TT 450 254.8  53.1 278.8 -13.6 1.07E-05 001.0 085.6  67.1 0.122065 0.211701 0.071013 hargrave 2021-04-27 14:47:54 
TT 475 251.9  52.7 277.5 -12.4 9.61E-06 000.9 081.9  68.2 0.108805 0.150867 0.073712 hargrave 2021-04-29 15:37:03 
TT 500 250.5  53.3 277.6 -11.3 8.36E-06 001.0 081.8  69.3 0.121827 0.155472 0.042613 hargrave 2021-05-01 10:45:46 
TT 520 245.4  51.4 274.4 -09.5 7.48E-06 001.7 071.5  70.3 0.289394 0.077045 0.050617 hargrave 2021-05-02 17:12:20 
TT 535 245.7  51.5 274.6 -09.7 6.87E-06 000.9 072.2  70.3 0.118865 0.071095 0.039028 hargrave 2021-05-04 09:56:58 
TT 550 246.3  51.1 274.5 -10.2 6.08E-06 001.0 072.3  69.7 0.092199 0.108189 0.032035 hargrave 2021-05-04 19:35:22 
TT 560 252.9  51.3 276.6 -13.7 4.42E-06 001.4 080.2  66.8 0.075442 0.113968 0.033978 hargrave 2021-05-05 17:04:47 
TT 570 245.3  49.8 272.9 -10.1 3.82E-06 001.2 068.2  69.2 0.049475 0.091390 0.028150 hargrave 2021-05-06 23:18:46 
TT 580 246.7  56.3 279.2 -08.0 3.18E-06 001.5 085.3  72.8 0.066639 0.091614 0.019622 hargrave 2021-05-08 20:37:52 
TT 590 248.6  52.6 276.4 -10.7 2.89E-06 001.4 078.1  69.7 0.072307 0.067653 0.007795 hargrave 2021-05-09 19:37:57 
TT 600 225.7  50.5 269.7  02.0 2.49E-06 001.1 033.0  77.0 0.032096 0.055397 0.007454 hargrave 2021-05-11 10:25:02 
TT 610 243.7  42.8 266.0 -12.0 2.17E-06 001.3 055.3  64.3 0.061686 0.028174 0.014071 hargrave 2021-05-12 10:21:40 
TT 620 209.2  56.5 275.1  12.1 1.83E-06 001.7 331.1  83.9 0.036316 0.058949 0.020593 hargrave 2021-05-13 13:15:12 
TT 630 239.7  49.9 271.6 -06.8 1.91E-06 001.0 060.3  71.7 0.037006 0.031707 0.014649 hargrave 2021-05-14 12:43:15 
TT 640 240.1  55.6 277.0 -05.0 1.72E-06 001.5 075.5  75.4 0.017049 0.056791 0.012742 hargrave 2021-05-15 10:53:26 
TT 650 243.3  46.6 269.4 -10.3 1.40E-06 001.3 060.0  67.6 0.030145 0.029448 0.009651 hargrave 2021-05-16 12:45:19 
TT 660 223.9  41.7 260.8  01.7 1.61E-06 000.8 019.6  68.9 0.015517 0.022554 0.014584 hargrave 2021-05-17 13:57:34 
TT 664 244.7  52.2 275.0 -08.8 1.36E-06 001.5 072.5  71.2 0.018728 0.046463 0.013214 hargrave 2021-05-18 16:18:15 
TT 668 190.9  44.1 264.3  25.6 1.08E-06 002.1 311.3  67.4 0.047581 0.014524 0.017021 hargrave 2021-05-19 18:49:22 
TT 672 231.7  46.9 267.1 -02.7 7.05E-07 000.9 040.6  72.1 0.008746 0.012576 0.009962 hargrave 2021-05-23 11:59:49 
TT 674 175.4  23.0 242.9  43.0 7.21E-07 003.9 307.6  42.8 0.064037 0.016075 0.013670 hargrave 2021-05-24 14:14:11 
TT 676 226.1  27.0 246.7 -02.7 6.40E-07 001.4 017.6  54.2 0.009336 0.018047 0.009268 hargrave 2021-05-25 14:04:09 
TT 678 285.5  55.4 294.6 -23.5 4.70E-07 004.8 112.5  54.5 0.027488 0.047785 0.005109 hargrave 2021-05-26 14:44:42 
TT 680 331.1  40.5 330.1 -37.3 2.76E-07 006.2 131.6  24.5 0.011298 0.044356 0.006161 hargrave 2021-05-30 16:34:15 
