PF18- 38a sun compass orientation
 101.17 128.0  26.0 221.5  81.4  11.5
NRM    338.0  68.5 321.1 -10.7 1.15E-04 000.7 232.5  66.4 1.050505 1.159877 0.732960 hargrave 2021-04-06 19:01:58 
TT  50 337.3  68.7 320.8 -10.6 1.14E-04 001.2 231.9  66.2 1.327783 2.302375 0.851435 hargrave 2021-04-12 10:53:44 
TT 100 336.5  68.8 320.5 -10.6 1.10E-04 000.9 231.4  66.0 0.715120 1.638664 0.904261 hargrave 2021-04-13 12:06:28 
TT 150 332.3  69.2 318.9 -10.9 9.87E-05 001.0 229.3  64.7 1.772331 0.494189 0.708874 hargrave 2021-04-14 19:23:53 
TT 200 306.4  66.9 309.4 -14.4 5.46E-05 001.1 223.5  55.3 0.613942 0.978869 0.551188 hargrave 2021-04-16 13:10:58 
TT 250 295.3  63.3 304.0 -17.0 4.26E-05 000.9 222.4  49.4 0.632036 0.222788 0.455566 hargrave 2021-04-19 23:30:44 
TT 300 292.7  60.8 301.9 -19.0 3.72E-05 002.7 223.3  46.8 1.497619 1.285343 0.430316 hargrave 2021-04-21 13:40:15 
TT 325 290.7  59.5 300.4 -19.9 3.34E-05 002.0 223.3  45.1 0.733071 1.038076 0.384228 hargrave 2021-04-22 11:19:24 
TT 350 282.1  61.2 297.2 -16.5 2.93E-05 001.1 217.1  44.0 0.472596 0.285473 0.387426 hargrave 2021-04-23 09:11:12 
TT 375 280.8  58.8 295.4 -18.2 2.05E-05 001.7 218.1  41.7 0.499848 0.445029 0.243359 hargrave 2021-04-24 16:12:39 
TT 415 279.9  56.5 293.6 -19.9 1.78E-05 001.9 219.1  39.5 0.459399 0.504069 0.212666 hargrave 2021-04-25 15:17:10 
TT 450 276.6  58.1 293.0 -17.6 1.39E-05 003.1 216.1  39.9 0.519805 0.672955 0.192796 hargrave 2021-04-27 08:12:26 
TT 475 274.9  59.0 292.9 -16.3 1.32E-05 001.7 214.5  40.3 0.308631 0.272783 0.194375 hargrave 2021-04-29 10:42:13 
TT 500 274.6  58.6 292.5 -16.5 1.23E-05 001.2 214.5  39.9 0.160343 0.228244 0.150613 hargrave 2021-04-30 15:47:31 
TT 520 274.1  58.5 292.2 -16.4 1.13E-05 002.1 214.3  39.7 0.293067 0.337860 0.166515 hargrave 2021-05-01 17:59:30 
TT 535 265.3  58.5 288.7 -13.3 1.04E-05 001.1 209.0  37.7 0.087585 0.193484 0.102098 hargrave 2021-05-03 09:39:14 
TT 550 270.8  61.2 292.7 -13.3 1.01E-05 002.7 210.7  41.3 0.251630 0.461011 0.162042 hargrave 2021-05-04 13:22:29 
TT 560 263.6  62.0 290.8 -10.4 9.05E-06 001.5 206.2  40.5 0.078382 0.244940 0.114789 hargrave 2021-05-06 16:45:45 
TT 570 270.1  62.1 293.0 -12.4 8.29E-06 001.0 209.7  41.9 0.098769 0.116526 0.086934 hargrave 2021-05-07 11:26:58 
TT 580 268.2  63.5 293.4 -10.8 7.59E-06 001.2 207.8  42.8 0.065849 0.133461 0.118110 hargrave 2021-05-08 12:51:20 
TT 590 265.6  62.2 291.6 -10.8 6.86E-06 001.5 207.1  41.1 0.088841 0.177438 0.088781 hargrave 2021-05-09 14:13:46 
TT 600 261.8  63.1 291.0 -09.0 5.86E-06 000.9 204.6  41.2 0.046378 0.061662 0.091647 hargrave 2021-05-10 14:58:52 
TT 610 248.7  62.6 287.3 -04.3 5.32E-06 002.3 197.5  38.6 0.104019 0.213101 0.087143 hargrave 2021-05-11 16:54:24 
TT 620 247.8  57.6 282.6 -06.2 4.83E-06 001.0 198.7  33.7 0.032728 0.061501 0.077597 hargrave 2021-05-12 19:12:46 
TT 630 233.6  61.5 283.6  01.8 4.48E-06 004.3 189.1  36.0 0.091373 0.374334 0.069989 hargrave 2021-05-14 16:31:38 
TT 640 242.1  58.3 282.0 -03.2 4.11E-06 001.0 195.0  33.7 0.037565 0.072622 0.031917 hargrave 2021-05-15 14:14:57 
TT 650 223.8  65.4 286.8  06.9 3.78E-06 000.9 183.1  39.5 0.035555 0.061679 0.023105 hargrave 2021-05-16 17:07:08 
TT 660 232.7  69.2 291.1  04.1 3.29E-06 000.8 187.1  43.6 0.037308 0.036508 0.020117 hargrave 2021-05-17 17:47:30 
TT 664 228.3  62.5 284.1  04.5 3.88E-06 002.2 185.9  36.7 0.031609 0.164053 0.065522 hargrave 2021-05-18 21:15:19 
TT 668 236.2  61.4 283.9  00.6 3.53E-06 004.2 190.7  36.1 0.069117 0.291341 0.045045 hargrave 2021-05-20 10:04:00 
TT 672 231.4  60.6 282.6  02.7 3.62E-06 001.1 188.0  35.0 0.027569 0.070270 0.036897 hargrave 2021-05-23 15:24:07 
TT 674 245.6  67.1 290.6 -01.1 3.06E-06 024.5 194.2  42.5 1.994837 1.049843 0.048944 hargrave 2021-05-24 17:44:45 
TT 674 224.8  71.1 292.4  07.1 2.91E-06 002.4 183.1  45.1 0.021816 0.129720 0.053317 hargrave 2021-05-24 19:13:24 
TT 676 220.3  66.0 287.3  08.4 2.68E-06 003.3 181.2  40.0 0.014554 0.174141 0.029963 hargrave 2021-05-25 17:34:24 
