PF18- 106a mag compass orientation (IGRF corrected)
 129.39 343.6  22.0 218.9  81.9  14.1
NRM    326.2  71.2 314.5 -09.9 6.85E-05 000.7 130.7  66.0 0.304439 1.000854 0.416722 hargrave 2021-04-08 15:02:30 
TT  50 329.0  73.0 314.7 -07.9 6.78E-05 000.6 135.6  66.1 0.863672 0.382414 0.296895 hargrave 2021-04-09 14:23:51 
TT 100 323.3  71.6 313.5 -09.7 6.21E-05 000.7 130.6  67.0 0.418651 0.917034 0.297290 hargrave 2021-04-10 14:51:17 
TT 150 297.6  69.5 304.9 -12.0 3.63E-05 001.4 115.6  74.3 0.928652 0.821268 0.132441 hargrave 2021-04-11 13:25:28 
TT 200 286.3  65.9 299.6 -14.2 2.91E-05 000.4 096.0  77.2 0.129704 0.268686 0.107569 hargrave 2021-04-13 16:22:09 
TT 250 278.4  63.0 295.1 -15.2 2.33E-05 000.4 075.6  78.7 0.101394 0.184089 0.088035 hargrave 2021-04-18 15:12:14 
TT 300 270.7  60.3 290.4 -15.2 1.80E-05 000.5 052.1  79.4 0.125612 0.150320 0.071130 hargrave 2021-04-19 15:34:21 
TT 325 267.5  58.3 287.8 -15.6 1.48E-05 000.7 039.3  78.6 0.138232 0.211446 0.050688 hargrave 2021-04-20 14:01:24 
TT 350 266.1  57.2 286.4 -16.0 1.35E-05 000.4 033.9  77.8 0.079943 0.108865 0.052253 hargrave 2021-04-23 13:38:18 
TT 375 264.5  57.1 285.7 -15.4 1.21E-05 000.9 029.6  78.0 0.094629 0.246374 0.041149 hargrave 2021-04-25 10:41:16 
TT 415 262.3  56.8 284.6 -14.7 9.67E-06 000.9 023.8  78.1 0.127129 0.167881 0.024036 hargrave 2021-04-26 09:45:00 
TT 450 259.9  55.8 282.9 -14.4 8.25E-06 000.4 016.5  77.4 0.061998 0.063030 0.020585 hargrave 2021-04-27 14:28:56 
TT 475 258.2  56.6 283.0 -13.1 7.59E-06 000.7 012.9  78.5 0.076913 0.111283 0.019704 hargrave 2021-04-29 15:17:49 
TT 500 256.7  56.4 282.2 -12.6 6.78E-06 000.6 008.5  78.3 0.054619 0.093306 0.021345 hargrave 2021-05-01 10:26:20 
TT 520 251.2  56.4 280.5 -10.1 6.39E-06 000.7 353.3  78.4 0.079402 0.082459 0.030748 hargrave 2021-05-02 16:56:08 
TT 535 251.1  56.6 280.7 -09.9 5.70E-06 001.0 353.1  78.6 0.055602 0.135547 0.028015 hargrave 2021-05-04 09:36:56 
TT 550 250.2  56.5 280.3 -09.6 5.06E-06 000.7 350.8  78.4 0.049016 0.075644 0.017900 hargrave 2021-05-04 19:16:08 
TT 560 244.1  58.1 280.2 -05.9 4.82E-06 001.3 332.1  79.3 0.089981 0.119592 0.013768 hargrave 2021-05-05 16:44:42 
TT 570 247.8  55.9 279.2 -08.7 3.93E-06 001.2 344.6  77.7 0.031321 0.115027 0.014499 hargrave 2021-05-06 22:58:47 
TT 580 239.7  63.0 283.7 -02.0 3.03E-06 000.5 304.6  82.4 0.025218 0.031480 0.013722 hargrave 2021-05-08 20:17:47 
TT 590 239.4  54.6 275.9 -04.9 2.79E-06 000.8 326.5  75.1 0.045159 0.026686 0.015594 hargrave 2021-05-09 19:17:53 
TT 600 242.2  52.2 274.3 -07.4 2.25E-06 000.9 335.1  73.2 0.045272 0.026433 0.013244 hargrave 2021-05-11 10:05:04 
TT 610 238.4  60.4 281.1 -02.4 1.75E-06 000.7 312.0  80.0 0.021567 0.018584 0.015760 hargrave 2021-05-12 10:02:27 
TT 620 200.1  51.2 270.3  18.1 1.91E-06 001.5 276.1  59.5 0.062818 0.044992 0.008712 hargrave 2021-05-13 12:55:16 
TT 630 241.5  64.2 285.2 -02.2 1.43E-06 001.3 302.3  83.8 0.012050 0.042202 0.007851 hargrave 2021-05-14 12:24:03 
TT 640 251.3  61.2 284.7 -07.6 1.26E-06 000.7 350.7  83.1 0.012327 0.015993 0.007199 hargrave 2021-05-15 10:33:54 
TT 650 205.9  69.6 288.5  12.1 1.34E-06 002.6 242.7  73.1 0.063946 0.061485 0.021023 hargrave 2021-05-16 12:24:58 
TT 660 188.2  41.6 262.1  28.1 1.36E-06 003.4 273.4  47.1 0.112254 0.037009 0.012897 hargrave 2021-05-17 13:37:17 
TT 664 231.9  55.5 275.4 -00.6 1.24E-06 001.3 310.5  74.0 0.027636 0.024873 0.011327 hargrave 2021-05-18 15:57:51 
TT 668 202.4  35.1 253.3  18.1 1.40E-06 004.1 292.2  46.5 0.140750 0.027700 0.013228 hargrave 2021-05-19 18:29:20 
TT 672 240.2  48.4 270.3 -07.7 1.14E-06 001.3 334.3  69.3 0.028456 0.018866 0.010213 hargrave 2021-05-23 11:40:18 
TT 674 206.0  33.0 251.0  15.2 1.25E-06 002.9 297.3  45.8 0.088706 0.023557 0.010112 hargrave 2021-05-24 13:55:28 
TT 676 234.3  49.3 269.9 -03.7 8.20E-07 001.1 323.0  69.0 0.017929 0.013115 0.005932 hargrave 2021-05-25 13:43:52 
TT 678 212.3  35.2 253.4  10.0 9.13E-07 002.6 303.2  49.9 0.061497 0.016885 0.008150 hargrave 2021-05-26 14:25:27 
TT 680 183.4  41.8 263.6  31.5 9.43E-07 003.3 268.7  45.5 0.072706 0.041851 0.012931 hargrave 2021-05-30 16:15:35 
TT 682 178.4  34.5 256.7  37.6 7.76E-07 004.1 268.7  37.1 0.077800 0.016988 0.018783 hargrave 2021-06-02 10:07:43 
TT 684 323.3  63.6 315.6 -17.5 3.11E-07 004.0 114.7  62.6 0.009836 0.033431 0.005725 hargrave 2021-06-03 19:01:26 
TT 686 275.7  00.7 232.3 -55.8 1.97E-07 008.1 023.8  21.0 0.011511 0.037777 0.006408 hargrave 2021-06-04 17:43:34 
TT 688 198.3  02.7 218.7  20.7 3.63E-07 002.2 301.9  14.9 0.011781 0.034021 0.017347 hargrave 2021-06-05 15:59:10 
TT 690 330.8 -09.7 044.8 -68.3 2.67E-07 003.7 074.6 -04.3 0.032491 0.033573 0.003516 hargrave 2021-06-06 14:56:19 
TT 692 303.5 -13.2 174.2 -82.6 3.41E-07 003.5 048.2  01.3 0.020753 0.022685 0.004518 hargrave 2021-06-08 10:27:21 
