PF18- 131a mag compass orientation (IGRF corrected)
 140.25 306.6  38.0 218.9  81.9  13.3
NRM    290.5  72.5 303.4 -08.5 7.59E-05 001.4 151.1  53.4 1.389655 2.050158 0.426891 hargrave 2021-04-09 19:01:19 
TT  50 290.1  72.7 303.3 -08.3 7.54E-05 002.1 151.2  53.5 1.806802 3.141432 0.429024 hargrave 2021-04-10 17:44:18 
TT 100 287.3  72.1 302.3 -08.6 7.07E-05 000.8 150.1  54.3 0.642352 1.045624 0.367082 hargrave 2021-04-12 14:13:02 
TT 150 268.9  66.9 294.1 -09.6 4.96E-05 000.4 140.6  60.8 0.275264 0.379761 0.279750 hargrave 2021-04-14 15:00:09 
TT 200 268.1  64.7 292.3 -11.1 4.82E-05 001.6 136.0  61.2 1.508307 1.076734 0.289472 hargrave 2021-04-15 12:56:45 
TT 250 255.0  57.8 282.9 -11.1 3.44E-05 001.6 120.0  67.5 0.843340 0.912812 0.255290 hargrave 2021-04-16 17:49:48 
TT 300 252.1  52.8 277.7 -12.4 2.88E-05 000.9 106.3  68.6 0.336052 0.491336 0.183412 hargrave 2021-04-18 20:48:09 
TT 325 251.4  51.7 276.5 -12.6 2.59E-05 001.3 103.1  68.7 0.480200 0.566635 0.173391 hargrave 2021-04-21 17:03:32 
TT 350 249.3  49.8 274.1 -12.5 2.27E-05 001.6 096.9  69.4 0.701308 0.483758 0.146120 hargrave 2021-04-22 15:04:12 
TT 375 245.2  48.1 271.3 -10.8 1.77E-05 001.6 089.3  71.4 0.524654 0.383693 0.107542 hargrave 2021-04-23 16:17:15 
TT 415 244.4  45.8 269.0 -11.3 1.52E-05 001.3 082.3  70.8 0.332786 0.265129 0.123956 hargrave 2021-04-25 19:18:58 
TT 450 241.6  42.4 265.0 -10.8 6.61E-06 018.9 070.1  70.6 1.062971 2.936628 8.861153 hargrave 2021-04-28 08:38:56 
TT 450 242.4  44.3 267.0 -10.6 1.33E-05 001.3 076.1  71.3 0.325820 0.238694 0.091282 hargrave 2021-04-28 10:05:35 
TT 475 243.4  44.6 267.6 -11.1 1.20E-05 001.5 078.0  70.9 0.354795 0.209254 0.116581 hargrave 2021-04-30 10:55:13 
TT 500 242.2  44.6 267.3 -10.3 1.09E-05 002.1 076.6  71.6 0.510105 0.125250 0.050209 hargrave 2021-05-01 13:05:09 
TT 520 241.8  44.6 267.1 -10.1 9.66E-06 001.4 076.0  71.8 0.242726 0.189684 0.042303 hargrave 2021-05-02 11:55:20 
TT 535 237.1  43.0 264.4 -07.5 8.78E-06 001.7 064.9  73.6 0.288642 0.169290 0.072837 hargrave 2021-05-03 12:51:25 
TT 550 239.3  41.9 263.9 -09.4 8.27E-06 002.1 065.7  71.6 0.403909 0.064115 0.059536 hargrave 2021-05-05 11:41:38 
TT 560 237.6  40.2 261.8 -08.7 7.57E-06 001.5 058.9  71.4 0.248316 0.062398 0.049742 hargrave 2021-05-06 08:44:35 
TT 570 234.4  40.8 261.7 -06.2 7.32E-06 001.2 054.4  73.5 0.163650 0.117782 0.073932 hargrave 2021-05-07 14:39:09 
TT 580 231.5  39.8 260.1 -04.4 6.12E-06 001.4 046.0  74.0 0.183459 0.062988 0.073117 hargrave 2021-05-09 09:22:05 
TT 590 234.8  36.4 257.6 -07.8 5.81E-06 001.5 046.7  69.8 0.192412 0.024403 0.061613 hargrave 2021-05-10 10:12:43 
TT 600 237.6  37.5 259.3 -09.6 5.41E-06 001.3 053.8  69.3 0.147645 0.060352 0.055791 hargrave 2021-05-11 12:41:30 
TT 610 233.9  39.3 260.1 -06.3 4.76E-06 001.3 050.1  72.5 0.087152 0.109616 0.054826 hargrave 2021-05-12 13:43:21 
TT 620 235.9  37.4 258.7 -08.3 3.93E-06 001.8 050.3  70.1 0.150087 0.052344 0.057663 hargrave 2021-05-13 17:33:16 
TT 630 229.0  41.8 261.7 -02.0 3.68E-06 001.3 044.3  76.8 0.058617 0.101358 0.016391 hargrave 2021-05-15 17:27:53 
TT 640 215.4  34.9 253.3  07.5 3.59E-06 000.6 356.6  72.9 0.038107 0.039351 0.026201 hargrave 2021-05-17 08:55:23 
TT 650 229.3  38.7 258.6 -02.9 3.54E-06 001.1 038.5  74.0 0.084673 0.047457 0.015774 hargrave 2021-05-18 11:05:02 
TT 660 214.0  34.8 253.0  08.6 3.10E-06 000.8 352.9  72.7 0.047750 0.038354 0.027339 hargrave 2021-05-19 10:40:49 
TT 664 223.3  39.3 258.4  01.8 3.15E-06 001.2 022.7  76.5 0.063747 0.059589 0.025765 hargrave 2021-05-20 18:29:42 
TT 668 217.4  21.0 239.6  04.3 3.35E-06 002.0 001.4  59.0 0.046658 0.150538 0.021081 hargrave 2021-05-22 09:22:36 
TT 672 231.6  27.3 248.0 -07.4 3.16E-06 001.2 030.2  62.9 0.076076 0.043145 0.029448 hargrave 2021-05-24 09:22:43 
TT 674 215.4  26.6 244.9  06.7 2.89E-06 000.9 357.6  64.6 0.036371 0.042125 0.024769 hargrave 2021-05-25 08:55:43 
TT 676 220.4  39.1 257.8  04.0 2.48E-06 000.7 012.9  76.8 0.030685 0.021590 0.020405 hargrave 2021-05-26 08:54:02 
