PF18- 108a mag compass orientation (IGRF corrected)
 129.89 308.6  34.0 218.9  81.9  10.6
NRM    236.3  65.3 285.4  00.2 3.57E-05 001.1 144.3  77.4 0.282842 0.627989 0.151475 hargrave 2021-04-08 15:05:43 
TT  50 237.0  64.9 285.1 -00.2 3.55E-05 000.9 142.3  77.4 0.464802 0.309724 0.110334 hargrave 2021-04-09 14:27:02 
TT 100 234.3  64.5 284.4  00.8 3.29E-05 001.0 144.0  78.5 0.228062 0.580338 0.094736 hargrave 2021-04-10 14:54:28 
TT 150 228.4  55.3 274.7  01.3 2.51E-05 001.3 086.9  84.5 0.329480 0.506494 0.058501 hargrave 2021-04-11 13:28:38 
TT 200 226.9  52.5 271.8  01.6 2.31E-05 001.3 057.9  84.0 0.155653 0.529405 0.054471 hargrave 2021-04-13 16:24:44 
TT 250 224.5  50.5 269.5  02.7 2.10E-05 001.1 034.9  83.4 0.166641 0.404770 0.059671 hargrave 2021-04-18 15:14:48 
TT 300 221.9  48.4 267.2  04.1 1.75E-05 001.1 016.0  82.1 0.108175 0.337614 0.068768 hargrave 2021-04-19 15:37:31 
TT 325 221.4  47.5 266.3  04.3 1.53E-05 001.2 012.6  81.3 0.242192 0.242248 0.041682 hargrave 2021-04-20 14:04:34 
TT 350 219.5  46.3 265.0  05.4 1.45E-05 000.7 003.6  80.3 0.056896 0.175600 0.064914 hargrave 2021-04-23 13:41:29 
TT 375 220.9  46.1 264.8  04.4 1.36E-05 000.8 009.3  79.9 0.122240 0.169556 0.055781 hargrave 2021-04-25 10:44:29 
TT 415 218.4  44.7 263.3  06.1 1.21E-05 001.0 359.2  78.7 0.169741 0.132937 0.043271 hargrave 2021-04-26 09:48:12 
TT 450 215.4  44.1 262.5  08.1 1.10E-05 000.9 348.9  77.9 0.066066 0.169834 0.030806 hargrave 2021-04-27 14:32:06 
TT 475 215.3  43.8 262.2  08.2 1.04E-05 001.0 348.7  77.6 0.124974 0.141638 0.036038 hargrave 2021-04-29 15:21:00 
TT 500 213.5  44.0 262.3  09.5 9.36E-06 001.1 342.9  77.6 0.072420 0.180617 0.030141 hargrave 2021-05-01 10:29:33 
TT 520 210.0  43.0 261.3  12.0 8.91E-06 001.1 333.4  75.9 0.114921 0.148446 0.032998 hargrave 2021-05-02 16:58:48 
TT 535 213.3  42.3 260.6  09.5 8.20E-06 001.8 343.8  75.9 0.157943 0.222439 0.020491 hargrave 2021-05-04 09:40:06 
TT 550 209.8  41.5 259.7  12.2 7.33E-06 000.7 334.8  74.4 0.066735 0.071774 0.026679 hargrave 2021-05-04 19:19:17 
TT 560 209.8  42.3 260.6  12.1 6.96E-06 002.1 333.8  75.2 0.138959 0.231903 0.020094 hargrave 2021-05-05 16:47:53 
TT 570 205.5  38.1 256.3  15.5 6.16E-06 001.1 328.5  70.0 0.067676 0.109292 0.026523 hargrave 2021-05-06 23:01:57 
TT 580 206.8  38.5 256.7  14.5 5.51E-06 001.8 330.8  70.8 0.093510 0.154186 0.022244 hargrave 2021-05-08 20:20:58 
TT 590 208.5  39.1 257.3  13.2 5.25E-06 000.8 334.1  71.8 0.058575 0.044667 0.037468 hargrave 2021-05-09 19:21:03 
TT 600 210.1  35.9 254.0  11.9 5.03E-06 001.2 340.4  69.1 0.092319 0.067723 0.020009 hargrave 2021-05-11 10:08:15 
TT 610 209.0  36.2 254.3  12.8 4.78E-06 001.4 337.7  69.1 0.068486 0.101297 0.039344 hargrave 2021-05-12 10:05:37 
TT 620 199.7  38.3 256.9  20.0 4.56E-06 001.3 316.6  68.3 0.086515 0.062855 0.036964 hargrave 2021-05-13 12:58:25 
TT 630 208.3  31.9 249.9  13.3 4.60E-06 002.4 339.0  64.8 0.095683 0.173796 0.047783 hargrave 2021-05-14 12:27:13 
TT 640 204.5  39.0 257.3  16.3 4.40E-06 001.5 325.2  70.6 0.076318 0.095818 0.024100 hargrave 2021-05-15 10:37:07 
TT 650 205.1  38.9 257.2  15.8 4.22E-06 002.0 326.6  70.7 0.107311 0.116574 0.036121 hargrave 2021-05-16 12:28:11 
TT 660 200.4  33.3 251.4  19.9 4.21E-06 003.3 323.4  64.0 0.178941 0.178393 0.046252 hargrave 2021-05-17 13:40:30 
TT 664 199.6  41.6 260.3  19.8 3.95E-06 002.3 311.5  71.0 0.139506 0.096442 0.021525 hargrave 2021-05-18 16:01:05 
TT 668 209.3  32.5 250.5  12.4 3.82E-06 002.6 340.7  65.6 0.088161 0.165122 0.018713 hargrave 2021-05-19 18:32:30 
TT 672 209.0  31.9 249.9  12.7 3.64E-06 002.0 340.4  65.0 0.079252 0.104456 0.031012 hargrave 2021-05-23 11:43:31 
TT 674 200.4  39.3 257.8  19.4 3.40E-06 001.7 316.5  69.4 0.086865 0.053523 0.025673 hargrave 2021-05-24 13:58:41 
TT 676 209.4  33.8 251.9  12.3 3.01E-06 000.9 340.2  66.9 0.034366 0.040175 0.018568 hargrave 2021-05-25 13:47:05 
TT 678 207.7  33.7 251.8  13.8 2.44E-06 002.1 336.8  66.5 0.052053 0.078507 0.013050 hargrave 2021-05-26 14:28:37 
TT 680 212.6  26.9 245.0  09.2 1.86E-06 001.5 349.1  60.5 0.025932 0.045865 0.011176 hargrave 2021-05-30 16:18:48 
TT 682 202.6  22.1 239.6  18.1 1.72E-06 001.1 334.1  54.1 0.026134 0.026854 0.013447 hargrave 2021-06-02 10:10:53 
TT 684 218.9  34.4 253.0  04.6 8.90E-07 001.6 000.6  68.4 0.019620 0.015335 0.009856 hargrave 2021-06-03 19:04:35 
TT 686 211.9 -02.5 215.4  06.6 5.67E-07 001.9 352.1  31.2 0.016423 0.016774 0.006420 hargrave 2021-06-04 17:46:43 
TT 688 192.2  17.3 234.2  27.8 4.34E-07 003.4 322.0  46.4 0.021749 0.026761 0.004344 hargrave 2021-06-05 16:02:22 
TT 690 233.1 -09.2 211.5 -15.2 3.81E-07 002.3 015.6  23.7 0.011599 0.015003 0.004222 hargrave 2021-06-06 14:59:31 
TT 692 240.9 -19.7 200.8 -23.4 2.94E-07 004.5 021.4  12.0 0.011300 0.020842 0.009044 hargrave 2021-06-08 10:30:32 
