PF18- 153a mag compass orientation (IGRF corrected)
 153.32 149.6  30.0 222.8  83.0  13.0
NRM    265.9  54.1 286.1 -17.4 5.66E-05 003.3 196.8  26.0 1.569484 3.751039 1.230731 hargrave 2021-04-09 19:40:21 
TT  50 264.3  54.0 285.5 -16.7 5.66E-05 001.9 195.8  25.7 0.980142 1.815424 1.199555 hargrave 2021-04-10 18:16:25 
TT 100 267.5  52.4 285.4 -19.2 5.53E-05 001.8 198.3  24.6 0.404666 1.871260 1.197599 hargrave 2021-04-12 14:45:08 
TT 150 265.1  49.8 282.3 -19.7 5.09E-05 001.3 197.4  21.7 0.512216 0.807076 1.151014 hargrave 2021-04-14 15:40:57 
TT 200 262.9  49.6 281.2 -18.8 4.98E-05 001.1 196.0  21.2 0.269419 0.326582 1.234161 hargrave 2021-04-15 13:36:51 
TT 250 261.4  48.1 279.3 -18.8 4.27E-05 002.3 195.3  19.5 0.406387 1.946787 1.010797 hargrave 2021-04-16 18:23:36 
TT 300 260.9  47.1 278.3 -19.1 3.77E-05 001.9 195.1  18.5 0.218542 1.314643 0.886363 hargrave 2021-04-18 21:31:15 
TT 325 264.9  45.9 278.9 -22.1 3.62E-05 002.2 198.2  17.9 0.682599 1.453837 0.826323 hargrave 2021-04-21 18:08:33 
TT 350 258.8  46.4 276.8 -18.3 3.34E-05 001.3 193.8  17.6 0.295952 0.519954 0.760541 hargrave 2021-04-22 15:41:55 
TT 375 257.8  46.3 276.4 -17.8 2.39E-05 001.1 193.1  17.4 0.087689 0.218134 0.549704 hargrave 2021-04-23 16:56:32 
TT 415 260.1  43.9 275.1 -20.4 1.88E-05 001.2 195.2  15.3 0.055576 0.225552 0.444030 hargrave 2021-04-25 19:58:54 
TT 450 252.3  44.3 272.6 -15.3 1.61E-05 001.2 189.4  14.8 0.107612 0.196765 0.369622 hargrave 2021-04-28 09:31:22 
TT 475 253.2  43.4 272.0 -16.4 1.43E-05 001.2 190.2  14.0 0.063989 0.187504 0.344261 hargrave 2021-04-30 11:36:55 
TT 500 258.5  42.6 273.2 -20.1 1.29E-05 001.4 194.2  13.8 0.140586 0.298615 0.265368 hargrave 2021-05-01 13:43:24 
TT 520 257.9  42.2 272.6 -20.0 1.15E-05 001.9 193.8  13.3 0.157653 0.392491 0.242490 hargrave 2021-05-02 12:34:42 
TT 535 250.5  42.6 270.4 -14.9 1.03E-05 001.5 188.2  13.0 0.053019 0.276499 0.200972 hargrave 2021-05-03 13:33:05 
TT 550 251.8  42.9 271.1 -15.6 9.64E-06 003.3 189.1  13.4 0.164291 0.648940 0.257118 hargrave 2021-05-05 12:22:19 
TT 560 250.2  41.8 269.6 -15.0 8.65E-06 006.3 188.1  12.2 0.191914 1.206156 0.201310 hargrave 2021-05-06 09:23:36 
TT 570 254.2  40.7 269.9 -18.2 8.35E-06 002.7 191.2  11.4 0.124878 0.442718 0.227464 hargrave 2021-05-07 15:18:51 
TT 580 245.8  43.7 270.1 -11.3 7.22E-06 001.4 184.6  13.9 0.053171 0.114008 0.202726 hargrave 2021-05-09 10:02:30 
TT 590 242.8  41.1 266.8 -10.1 6.26E-06 002.2 182.5  11.1 0.037234 0.266647 0.161715 hargrave 2021-05-10 10:54:14 
TT 600 245.7  41.6 268.0 -12.0 5.08E-06 003.3 184.7  11.7 0.049662 0.346887 0.141186 hargrave 2021-05-11 13:21:19 
TT 610 231.6  44.6 268.1 -01.3 4.26E-06 002.2 174.1  14.8 0.038739 0.175868 0.116626 hargrave 2021-05-12 14:19:07 
TT 620 241.2  38.6 264.0 -09.7 3.78E-06 002.8 181.3  08.7 0.032482 0.226161 0.081672 hargrave 2021-05-13 18:11:16 
TT 630 244.1  44.4 270.3 -09.9 2.50E-06 001.9 183.3  14.5 0.047956 0.093428 0.048355 hargrave 2021-05-15 18:05:13 
TT 640 245.3  39.7 266.1 -12.4 2.74E-06 001.9 184.5  09.8 0.041737 0.095873 0.061816 hargrave 2021-05-17 09:34:34 
TT 650 214.4  36.4 258.6  10.9 2.85E-06 002.2 159.7  08.6 0.037660 0.130948 0.070746 hargrave 2021-05-18 11:45:01 
TT 660 234.2  36.3 260.3 -04.9 1.93E-06 002.1 175.6  06.4 0.014445 0.074710 0.051374 hargrave 2021-05-19 11:19:57 
TT 664 215.3  38.3 260.5  10.2 2.98E-06 005.2 160.9  10.3 0.075175 0.342470 0.068524 hargrave 2021-05-20 19:09:28 
TT 668 218.6  34.7 257.1  07.4 2.95E-06 002.7 162.8  06.3 0.037571 0.179886 0.064596 hargrave 2021-05-22 10:00:00 
TT 672 233.0  36.5 260.3 -03.9 2.69E-06 001.4 174.7  06.6 0.068551 0.058054 0.057456 hargrave 2021-05-24 09:58:27 
TT 674 237.3  31.8 256.5 -08.4 2.23E-06 004.4 178.0  01.8 0.040760 0.217866 0.040879 hargrave 2021-05-25 09:34:00 
TT 676 225.0  38.7 261.5  02.7 2.18E-06 003.4 168.5  09.4 0.040119 0.164275 0.045035 hargrave 2021-05-26 09:35:44 
TT 678 233.9  35.7 259.7 -04.8 2.10E-06 002.6 175.3  05.8 0.044041 0.110347 0.052536 hargrave 2021-05-29 11:51:44 
TT 680 224.8  38.2 260.9  02.8 2.47E-06 004.2 168.2  08.9 0.033907 0.230071 0.055313 hargrave 2021-05-31 09:35:40 
