PF18- 14a mag compass orientation (IGRF corrected)
 104.36 131.6  26.0 221.5  81.4   5.7
NRM    279.9  75.8 304.1 -03.5 7.94E-05 002.5 201.1  54.6 0.294061 1.917660 0.460796 hargrave 2021-04-06 18:28:44 
TT  50 284.5  73.3 304.0 -06.3 7.91E-05 002.0 205.4  53.5 1.067075 1.026576 0.560775 hargrave 2021-04-12 10:12:20 
TT 100 285.2  73.1 304.0 -06.6 7.64E-05 002.4 206.0  53.4 1.151998 1.245514 0.605924 hargrave 2021-04-13 11:25:45 
TT 150 271.1  68.6 297.7 -07.8 5.61E-05 003.2 204.1  47.1 0.898315 1.497993 0.402363 hargrave 2021-04-14 18:49:29 
TT 200 262.0  66.3 293.6 -07.0 4.75E-05 001.7 201.1  43.5 0.352152 0.640234 0.378725 hargrave 2021-04-16 12:31:22 
TT 250 260.4  64.5 291.7 -07.6 4.16E-05 003.4 201.2  41.6 0.534046 1.298791 0.248141 hargrave 2021-04-19 22:56:32 
TT 300 255.4  64.4 290.3 -06.0 3.72E-05 001.2 198.5  40.7 0.237844 0.150808 0.353750 hargrave 2021-04-21 12:57:09 
TT 325 255.4  63.5 289.6 -06.4 3.30E-05 001.7 198.9  39.9 0.374391 0.304250 0.308538 hargrave 2021-04-22 10:36:52 
TT 350 262.2  62.7 290.9 -09.4 2.81E-05 006.3 203.0  40.3 0.863689 1.533197 0.268440 hargrave 2021-04-23 08:29:38 
TT 375 247.3  64.3 288.5 -03.0 2.38E-05 002.9 194.2  39.7 0.317561 0.581211 0.226609 hargrave 2021-04-24 15:26:52 
TT 415 251.5  63.1 288.3 -05.2 2.20E-05 002.4 196.9  39.0 0.219606 0.446308 0.154440 hargrave 2021-04-25 14:17:31 
TT 450 252.4  62.7 288.2 -05.7 1.90E-05 002.4 197.5  38.7 0.199449 0.374418 0.175139 hargrave 2021-04-26 20:25:02 
TT 475 257.2  62.2 289.0 -07.9 1.77E-05 008.0 200.5  39.0 0.623462 1.258975 0.202804 hargrave 2021-04-29 10:00:50 
TT 500 243.3  63.0 286.6 -01.9 1.72E-05 001.1 192.3  38.0 0.092896 0.063942 0.155913 hargrave 2021-04-30 15:06:23 
TT 520 246.2  62.7 286.9 -03.2 1.64E-05 001.6 194.0  38.0 0.167565 0.102012 0.177996 hargrave 2021-05-01 17:18:42 
TT 535 243.5  63.0 286.6 -02.0 1.55E-05 001.2 192.4  38.0 0.064562 0.166228 0.075297 hargrave 2021-05-03 08:56:55 
TT 550 251.5  62.0 287.4 -05.7 7.48E-06 024.5 197.2  38.0 3.431157 1.065492 2.805693 hargrave 2021-05-04 12:40:26 
TT 550 248.7  61.9 286.6 -04.7 1.49E-05 004.1 195.7  37.5 0.206774 0.556152 0.137203 hargrave 2021-05-04 14:32:50 
TT 560 297.2  56.7 303.0 -23.6 1.25E-05 030.7 227.4  43.8 3.161337 2.805150 0.112970 hargrave 2021-05-06 16:02:52 
TT 560 239.2  62.9 285.8 -00.2 1.43E-05 001.5 190.0  37.6 0.097457 0.086949 0.180092 hargrave 2021-05-06 17:38:20 
TT 570 244.5  62.2 286.1 -02.7 1.33E-05 002.6 193.2  37.4 0.150197 0.290540 0.114634 hargrave 2021-05-07 10:45:09 
TT 580 240.8  62.5 285.7 -01.0 1.27E-05 002.0 191.0  37.3 0.117615 0.159084 0.161416 hargrave 2021-05-08 12:06:02 
TT 590 242.2  62.9 286.3 -01.5 1.22E-05 002.1 191.7  37.8 0.117986 0.162435 0.156071 hargrave 2021-05-09 13:28:51 
TT 600 234.6  62.1 284.3  01.6 1.18E-05 001.6 187.5  36.4 0.076608 0.065649 0.163298 hargrave 2021-05-10 14:15:37 
TT 610 233.6  62.5 284.6  02.1 1.13E-05 002.0 186.9  36.8 0.098344 0.142833 0.155461 hargrave 2021-05-11 16:10:19 
TT 620 232.8  62.3 284.3  02.4 1.08E-05 001.9 186.5  36.6 0.061830 0.154182 0.129922 hargrave 2021-05-12 18:30:59 
TT 630 233.0  63.6 285.6  02.6 1.07E-05 001.1 186.4  37.9 0.057564 0.057242 0.095013 hargrave 2021-05-14 15:47:49 
TT 640 229.0  62.0 283.7  04.1 1.03E-05 001.4 184.3  36.1 0.077380 0.064421 0.106451 hargrave 2021-05-15 13:32:48 
TT 650 235.9  61.7 284.2  00.9 1.02E-05 003.0 188.3  36.2 0.113599 0.260906 0.107521 hargrave 2021-05-16 16:26:35 
TT 660 227.9  62.4 284.0  04.7 9.54E-06 001.5 183.6  36.5 0.067947 0.083371 0.100955 hargrave 2021-05-17 17:05:48 
TT 664 236.2  62.9 285.4  01.1 9.48E-06 002.1 188.3  37.4 0.073821 0.164452 0.095237 hargrave 2021-05-18 20:33:17 
TT 668 234.3  63.2 285.4  02.0 8.84E-06 001.3 187.2  37.5 0.055242 0.064180 0.085713 hargrave 2021-05-20 09:21:50 
TT 672 230.9  61.9 283.8  03.2 8.47E-06 003.5 185.4  36.1 0.078851 0.278077 0.068330 hargrave 2021-05-23 14:42:07 
TT 674 231.2  61.1 283.0  02.9 8.17E-06 004.9 185.7  35.3 0.092146 0.377654 0.098111 hargrave 2021-05-24 17:02:01 
TT 676 234.0  60.8 283.0  01.5 7.62E-06 004.3 187.3  35.1 0.081884 0.301822 0.091317 hargrave 2021-05-25 16:47:29 
TT 678 232.5  59.6 281.7  01.9 6.86E-06 003.5 186.6  33.8 0.059975 0.218320 0.083798 hargrave 2021-05-26 17:28:02 
TT 680 237.0  60.9 283.5  00.1 5.86E-06 004.7 189.1  35.4 0.087735 0.250822 0.089975 hargrave 2021-05-30 11:38:18 
TT 682 244.9  59.6 283.8 -04.0 4.65E-06 001.8 194.1  34.9 0.051722 0.041058 0.057759 hargrave 2021-05-31 12:47:00 
TT 684 238.2  57.6 280.6 -01.5 3.79E-06 002.2 190.4  32.3 0.032150 0.075727 0.033346 hargrave 2021-06-03 09:34:47 
TT 686 243.2  60.5 284.2 -02.9 2.70E-06 003.6 192.9  35.5 0.042182 0.082820 0.032691 hargrave 2021-06-04 11:02:19 
TT 688 253.2  62.7 288.4 -06.1 1.52E-06 002.9 198.0  38.8 0.025811 0.032373 0.018203 hargrave 2021-06-05 11:18:14 
TT 690 196.4  63.8 286.6  18.6 7.82E-07 003.8 166.0  39.2 0.009439 0.027796 0.009225 hargrave 2021-06-06 10:11:55 
TT 692 258.0  49.9 279.1 -15.3 5.16E-07 004.1 205.5  27.4 0.010373 0.018064 0.004502 hargrave 2021-06-06 19:39:42 
TT 695 166.1  48.1 281.4  40.9 3.39E-07 003.7 140.5  30.2 0.003148 0.011472 0.005081 hargrave 2021-06-10 13:45:37 
