PF18- 150a mag compass orientation (IGRF corrected)
 151.52 163.6  32.0 222.8  83.0  12.3
NRM    248.3  56.4 282.5 -07.8 4.04E-05 001.4 176.8  24.5 0.197994 0.958890 0.754951 hargrave 2021-04-09 19:35:38 
TT  50 240.5  55.9 280.4 -03.9 4.02E-05 002.3 171.9  24.4 0.514252 1.726736 0.750043 hargrave 2021-04-10 18:12:35 
TT 100 236.7  55.0 278.9 -02.1 4.02E-05 002.4 169.5  23.8 0.512929 1.904176 0.734288 hargrave 2021-04-12 14:41:17 
TT 150 237.7  52.7 276.9 -03.3 3.93E-05 001.5 169.7  21.5 0.099950 0.965277 0.775588 hargrave 2021-04-14 15:36:13 
TT 200 241.3  52.2 277.1 -05.6 3.90E-05 001.4 172.0  20.7 0.079188 0.892335 0.782780 hargrave 2021-04-15 13:32:01 
TT 250 234.9  42.0 266.1 -04.2 3.55E-05 001.0 166.0  11.2 0.079992 0.456624 0.655234 hargrave 2021-04-16 18:17:56 
TT 300 239.2  40.2 265.1 -07.8 3.47E-05 001.8 168.9  08.9 0.276758 1.176180 0.632656 hargrave 2021-04-18 21:23:34 
TT 325 236.4  38.8 263.2 -06.1 3.39E-05 001.9 166.6  07.9 0.225711 1.252636 0.626358 hargrave 2021-04-21 18:03:50 
TT 350 237.0  37.9 262.4 -06.7 3.22E-05 003.1 166.8  06.9 0.416645 2.036175 0.579725 hargrave 2021-04-22 15:37:10 
TT 375 237.5  37.0 261.6 -07.3 2.65E-05 001.0 167.1  05.9 0.077495 0.298930 0.496366 hargrave 2021-04-23 16:51:42 
TT 415 241.8  35.3 260.9 -11.1 2.26E-05 003.4 170.3  03.8 0.260608 1.555806 0.421187 hargrave 2021-04-25 19:54:05 
TT 450 231.9  33.1 256.9 -03.7 2.12E-05 001.1 161.9  03.0 0.178627 0.350077 0.344444 hargrave 2021-04-28 09:26:29 
TT 475 236.0  33.0 257.4 -07.1 2.01E-05 001.0 165.3  02.2 0.062698 0.183949 0.364922 hargrave 2021-04-30 11:32:05 
TT 500 234.3  32.4 256.5 -05.8 1.90E-05 001.7 163.8  01.9 0.185946 0.621677 0.298919 hargrave 2021-05-01 13:38:32 
TT 520 231.1  31.1 254.8 -03.4 1.83E-05 002.8 160.9  01.1 0.312670 0.977379 0.383179 hargrave 2021-05-02 12:29:52 
TT 535 222.2  29.6 252.2  04.0 1.73E-05 004.4 153.0  01.5 0.729986 1.469479 0.221623 hargrave 2021-05-03 13:27:27 
TT 550 229.8  31.0 254.5 -02.3 1.65E-05 001.3 159.8  01.3 0.114508 0.390628 0.216745 hargrave 2021-05-05 12:17:36 
TT 560 231.1  29.1 252.7 -03.8 1.52E-05 001.0 160.5 -00.9 0.055138 0.116306 0.283817 hargrave 2021-05-06 09:18:53 
TT 570 229.6  33.2 256.6 -01.8 1.35E-05 001.2 160.0  03.4 0.103436 0.186949 0.276067 hargrave 2021-05-07 15:14:09 
TT 580 226.7  27.8 250.8 -00.2 1.19E-05 001.1 156.4 -01.3 0.045672 0.102784 0.266939 hargrave 2021-05-09 09:57:05 
TT 590 222.2  24.5 247.1  03.5 1.00E-05 000.8 151.6 -03.4 0.095744 0.088467 0.146847 hargrave 2021-05-10 10:48:41 
TT 600 222.4  26.3 248.9  03.4 9.52E-06 003.3 152.3 -01.8 0.246651 0.594086 0.220131 hargrave 2021-05-11 13:16:36 
TT 610 225.2  27.8 250.6  01.2 9.37E-06 002.9 155.1 -01.0 0.187370 0.499395 0.237766 hargrave 2021-05-12 14:14:24 
TT 620 225.4  25.4 248.3  00.7 8.82E-06 001.7 154.7 -03.3 0.072987 0.269433 0.180137 hargrave 2021-05-13 18:06:35 
TT 630 229.8  26.7 250.2 -03.0 8.55E-06 000.8 158.8 -02.9 0.067244 0.068257 0.122493 hargrave 2021-05-15 18:00:32 
TT 640 232.6  27.0 250.9 -05.5 7.98E-06 000.7 161.4 -03.2 0.039127 0.085878 0.103089 hargrave 2021-05-17 09:29:51 
TT 650 224.2  23.9 246.7  01.6 7.82E-06 003.1 153.2 -04.5 0.202537 0.464163 0.122419 hargrave 2021-05-18 11:39:28 
TT 660 226.1  24.5 247.5 -00.1 6.04E-06 002.8 155.1 -04.4 0.119999 0.348112 0.058521 hargrave 2021-05-19 11:15:12 
TT 664 232.0  27.9 251.7 -04.8 7.53E-06 003.4 161.0 -02.2 0.132806 0.514642 0.147144 hargrave 2021-05-20 19:04:46 
TT 668 231.9  26.8 250.6 -04.9 6.78E-06 006.0 160.7 -03.3 0.238238 0.836366 0.101459 hargrave 2021-05-22 09:55:17 
TT 672 226.8  26.0 249.1 -00.5 7.05E-06 001.6 156.0 -03.1 0.134972 0.125201 0.183869 hargrave 2021-05-24 09:53:45 
TT 674 218.1  21.8 244.0  06.9 6.06E-06 006.8 147.2 -04.9 0.469996 0.759099 0.066204 hargrave 2021-05-25 09:28:28 
TT 676 238.0  22.6 247.6 -11.1 7.53E-07 005.5 165.5 -08.3 0.031543 0.097483 0.008983 hargrave 2021-05-26 09:31:01 
TT 678 213.5  12.8 234.5  10.6 1.38E-06 008.0 140.0 -12.0 0.105698 0.222547 0.035758 hargrave 2021-05-29 11:47:01 
TT 680 228.5  26.9 250.2 -01.9 2.33E-06 006.0 157.8 -02.6 0.056162 0.307856 0.037684 hargrave 2021-05-31 09:30:08 
