PF18- 55a sun compass orientation
  96.57 114.8  66.0 221.5  81.4  14.1
NRM    259.5  75.7 300.2 -00.3 5.26E-05 001.5 192.1  15.3 0.599114 1.443861 1.231669 hargrave 2021-04-06 19:29:40 
TT  50 253.8  76.8 300.4  01.4 5.25E-05 001.0 190.3  15.0 0.234707 0.624985 1.194306 hargrave 2021-04-12 11:25:35 
TT 100 256.8  75.1 299.4 -00.1 4.97E-05 001.4 192.1  14.4 0.324978 1.350106 1.112000 hargrave 2021-04-13 12:39:13 
TT 150 250.0  73.5 297.1  00.6 4.38E-05 002.2 191.9  12.0 0.551714 2.078104 1.016759 hargrave 2021-04-14 19:52:08 
TT 200 255.0  70.5 295.3 -02.4 4.12E-05 001.9 195.2  10.8 0.374055 1.721442 0.854092 hargrave 2021-04-16 13:39:00 
TT 250 258.9  68.0 294.1 -05.0 3.82E-05 004.0 198.0  10.1 1.173460 3.523337 0.835933 hargrave 2021-04-19 23:57:51 
TT 300 238.6  72.8 295.1  03.3 3.31E-05 002.7 189.6  09.4 0.458414 2.063444 0.740110 hargrave 2021-04-21 14:13:45 
TT 325 241.3  72.2 294.7  02.3 3.04E-05 003.4 190.6  09.3 0.564029 2.408858 0.684843 hargrave 2021-04-22 11:53:10 
TT 350 257.7  66.6 292.7 -05.5 2.76E-05 002.5 198.7  08.9 0.557787 1.469490 0.596445 hargrave 2021-04-23 09:46:19 
TT 375 254.7  67.5 292.8 -04.0 2.39E-05 000.9 197.2  08.7 0.105819 0.195308 0.489210 hargrave 2021-04-24 16:46:20 
TT 415 244.7  70.4 293.5  00.6 2.20E-05 002.4 192.6  08.5 0.264450 1.180241 0.494880 hargrave 2021-04-25 16:22:28 
TT 450 248.9  68.3 292.4 -01.7 1.93E-05 003.0 195.0  07.8 0.328809 1.331147 0.410143 hargrave 2021-04-27 08:38:35 
TT 475 245.5  69.0 292.4 -00.3 1.80E-05 001.9 193.6  07.6 0.227164 0.715966 0.401143 hargrave 2021-04-29 11:16:23 
TT 500 233.4  71.7 293.6  04.5 1.66E-05 006.7 188.7  07.8 0.454868 2.689523 0.363209 hargrave 2021-04-30 16:18:28 
TT 520 227.3  73.0 294.5  06.5 1.53E-05 005.1 186.5  08.2 0.258798 1.879707 0.363203 hargrave 2021-05-01 18:31:14 
TT 535 229.1  72.6 294.2  06.0 1.37E-05 005.6 187.1  08.0 0.249812 1.865312 0.162783 hargrave 2021-05-03 10:13:35 
TT 550 249.6  68.0 292.2 -02.0 1.25E-05 001.4 195.4  07.7 0.100670 0.320118 0.257227 hargrave 2021-05-04 13:56:39 
TT 560 231.4  73.4 295.1  05.4 9.97E-06 001.8 187.4  09.0 0.082193 0.395839 0.159975 hargrave 2021-05-06 17:19:57 
TT 570 200.4  76.1 298.1  13.3 7.29E-06 000.7 178.9  10.1 0.045856 0.104520 0.065973 hargrave 2021-05-07 11:59:54 
TT 580 223.6  75.0 296.4  07.8 6.17E-06 001.0 184.9  09.7 0.046325 0.115890 0.093385 hargrave 2021-05-08 13:24:47 
TT 590 202.4  76.0 297.9  12.9 5.90E-06 003.0 179.4  10.0 0.031215 0.433514 0.055849 hargrave 2021-05-09 14:50:52 
TT 600 222.1  75.4 296.7  08.2 5.06E-06 000.6 184.4  10.0 0.028238 0.055145 0.053069 hargrave 2021-05-10 15:34:43 
TT 610 216.5  74.9 296.2  09.6 5.42E-06 001.2 183.1  09.2 0.028982 0.152581 0.060517 hargrave 2021-05-11 17:31:19 
TT 620 210.9  73.3 294.7  11.3 4.00E-06 006.6 181.8  07.3 0.018917 0.646991 0.046186 hargrave 2021-05-12 19:45:41 
TT 630 186.2  73.3 297.2  17.9 4.29E-06 001.7 174.7  08.1 0.038247 0.178893 0.045522 hargrave 2021-05-14 17:05:05 
TT 640 231.5  71.1 292.9  04.9 4.64E-06 002.2 188.4  06.9 0.071023 0.246431 0.040663 hargrave 2021-05-15 14:48:54 
TT 650 197.7  73.5 295.9  14.9 4.13E-06 001.5 178.0  07.6 0.038904 0.142731 0.035068 hargrave 2021-05-16 17:40:15 
TT 660 229.6  71.9 293.5  05.7 3.96E-06 003.5 187.6  07.4 0.043093 0.340651 0.035271 hargrave 2021-05-17 18:22:27 
TT 664 207.2  73.1 294.7  12.4 3.92E-06 007.3 180.7  07.1 0.021482 0.703972 0.048049 hargrave 2021-05-18 21:49:19 
TT 668 225.1  70.5 291.9  06.9 3.04E-06 004.6 186.7  05.6 0.032250 0.340837 0.036258 hargrave 2021-05-20 10:38:10 
TT 672 196.5  73.6 296.1  15.2 3.01E-06 004.7 177.6  07.8 0.033820 0.348117 0.026955 hargrave 2021-05-23 15:58:48 
TT 674 202.2  69.0 291.0  14.9 2.97E-06 005.9 179.1  03.0 0.033820 0.430902 0.027097 hargrave 2021-05-24 18:15:58 
TT 676 181.6  73.9 298.5  18.6 2.46E-06 003.8 173.7  09.1 0.034867 0.233798 0.028515 hargrave 2021-05-25 18:06:50 
TT 678 236.5  69.1 291.3  02.8 1.42E-06 007.5 190.9  05.9 0.042561 0.263723 0.015247 hargrave 2021-05-26 18:45:19 
TT 680 219.6  72.9 294.2  08.8 1.10E-06 008.2 184.4  07.4 0.029197 0.224218 0.014622 hargrave 2021-05-30 12:50:54 
TT 682 253.2  61.6 287.4 -06.7 1.35E-06 004.7 200.9  04.0 0.047672 0.156353 0.020102 hargrave 2021-05-31 14:00:16 
