PF18- 129a mag compass orientation (IGRF corrected)
 139.86 305.6  45.0 218.9  81.9  12.6
NRM    234.2  47.5 268.1 -04.1 2.69E-05 000.9 107.7  76.9 0.486541 0.252389 0.112220 hargrave 2021-04-09 18:58:23 
TT  50 234.1  47.9 268.5 -04.0 2.68E-05 001.7 109.5  77.0 1.011571 0.131348 0.121476 hargrave 2021-04-10 17:41:56 
TT 100 234.5  46.6 267.3 -04.7 2.64E-05 000.6 103.5  76.7 0.112598 0.346140 0.085497 hargrave 2021-04-12 14:10:41 
TT 150 234.2  45.1 265.8 -04.8 2.53E-05 001.1 097.3  76.9 0.572840 0.267149 0.096354 hargrave 2021-04-14 14:57:13 
TT 200 233.5  45.3 265.8 -04.3 2.51E-05 001.1 097.5  77.4 0.561652 0.232088 0.136283 hargrave 2021-04-15 12:53:47 
TT 250 232.5  42.2 262.6 -04.4 2.38E-05 001.1 083.0  77.5 0.512155 0.290806 0.064188 hargrave 2021-04-16 17:47:25 
TT 300 231.9  41.0 261.4 -04.4 2.30E-05 001.3 077.3  77.4 0.582585 0.325426 0.073301 hargrave 2021-04-18 20:45:12 
TT 325 231.7  40.1 260.4 -04.4 2.24E-05 000.8 073.0  77.2 0.371499 0.162037 0.040025 hargrave 2021-04-21 17:00:37 
TT 350 231.0  39.8 260.0 -04.0 2.15E-05 000.7 070.7  77.5 0.148861 0.283530 0.061140 hargrave 2021-04-22 15:01:17 
TT 375 229.9  37.6 257.7 -03.6 1.84E-05 000.9 060.3  77.0 0.335868 0.141396 0.059268 hargrave 2021-04-23 16:14:18 
TT 415 228.6  36.3 256.2 -02.9 1.67E-05 001.1 052.9  76.9 0.319756 0.250126 0.047885 hargrave 2021-04-25 19:16:01 
TT 450 229.4  36.7 256.8 -03.4 7.90E-06 075.1 056.3  76.7 1.355210 2.030170 10.35306 hargrave 2021-04-28 08:36:33 
TT 450 227.9  35.4 255.2 -02.5 1.58E-05 000.8 048.5  76.6 0.237879 0.128327 0.065654 hargrave 2021-04-28 10:03:08 
TT 475 228.4  35.7 255.5 -02.9 1.51E-05 000.4 050.6  76.5 0.106999 0.069035 0.038585 hargrave 2021-04-30 10:52:14 
TT 500 228.1  35.4 255.3 -02.7 1.46E-05 000.9 049.1  76.6 0.254695 0.145735 0.048387 hargrave 2021-05-01 13:02:04 
TT 520 227.0  34.8 254.4 -02.0 1.39E-05 001.5 044.4  76.6 0.400045 0.221769 0.059141 hargrave 2021-05-02 11:52:17 
TT 535 226.6  34.4 254.0 -01.7 1.31E-05 000.5 042.1  76.5 0.083744 0.116955 0.035673 hargrave 2021-05-03 12:48:27 
TT 550 228.0  34.5 254.3 -02.8 1.25E-05 000.8 046.4  75.9 0.171959 0.125399 0.073421 hargrave 2021-05-05 11:38:43 
TT 560 228.1  34.7 254.5 -02.9 1.14E-05 001.1 047.1  75.9 0.261439 0.067983 0.069808 hargrave 2021-05-06 08:41:40 
TT 570 228.3  33.6 253.5 -03.2 1.03E-05 000.6 044.9  75.0 0.125720 0.062642 0.044422 hargrave 2021-05-07 14:36:15 
TT 580 229.7  34.0 254.1 -04.3 7.27E-06 001.3 049.3  74.5 0.180622 0.089004 0.047189 hargrave 2021-05-09 09:18:28 
TT 590 226.3  27.4 247.1 -02.8 6.06E-06 001.0 029.5  70.5 0.101262 0.070713 0.069862 hargrave 2021-05-10 10:09:48 
TT 600 228.2  29.8 249.8 -03.9 5.67E-06 000.7 037.5  71.9 0.064404 0.052055 0.045842 hargrave 2021-05-11 12:38:34 
TT 610 228.6  29.1 249.2 -04.5 5.81E-06 001.2 037.4  71.1 0.060177 0.132197 0.057563 hargrave 2021-05-12 13:40:26 
TT 620 232.6  32.3 253.1 -07.0 5.05E-06 000.9 051.9  71.7 0.076728 0.064031 0.034780 hargrave 2021-05-13 17:30:22 
TT 630 214.9  29.0 247.2  07.4 4.29E-06 001.3 357.7  74.0 0.097507 0.050175 0.059013 hargrave 2021-05-15 17:24:59 
TT 640 239.7  43.2 265.2 -09.2 3.55E-06 001.1 092.6  72.7 0.073836 0.049218 0.026924 hargrave 2021-05-17 08:52:27 
TT 650 204.1  33.8 251.9  16.8 3.04E-06 001.6 317.6  75.8 0.065379 0.076319 0.050080 hargrave 2021-05-18 11:02:06 
TT 660 200.3  53.7 272.8  17.5 2.51E-06 002.6 223.3  76.8 0.098664 0.103495 0.039761 hargrave 2021-05-19 10:37:53 
TT 664 205.8  13.0 230.3  14.5 2.97E-06 002.1 342.4  56.9 0.076863 0.059699 0.105403 hargrave 2021-05-20 18:26:47 
TT 668 226.2 -02.2 217.8 -07.5 3.58E-06 003.1 014.3  41.9 0.071311 0.182965 0.148164 hargrave 2021-05-22 09:19:41 
TT 672 194.2  29.9 248.2  25.4 2.38E-06 004.4 304.7  67.4 0.221951 0.043164 0.056530 hargrave 2021-05-24 09:19:48 
TT 674 198.3  62.5 282.1  16.6 2.02E-06 003.8 203.5  69.9 0.158812 0.091898 0.049073 hargrave 2021-05-25 08:52:48 
TT 676 255.7  33.2 261.3 -24.8 2.28E-06 001.3 083.1  57.1 0.054604 0.045456 0.062188 hargrave 2021-05-26 08:51:07 
TT 678 195.3  73.2 293.0  14.4 1.58E-06 004.0 191.7  60.3 0.086167 0.111551 0.013371 hargrave 2021-05-29 11:13:08 
TT 680 244.3  16.8 240.6 -21.4 2.42E-06 003.4 049.7  53.0 0.160798 0.079002 0.047475 hargrave 2021-05-31 08:54:36 
