PF18- 95a mag compass orientation (IGRF corrected)
 124.72 301.6  33.0 218.9  81.9  10.9
NRM    247.4  77.3 297.7  01.9 3.22E-05 000.6 161.4  66.3 0.246626 0.286682 0.103922 hargrave 2021-04-08 14:41:41 
TT  50 248.4  77.1 297.7  01.6 3.21E-05 000.6 160.6  66.2 0.279663 0.191549 0.108138 hargrave 2021-04-09 14:03:55 
TT 100 248.2  77.7 298.2  02.0 3.16E-05 001.2 162.0  65.8 0.142732 0.681236 0.102425 hargrave 2021-04-10 14:30:35 
TT 150 247.1  77.5 297.9  02.1 2.70E-05 000.7 161.8  66.2 0.085098 0.348035 0.093663 hargrave 2021-04-11 13:04:45 
TT 200 247.3  76.6 297.1  01.6 2.44E-05 000.5 160.0  66.7 0.085867 0.213582 0.097148 hargrave 2021-04-13 16:03:58 
TT 250 249.4  75.2 296.2  00.4 2.23E-05 000.4 156.3  67.1 0.061785 0.169216 0.066225 hargrave 2021-04-18 14:55:22 
TT 300 247.1  76.5 297.1  01.6 2.09E-05 000.8 160.0  66.8 0.053414 0.297272 0.073333 hargrave 2021-04-19 15:13:45 
TT 325 248.8  75.6 296.4  00.8 1.98E-05 000.6 157.3  67.0 0.149064 0.169427 0.061755 hargrave 2021-04-20 13:39:50 
TT 350 247.2  76.3 296.8  01.5 1.84E-05 001.7 159.4  66.9 0.320933 0.487665 0.060249 hargrave 2021-04-23 13:18:21 
TT 375 246.1  75.9 296.4  01.5 1.61E-05 001.2 159.0  67.3 0.189510 0.328414 0.046185 hargrave 2021-04-25 10:20:30 
TT 415 243.4  77.2 297.2  02.7 1.28E-05 001.8 162.6  67.0 0.236561 0.380301 0.049287 hargrave 2021-04-26 09:23:22 
TT 450 246.9  77.9 298.2  02.3 1.09E-05 000.9 162.7  66.0 0.080126 0.166094 0.038328 hargrave 2021-04-27 14:06:47 
TT 475 236.3  80.8 300.0  05.2 1.02E-05 001.2 170.8  65.1 0.092903 0.210886 0.035457 hargrave 2021-04-29 14:57:09 
TT 500 244.3  80.7 300.5  04.0 9.37E-06 000.6 168.3  64.4 0.063633 0.095326 0.036268 hargrave 2021-05-01 10:05:25 
TT 520 247.4  83.1 302.8  04.8 8.25E-06 002.4 171.3  62.3 0.234307 0.298683 0.054997 hargrave 2021-05-02 16:36:44 
TT 535 234.7  79.8 299.1  05.2 8.13E-06 000.9 170.2  66.1 0.083281 0.110170 0.035991 hargrave 2021-05-04 09:17:10 
TT 550 232.9  81.3 300.4  05.9 7.46E-06 000.9 172.5  65.0 0.047898 0.121161 0.027436 hargrave 2021-05-04 18:54:52 
TT 560 234.7  75.9 295.4  04.1 7.87E-06 001.0 164.4  69.3 0.058726 0.140830 0.024365 hargrave 2021-05-05 16:23:14 
TT 570 227.6  86.7 305.6  07.6 5.31E-06 000.6 178.2  60.2 0.041495 0.044636 0.024310 hargrave 2021-05-06 22:39:43 
TT 580 282.6  86.8 307.5  05.2 3.97E-06 000.8 174.2  57.9 0.025497 0.046323 0.025366 hargrave 2021-05-08 19:57:07 
TT 590 299.2  84.4 308.0  02.6 3.02E-06 002.1 169.8  56.8 0.036540 0.120312 0.014778 hargrave 2021-05-09 18:57:22 
TT 600 179.7  78.8 299.9  15.1 2.54E-06 001.8 194.6  65.9 0.028763 0.083848 0.012483 hargrave 2021-05-11 09:45:16 
TT 610 231.9  78.4 297.5  05.3 1.74E-06 003.5 169.5  67.6 0.027692 0.111040 0.028472 hargrave 2021-05-12 09:42:33 
TT 620 233.1  65.0 284.7  01.4 1.85E-06 001.8 136.5  77.0 0.024319 0.067655 0.032583 hargrave 2021-05-13 12:35:29 
TT 630 028.2  33.3 004.4 -04.4 1.56E-06 048.3 177.1  00.3 0.027749 0.626006 1.809292 hargrave 2021-05-14 12:04:12 
TT 630 342.4  72.0 318.8 -06.9 2.26E-06 002.4 161.2  43.5 0.025261 0.105623 0.013778 hargrave 2021-05-14 13:11:12 
TT 640 017.2  75.5 322.3  02.6 2.18E-06 003.1 175.1  42.9 0.033975 0.126002 0.030195 hargrave 2021-05-15 10:12:52 
TT 650 077.9  69.9 325.4  20.2 1.97E-06 004.5 199.2  41.2 0.038365 0.165246 0.018706 hargrave 2021-05-16 12:04:50 
TT 660 218.7  41.7 260.3  05.5 1.25E-06 002.4 019.6  74.0 0.024680 0.052211 0.008439 hargrave 2021-05-17 13:17:17 
TT 664 023.1  70.0 328.1  02.3 2.02E-06 003.5 176.4  37.2 0.039341 0.134694 0.016407 hargrave 2021-05-18 15:36:55 
TT 668 210.1  41.8 260.1  11.9 1.12E-06 001.9 355.8  74.8 0.017542 0.036805 0.015979 hargrave 2021-05-19 18:08:42 
TT 672 342.9  71.3 319.3 -07.5 1.64E-06 004.8 160.8  42.7 0.028541 0.153201 0.015574 hargrave 2021-05-23 11:20:03 
TT 674 077.6  69.3 326.0  20.5 1.58E-06 006.2 199.5  40.6 0.049471 0.180908 0.021456 hargrave 2021-05-24 13:36:07 
TT 676 055.0  70.7 327.9  12.9 1.80E-06 003.8 189.7  38.8 0.033235 0.126973 0.028542 hargrave 2021-05-25 13:24:30 
