PF18- 73b sun compass orientation
 115.52 326.0  38.0 218.9  81.9   9.7
NRM    206.9  53.1 271.7  13.7 3.95E-05 001.1 254.9  72.4 0.225234 0.703151 0.214499 hargrave 2021-04-08 14:02:17 
TT  50 206.7  53.6 272.2  13.7 3.94E-05 001.5 253.2  72.4 0.892282 0.366811 0.219972 hargrave 2021-04-09 13:23:42 
TT 100 206.6  53.0 271.6  13.9 3.93E-05 001.0 255.1  72.2 0.102134 0.649043 0.212212 hargrave 2021-04-10 13:50:33 
TT 150 206.0  51.6 270.2  14.3 3.86E-05 001.1 259.2  71.6 0.127924 0.653264 0.225844 hargrave 2021-04-11 12:25:41 
TT 200 205.3  51.2 269.9  14.8 3.80E-05 001.4 260.2  71.1 0.566674 0.654750 0.269141 hargrave 2021-04-13 15:30:26 
TT 250 203.0  52.3 271.1  16.1 3.70E-05 001.2 256.1  69.9 0.383091 0.570262 0.271667 hargrave 2021-04-18 14:21:39 
TT 300 200.9  52.3 271.3  17.4 3.56E-05 001.1 255.2  68.7 0.146286 0.593847 0.284943 hargrave 2021-04-19 14:29:49 
TT 325 200.0  51.7 270.9  18.0 3.49E-05 002.0 256.3  68.0 1.080442 0.375361 0.290604 hargrave 2021-04-20 12:57:32 
TT 350 199.0  52.3 271.5  18.5 3.46E-05 001.3 254.6  67.5 0.568826 0.418377 0.288904 hargrave 2021-04-23 12:39:03 
TT 375 198.1  51.3 270.7  19.3 3.39E-05 001.3 256.5  66.7 0.389432 0.585792 0.214829 hargrave 2021-04-25 09:40:30 
TT 415 195.3  50.0 269.7  21.2 3.18E-05 002.1 258.1  64.7 0.843094 0.726090 0.245228 hargrave 2021-04-26 08:43:04 
TT 450 193.4  50.5 270.5  22.3 3.06E-05 001.8 256.2  63.7 0.829994 0.306688 0.315851 hargrave 2021-04-27 13:25:28 
TT 475 192.4  50.7 271.0  22.9 3.01E-05 001.8 255.2  63.2 0.861000 0.245943 0.272631 hargrave 2021-04-29 14:17:15 
TT 500 191.0  50.4 270.8  23.8 2.87E-05 001.0 255.3  62.2 0.111687 0.424467 0.261332 hargrave 2021-05-01 09:27:03 
TT 520 190.1  49.3 269.9  24.7 2.81E-05 001.6 256.9  61.2 0.168781 0.631378 0.384785 hargrave 2021-05-02 16:03:16 
TT 535 187.3  50.8 272.1  25.9 2.71E-05 001.0 252.7  60.1 0.074462 0.393062 0.229615 hargrave 2021-05-04 08:38:59 
TT 550 187.7  50.5 271.7  25.8 2.65E-05 002.7 253.4  60.3 1.187255 0.105521 0.219763 hargrave 2021-05-04 18:16:04 
TT 560 189.6  47.5 268.1  25.5 2.61E-05 004.0 259.9  60.2 1.639583 0.641423 0.226439 hargrave 2021-05-05 15:42:25 
TT 570 187.4  48.8 270.0  26.5 2.55E-05 000.8 256.3  59.5 0.281792 0.151850 0.157990 hargrave 2021-05-06 22:01:26 
TT 580 186.6  48.3 269.7  27.2 2.46E-05 000.8 256.7  58.8 0.283828 0.094324 0.123667 hargrave 2021-05-08 19:16:14 
TT 590 187.4  47.6 268.8  26.9 2.43E-05 001.3 258.4  58.9 0.334426 0.380070 0.208299 hargrave 2021-05-09 18:16:37 
TT 600 186.7  47.6 268.9  27.4 2.38E-05 001.5 258.1  58.5 0.431258 0.397257 0.185379 hargrave 2021-05-11 09:05:30 
TT 610 186.7  47.7 269.0  27.3 2.32E-05 002.7 257.9  58.6 0.883757 0.523828 0.221669 hargrave 2021-05-12 09:03:31 
TT 620 184.3  49.2 271.3  28.3 2.28E-05 001.5 254.0  57.8 0.371000 0.377344 0.231653 hargrave 2021-05-13 11:56:27 
TT 630 183.7  48.9 271.1  28.7 2.24E-05 001.0 254.2  57.3 0.184476 0.268862 0.208076 hargrave 2021-05-14 11:22:44 
TT 640 185.3  45.9 267.5  28.9 2.19E-05 001.8 260.0  56.8 0.472840 0.405387 0.223740 hargrave 2021-05-15 09:35:53 
TT 650 183.2  48.1 270.4  29.4 2.14E-05 002.0 255.2  56.6 0.620134 0.354613 0.199025 hargrave 2021-05-16 11:26:04 
TT 660 181.1  48.7 271.7  30.4 2.08E-05 002.4 253.1  55.7 0.656771 0.487114 0.179500 hargrave 2021-05-17 12:36:56 
TT 664 181.5  49.4 272.3  29.9 2.02E-05 001.6 252.3  56.2 0.442648 0.282647 0.154133 hargrave 2021-05-18 14:58:45 
TT 668 182.6  48.0 270.4  29.8 1.95E-05 002.0 255.1  56.2 0.555697 0.309052 0.156238 hargrave 2021-05-19 17:30:14 
TT 672 184.7  46.6 268.4  29.0 1.81E-05 002.0 258.5  56.9 0.526187 0.287327 0.180522 hargrave 2021-05-23 10:42:19 
TT 674 181.8  49.4 272.2  29.7 1.71E-05 000.9 252.4  56.4 0.115894 0.173470 0.164963 hargrave 2021-05-24 12:58:47 
TT 676 184.7  48.3 270.2  28.4 1.57E-05 002.4 255.7  57.6 0.536827 0.313338 0.146483 hargrave 2021-05-25 12:47:55 
TT 678 183.5  48.6 270.9  29.0 1.36E-05 000.9 254.5  57.0 0.060943 0.169755 0.117173 hargrave 2021-05-26 13:28:12 
TT 680 183.6  48.3 270.5  29.1 1.11E-05 003.0 255.2  57.0 0.505771 0.227750 0.072367 hargrave 2021-05-30 15:18:04 
TT 682 183.0  49.4 271.8  29.0 8.53E-06 001.0 253.0  57.1 0.046873 0.115310 0.074376 hargrave 2021-06-02 09:11:12 
TT 684 182.2  51.7 274.5  28.5 6.09E-06 002.0 248.7  57.5 0.187951 0.085414 0.030616 hargrave 2021-06-03 18:06:40 
TT 686 180.3  50.1 273.4  30.3 4.55E-06 001.1 250.6  55.8 0.061779 0.054970 0.027822 hargrave 2021-06-04 16:48:42 
TT 688 181.3  46.6 269.3  31.2 1.87E-06 003.8 256.6  54.8 0.115218 0.036970 0.010244 hargrave 2021-06-05 15:03:03 
TT 690 207.6  11.8 229.3  12.6 5.63E-07 003.3 319.9  43.8 0.021888 0.022760 0.003633 hargrave 2021-06-06 14:00:53 
TT 692 273.8  36.0 274.4 -34.9 1.45E-07 001.8 074.1  59.0 0.003638 0.002837 0.002103 hargrave 2021-06-08 09:32:10 
TT 695 274.5  36.3 275.1 -35.1 1.45E-07 001.2 075.2  58.7 0.001806 0.002144 0.001201 hargrave 2021-06-11 09:52:36 
