PF18- 162a mag compass orientation (IGRF corrected)
  158.7 146.6  21.0 222.8  83.0   9.9
NRM    260.2  44.7 275.9 -20.0 1.21E-05 003.0 198.3  25.1 0.086067 0.596087 0.197580 hargrave 2021-04-09 19:58:20 
TT  50 259.1  44.8 275.5 -19.3 1.20E-05 003.7 197.5  25.0 0.157381 0.737252 0.177742 hargrave 2021-04-10 18:29:48 
TT 100 264.9  42.4 275.9 -24.2 1.19E-05 001.9 202.4  23.4 0.183718 0.268160 0.215130 hargrave 2021-04-12 14:58:27 
TT 150 261.3  41.4 273.4 -22.5 1.16E-05 001.9 199.8  21.9 0.033304 0.326564 0.196715 hargrave 2021-04-14 15:57:24 
TT 200 255.2  41.9 271.3 -18.4 1.15E-05 001.8 194.8  21.7 0.206623 0.235505 0.175825 hargrave 2021-04-15 13:55:07 
TT 250 255.4  39.6 269.2 -19.5 1.04E-05 002.1 195.3  19.5 0.103813 0.342125 0.170828 hargrave 2021-04-16 18:38:22 
TT 300 255.9  39.2 269.0 -20.1 9.74E-06 003.0 195.7  19.1 0.051105 0.480431 0.164546 hargrave 2021-04-18 21:49:02 
TT 325 256.3  38.9 268.9 -20.5 9.62E-06 001.9 196.1  18.9 0.135207 0.222796 0.190857 hargrave 2021-04-21 18:25:39 
TT 350 259.6  38.4 269.8 -23.0 9.32E-06 001.4 198.9  18.7 0.065934 0.130222 0.176392 hargrave 2021-04-22 15:59:13 
TT 375 255.9  38.0 267.9 -20.6 8.39E-06 003.2 195.9  18.0 0.075378 0.426588 0.167461 hargrave 2021-04-23 17:14:30 
TT 415 257.7  37.2 267.8 -22.2 7.49E-06 001.4 197.5  17.3 0.049328 0.145075 0.115127 hargrave 2021-04-25 20:15:58 
TT 450 248.8  37.7 265.2 -15.6 6.94E-06 001.9 190.1  17.1 0.086438 0.214582 0.056287 hargrave 2021-04-28 09:47:44 
TT 475 253.8  36.5 265.7 -19.8 6.27E-06 001.3 194.3  16.2 0.045352 0.078787 0.107283 hargrave 2021-04-30 11:55:41 
TT 500 247.6  37.0 264.1 -15.0 6.04E-06 001.9 189.1  16.3 0.059946 0.172258 0.078105 hargrave 2021-05-01 14:01:16 
TT 520 237.0  21.2 246.0 -10.6 5.41E-06 020.4 180.4  00.2 0.035544 1.038790 1.699568 hargrave 2021-05-02 12:52:26 
TT 520 252.6  36.5 265.3 -18.9 5.73E-06 002.8 193.3  16.2 0.063051 0.266656 0.048344 hargrave 2021-05-02 13:01:47 
TT 535 249.2  35.9 263.6 -16.6 5.22E-06 005.9 190.5  15.3 0.075352 0.518236 0.082494 hargrave 2021-05-03 13:51:55 
TT 550 248.0  35.8 263.1 -15.8 4.99E-06 003.8 189.6  15.1 0.057557 0.320299 0.039572 hargrave 2021-05-05 12:39:31 
TT 560 244.8  35.7 262.1 -13.4 4.84E-06 007.5 186.9  14.9 0.063681 0.619458 0.076364 hargrave 2021-05-06 09:41:34 
TT 570 246.2  35.3 262.1 -14.5 4.70E-06 002.9 188.1  14.5 0.056768 0.222113 0.045443 hargrave 2021-05-07 15:36:00 
TT 580 248.8  35.2 262.8 -16.6 4.43E-06 001.3 190.3  14.6 0.045147 0.083051 0.054814 hargrave 2021-05-09 10:20:42 
TT 590 243.3  34.8 260.8 -12.4 4.22E-06 001.9 185.6  13.9 0.034031 0.128479 0.048356 hargrave 2021-05-10 11:11:37 
TT 600 242.0  34.1 259.8 -11.7 4.04E-06 001.2 184.6  13.2 0.039211 0.072285 0.036056 hargrave 2021-05-11 13:38:30 
TT 610 245.1  33.8 260.3 -14.2 3.73E-06 001.9 187.3  13.0 0.030006 0.117169 0.038513 hargrave 2021-05-12 14:35:30 
TT 620 242.0  32.4 258.2 -12.1 3.59E-06 003.4 184.6  11.5 0.025557 0.207923 0.041886 hargrave 2021-05-13 18:28:26 
TT 630 242.7  32.7 258.7 -12.6 3.43E-06 001.1 185.2  11.8 0.030797 0.043031 0.046706 hargrave 2021-05-15 18:23:57 
TT 640 244.5  31.7 258.1 -14.3 3.13E-06 001.3 186.8  10.9 0.033813 0.043466 0.051184 hargrave 2021-05-17 09:51:15 
TT 650 240.9  30.8 256.3 -11.7 3.17E-06 004.0 183.7  09.8 0.023597 0.210152 0.062539 hargrave 2021-05-18 12:03:12 
TT 660 239.2  30.4 255.5 -10.4 2.99E-06 003.2 182.3  09.4 0.032280 0.156696 0.057454 hargrave 2021-05-19 11:36:23 
TT 664 239.5  31.7 256.9 -10.3 2.66E-06 008.0 182.5  10.8 0.024083 0.367298 0.029626 hargrave 2021-05-20 19:26:37 
TT 668 242.9  29.3 255.3 -13.8 2.51E-06 001.2 185.5  08.4 0.023165 0.042056 0.030510 hargrave 2021-05-22 10:17:12 
TT 672 237.5  28.6 253.4 -09.4 2.21E-06 002.4 180.8  07.6 0.008619 0.081641 0.042909 hargrave 2021-05-24 10:15:37 
TT 674 233.8  30.6 254.6 -05.8 1.82E-06 004.2 177.5  09.6 0.031737 0.130439 0.016275 hargrave 2021-05-25 09:49:36 
TT 676 235.7  32.3 256.7 -07.1 1.37E-06 005.2 179.3  11.3 0.023634 0.121111 0.025716 hargrave 2021-05-26 09:51:18 
TT 678 235.9  26.1 250.6 -08.5 1.33E-06 007.8 179.3  05.1 0.025216 0.179115 0.021889 hargrave 2021-05-29 12:07:16 
TT 680 235.0  26.1 250.5 -07.8 6.99E-07 008.0 178.6  05.1 0.011518 0.097986 0.008596 hargrave 2021-05-31 09:52:55 
