PF18- 3a mag compass orientation (IGRF corrected)
 105.65  76.6  12.0 221.5  81.4   5.8
NRM    217.2  66.8 288.1  09.6 6.48E-05 002.5 214.9  57.9 1.139957 1.205697 0.180728 hargrave 2021-04-06 18:14:37 
TT  50 207.5  67.9 289.5  13.2 6.47E-05 003.7 207.6  57.9 1.306121 2.029103 0.175238 hargrave 2021-04-12 09:54:05 
TT 100 203.5  68.2 290.1  14.6 6.44E-05 004.1 204.8  57.8 1.356656 2.278133 0.182407 hargrave 2021-04-13 11:05:54 
TT 100 203.5  68.3 290.2  14.6 6.44E-05 004.1 204.7  57.9 1.333650 2.307678 0.170943 hargrave 2021-04-13 12:53:05 
TT 150 181.9  71.2 296.2  20.2 6.18E-05 014.6 189.6  59.5 1.781984 9.155515 0.178195 hargrave 2021-04-14 18:34:22 
TT 150 183.1  71.0 295.7  20.0 6.20E-05 014.1 190.5  59.3 1.867768 8.846952 0.168377 hargrave 2021-04-14 20:16:23 
TT 150 182.6  71.3 296.1  19.9 6.17E-05 015.5 190.0  59.6 1.755357 9.796998 0.154454 hargrave 2021-04-14 20:45:53 
TT 200 186.7  63.2 287.8  22.8 5.77E-05 003.8 194.5  51.7 0.836733 2.037401 0.165605 hargrave 2021-04-16 12:13:10 
TT 250 196.3  60.6 283.3  19.7 5.41E-05 008.4 202.1  49.7 1.956819 4.185854 0.178901 hargrave 2021-04-19 22:38:27 
TT 250 209.8  58.6 279.8  13.4 2.74E-05 021.7 213.1  49.1 9.337872 6.080416 12.84055 hargrave 2021-04-20 09:39:31 
TT 250 191.6  60.4 284.0  21.9 2.74E-05 019.1 198.7  49.2 10.51583 3.557784 12.88005 hargrave 2021-04-20 09:53:30 
TT 300 272.4  45.5 282.2 -25.6 5.25E-05 000.8 273.3  47.5 0.361639 0.139678 0.194567 hargrave 2021-04-21 12:37:12 
TT 325 269.2  45.3 280.2 -24.1 5.00E-05 002.0 270.2  46.6 0.999786 0.100321 0.148867 hargrave 2021-04-22 10:16:53 
TT 350 269.4  44.9 280.1 -24.4 4.77E-05 000.5 270.6  46.4 0.163173 0.090779 0.161335 hargrave 2021-04-23 08:09:42 
TT 375 267.9  44.8 279.2 -23.7 4.36E-05 002.0 269.1  45.9 0.866074 0.095072 0.142222 hargrave 2021-04-24 15:05:29 
TT 415 196.0  56.3 279.1  21.1 4.02E-05 005.0 202.9  45.5 0.755498 1.906216 0.167121 hargrave 2021-04-25 13:58:33 
TT 450 198.3  56.2 278.6  20.0 3.62E-05 010.1 204.7  45.6 1.488990 3.418185 0.198945 hargrave 2021-04-26 19:49:39 
TT 475 264.3  44.6 277.2 -21.9 3.54E-05 000.4 265.7  45.0 0.096872 0.070802 0.120511 hargrave 2021-04-29 09:40:58 
TT 500 165.0  59.7 292.1  33.0 3.24E-05 018.8 178.8  47.7 0.171643 6.382605 0.131130 hargrave 2021-04-30 14:48:14 
TT 500 197.2  55.3 277.8  20.8 1.70E-05 035.5 204.0  44.6 6.842272 3.046054 7.396204 hargrave 2021-04-30 16:41:59 
TT 520 265.9  44.1 277.6 -23.1 3.22E-05 000.5 267.5  44.8 0.124447 0.073701 0.096338 hargrave 2021-05-01 17:00:09 
TT 535 291.4  66.5 303.4 -13.5 2.25E-05 044.8 275.6  70.8 12.96543 0.933598 0.119944 hargrave 2021-05-03 08:36:10 
TT 535 194.4  55.1 278.1  22.4 3.08E-05 001.4 201.8  44.2 0.182115 0.398375 0.104216 hargrave 2021-05-03 10:44:47 
TT 550 189.8  55.5 279.4  24.7 2.97E-05 002.1 198.1  44.2 0.138712 0.598000 0.164915 hargrave 2021-05-04 12:22:16 
TT 560 199.9  55.3 277.4  19.3 2.80E-05 005.8 206.2  44.8 0.686952 1.504623 0.121800 hargrave 2021-05-06 15:43:54 
TT 570 193.1  55.6 278.9  22.9 2.70E-05 004.9 200.7  44.6 0.419905 1.272351 0.121683 hargrave 2021-05-07 10:25:57 
TT 580 198.5  55.7 278.0  19.9 2.59E-05 010.8 205.0  45.1 1.183552 2.593686 0.134226 hargrave 2021-05-08 11:46:12 
TT 580 170.5  58.0 288.3  32.3 2.54E-05 016.0 183.0  46.0 0.194848 4.224656 0.123886 hargrave 2021-05-08 14:49:26 
TT 590 200.1  54.9 277.0  19.3 2.51E-05 006.9 206.4  44.5 0.760943 1.582587 0.128594 hargrave 2021-05-09 13:08:49 
TT 600 210.9  53.6 274.7  13.2 2.41E-05 003.7 215.4  44.3 0.475233 0.758404 0.132937 hargrave 2021-05-10 13:55:18 
TT 610 206.6  53.4 274.7  15.8 2.29E-05 007.1 212.0  43.6 0.824280 1.422291 0.111641 hargrave 2021-05-11 15:50:25 
TT 620 163.7  57.3 290.9  35.3 2.15E-05 017.0 177.7  45.4 0.105848 3.811891 0.138472 hargrave 2021-05-12 18:11:20 
TT 620 189.4  54.6 278.6  25.2 2.24E-05 001.1 198.0  43.3 0.070292 0.220361 0.087861 hargrave 2021-05-13 09:14:33 
TT 630 188.0  54.5 278.9  26.0 2.17E-05 005.4 196.9  43.2 0.354191 1.143282 0.104504 hargrave 2021-05-14 15:28:51 
TT 640 193.2  54.6 277.8  23.2 2.00E-05 005.3 201.0  43.6 0.367787 1.006922 0.071899 hargrave 2021-05-15 13:13:24 
TT 650 195.2  54.2 277.0  22.2 1.92E-05 007.5 202.7  43.3 0.557891 1.366037 0.069868 hargrave 2021-05-16 16:06:26 
TT 660 195.7  54.0 276.7  21.9 1.57E-05 003.4 203.1  43.2 0.199577 0.504786 0.055363 hargrave 2021-05-17 16:45:02 
TT 664 193.8  52.7 275.7  23.4 1.05E-05 004.7 201.8  41.8 0.169348 0.471829 0.068611 hargrave 2021-05-18 20:14:19 
TT 668 193.1  53.5 276.7  23.6 8.47E-06 002.1 201.1  42.5 0.054351 0.165519 0.040366 hargrave 2021-05-20 09:02:48 
TT 672 192.1  51.3 274.6  24.9 5.03E-06 001.7 200.6  40.2 0.025117 0.086567 0.019897 hargrave 2021-05-23 14:22:04 
TT 674 185.3  53.7 278.8  27.8 3.05E-06 002.1 194.8  42.2 0.029294 0.055179 0.035908 hargrave 2021-05-24 16:42:41 
TT 676 178.2  47.6 274.9  34.6 2.06E-06 003.8 189.6  35.8 0.020537 0.072037 0.032788 hargrave 2021-05-25 16:28:12 
