PF18- 40a sun compass orientation
 100.42 146.6  31.0 221.5  81.4   8.5
NRM    317.1  75.3 312.9 -06.1 1.85E-04 002.6 205.2  53.8 5.872516 2.909545 2.731076 hargrave 2021-04-06 19:04:42 
TT  50 321.7  73.5 314.4 -07.7 1.84E-04 003.3 208.9  54.0 6.496563 5.722118 2.620891 hargrave 2021-04-12 10:57:54 
TT 100 319.9  73.4 313.9 -07.8 1.78E-04 002.6 208.5  53.6 5.076310 3.816200 2.656226 hargrave 2021-04-13 12:09:48 
TT 150 307.8  73.5 310.4 -07.9 1.49E-04 001.5 205.2  50.8 1.866505 1.718143 2.191965 hargrave 2021-04-14 19:26:39 
TT 200 283.0  67.3 300.7 -11.4 8.69E-05 002.1 201.7  40.8 0.340802 2.065138 1.694703 hargrave 2021-04-16 13:13:42 
TT 250 273.2  63.8 295.3 -12.0 7.12E-05 003.5 198.9  35.9 0.331502 3.353375 1.412455 hargrave 2021-04-19 23:33:28 
TT 300 275.0  60.8 294.0 -14.9 6.20E-05 006.8 201.3  33.4 2.925680 5.411394 1.389159 hargrave 2021-04-21 13:43:34 
TT 325 271.6  59.7 291.9 -14.7 5.58E-05 005.9 199.9  31.8 2.207382 4.218561 1.278792 hargrave 2021-04-22 11:22:45 
TT 350 275.1  57.4 291.9 -17.6 4.74E-05 010.1 202.9  30.4 3.260667 6.297059 1.136698 hargrave 2021-04-23 09:14:32 
TT 350 264.8  59.0 288.9 -12.8 4.81E-05 004.1 196.3  30.1 1.328510 2.367058 1.096761 hargrave 2021-04-23 10:06:55 
TT 375 262.7  56.4 286.1 -13.7 3.19E-05 003.1 195.9  27.2 0.698831 1.021940 0.779559 hargrave 2021-04-24 16:16:01 
TT 415 263.9  55.5 285.9 -14.7 2.80E-05 001.7 196.9  26.6 0.245085 0.220546 0.650823 hargrave 2021-04-25 15:20:00 
TT 450 265.3  53.7 285.1 -16.5 2.12E-05 002.5 198.3  25.1 0.090977 0.558468 0.531706 hargrave 2021-04-27 08:16:43 
TT 475 258.9  55.7 284.2 -12.4 1.99E-05 004.8 193.8  26.1 0.519651 1.224157 0.494159 hargrave 2021-04-29 10:45:32 
TT 500 257.7  55.9 284.0 -11.8 1.87E-05 003.5 193.0  26.1 0.047584 0.846458 0.468351 hargrave 2021-04-30 15:50:50 
TT 520 262.9  54.7 284.8 -14.8 1.72E-05 003.0 196.5  25.6 0.337423 0.501709 0.475327 hargrave 2021-05-01 18:02:50 
TT 535 265.6  53.7 285.1 -16.7 1.55E-05 001.7 198.5  25.0 0.194195 0.131814 0.307311 hargrave 2021-05-03 09:42:34 
TT 550 248.9  57.2 282.6 -06.9 1.45E-05 006.8 187.4  26.7 0.313960 1.380588 0.384659 hargrave 2021-05-04 13:25:48 
TT 560 254.8  55.4 282.6 -10.7 1.35E-05 002.7 191.3  25.3 0.228630 0.344402 0.345287 hargrave 2021-05-06 16:49:04 
TT 570 259.4  57.5 285.9 -11.5 1.20E-05 003.5 193.6  27.9 0.254849 0.495872 0.286941 hargrave 2021-05-07 11:30:19 
TT 580 252.7  58.0 284.3 -08.3 1.12E-05 002.6 189.6  27.7 0.198887 0.239242 0.301415 hargrave 2021-05-08 12:54:40 
TT 590 253.3  57.0 283.5 -09.1 1.03E-05 002.7 190.1  26.7 0.176208 0.263818 0.275442 hargrave 2021-05-09 14:17:09 
TT 600 246.1  56.4 281.1 -05.9 8.85E-06 004.8 185.8  25.7 0.165000 0.547191 0.261949 hargrave 2021-05-10 15:02:17 
TT 610 249.1  56.4 281.9 -07.4 7.81E-06 003.4 187.6  25.8 0.140584 0.285967 0.229003 hargrave 2021-05-11 16:57:45 
TT 620 249.9  48.0 274.6 -11.7 5.31E-06 003.6 189.3  17.6 0.076270 0.237207 0.144173 hargrave 2021-05-12 19:18:47 
TT 630 231.3  54.8 276.9  01.4 5.52E-06 002.4 176.7  23.9 0.077000 0.062889 0.175019 hargrave 2021-05-14 16:34:58 
TT 640 253.3  55.2 282.0 -10.1 3.67E-06 006.5 190.4  25.0 0.095132 0.327895 0.098879 hargrave 2021-05-15 14:18:20 
TT 650 245.9  52.3 277.3 -07.5 4.71E-06 006.7 186.1  21.6 0.097405 0.443751 0.125874 hargrave 2021-05-16 17:10:30 
TT 660 249.8  52.7 278.8 -09.5 4.00E-06 005.3 188.6  22.2 0.080162 0.284889 0.105891 hargrave 2021-05-17 17:50:51 
TT 664 225.2  51.9 273.3  04.5 3.68E-06 006.9 172.5  21.3 0.026367 0.363643 0.109636 hargrave 2021-05-18 21:18:38 
TT 668 258.3  52.0 280.9 -14.3 2.79E-06 005.8 194.2  22.4 0.090239 0.214791 0.070999 hargrave 2021-05-20 10:07:20 
TT 672 231.6  49.8 272.1  00.1 3.44E-06 006.1 176.6  18.9 0.035388 0.292444 0.103798 hargrave 2021-05-23 15:27:30 
TT 674 223.3  54.2 275.5  05.9 2.68E-06 004.6 171.5  23.7 0.043910 0.162935 0.079382 hargrave 2021-05-24 17:48:07 
TT 676 248.1  50.0 275.8 -09.8 3.09E-06 003.9 187.8  19.4 0.054602 0.157298 0.077937 hargrave 2021-05-25 17:37:48 
