PF18- 5a mag compass orientation (IGRF corrected)
  105.4 266.6  17.0 221.5  81.4  11.7
NRM    260.0  63.1 290.5 -08.4 3.42E-05 003.0 115.1  60.2 1.775073 1.083106 0.189189 hargrave 2021-04-06 18:16:53 
TT  50 257.1  62.2 289.0 -07.8 3.42E-05 001.0 111.8  60.3 0.582976 0.376802 0.153556 hargrave 2021-04-12 09:56:55 
TT 100 261.4  63.4 291.1 -08.6 3.38E-05 002.4 116.5  60.1 1.383574 0.867202 0.152580 hargrave 2021-04-13 11:08:46 
TT 100 261.5  63.3 291.1 -08.7 3.37E-05 002.4 116.4  60.0 1.376532 0.914472 0.179205 hargrave 2021-04-13 12:55:56 
TT 150 262.1  63.0 291.1 -09.1 3.28E-05 004.8 116.6  59.6 2.806913 1.602086 0.163187 hargrave 2021-04-14 18:36:44 
TT 200 256.1  57.1 284.5 -10.4 2.88E-05 002.2 105.8  56.3 1.073114 0.663621 0.241897 hargrave 2021-04-16 12:16:01 
TT 250 251.1  53.1 279.5 -10.0 2.67E-05 002.7 098.0  54.3 1.339864 0.544554 0.230808 hargrave 2021-04-19 22:42:57 
TT 300 250.1  52.0 278.2 -10.0 2.54E-05 002.4 096.1  53.6 1.087245 0.495837 0.330461 hargrave 2021-04-21 12:40:04 
TT 325 249.6  51.4 277.5 -10.0 2.37E-05 002.3 095.2  53.2 0.985924 0.431025 0.280312 hargrave 2021-04-22 10:19:45 
TT 350 249.6  51.2 277.4 -10.1 2.22E-05 001.8 095.1  53.0 0.712575 0.377052 0.243570 hargrave 2021-04-23 08:12:34 
TT 375 250.1  51.5 277.8 -10.2 1.96E-05 002.4 095.7  53.1 0.881526 0.366627 0.223826 hargrave 2021-04-24 15:08:21 
TT 415 248.8  51.3 277.2 -09.6 1.75E-05 002.2 094.4  53.3 0.662285 0.352423 0.261793 hargrave 2021-04-25 14:01:24 
TT 450 248.1  50.7 276.5 -09.5 1.50E-05 002.3 093.3  53.0 0.637782 0.239014 0.145915 hargrave 2021-04-26 19:51:59 
TT 475 243.9  49.8 274.5 -07.4 1.44E-05 001.7 088.6  53.5 0.422571 0.247011 0.172076 hargrave 2021-04-29 09:43:50 
TT 500 243.3  50.2 274.7 -06.9 1.33E-05 004.2 088.3  54.0 1.128884 0.166500 0.164435 hargrave 2021-04-30 14:51:06 
TT 520 242.9  50.1 274.6 -06.7 1.20E-05 001.6 087.8  54.0 0.320806 0.194368 0.121503 hargrave 2021-05-01 17:03:04 
TT 535 248.2  53.1 278.6 -08.4 1.11E-05 001.1 095.2  55.1 0.080060 0.198762 0.146901 hargrave 2021-05-03 08:39:51 
TT 550 242.5  51.6 275.8 -05.9 1.03E-05 002.8 088.7  55.4 0.555720 0.141346 0.120520 hargrave 2021-05-04 12:25:07 
TT 560 237.8  50.3 273.6 -03.5 9.17E-06 004.2 082.9  55.7 0.764894 0.093225 0.121214 hargrave 2021-05-06 15:46:45 
TT 570 239.3  50.8 274.3 -04.3 8.72E-06 002.9 084.8  55.6 0.478394 0.132328 0.144773 hargrave 2021-05-07 10:28:50 
TT 580 242.0  51.5 275.6 -05.7 7.92E-06 001.9 088.1  55.5 0.267821 0.137117 0.074890 hargrave 2021-05-08 11:49:03 
TT 590 240.1  50.8 274.5 -04.8 7.54E-06 002.4 085.6  55.4 0.345565 0.114826 0.077853 hargrave 2021-05-09 13:11:42 
TT 600 236.9  49.7 272.9 -03.2 6.76E-06 001.4 081.5  55.4 0.154410 0.105969 0.082199 hargrave 2021-05-10 13:58:14 
TT 610 239.1  51.3 274.9 -04.0 5.93E-06 001.6 085.1  56.2 0.164404 0.098834 0.053953 hargrave 2021-05-11 15:53:17 
TT 620 236.0  49.1 272.1 -02.8 5.34E-06 001.9 080.2  55.1 0.174639 0.072643 0.080935 hargrave 2021-05-12 18:14:11 
TT 630 239.6  54.6 278.0 -03.2 4.92E-06 002.6 088.6  58.9 0.241841 0.088956 0.060036 hargrave 2021-05-14 15:31:43 
TT 640 228.4  54.5 276.3  03.0 3.81E-06 001.6 077.1  62.1 0.065269 0.080751 0.076748 hargrave 2021-05-15 13:16:19 
TT 650 241.8  57.1 280.8 -03.5 3.28E-06 002.6 093.2  60.4 0.155704 0.070367 0.041555 hargrave 2021-05-16 16:09:21 
TT 660 234.8  45.0 267.9 -03.2 2.60E-06 001.8 076.1  51.7 0.053485 0.055110 0.068314 hargrave 2021-05-17 16:47:55 
TT 664 251.5  53.5 280.0 -10.0 2.19E-06 001.1 098.6  54.5 0.040766 0.029453 0.015717 hargrave 2021-05-18 20:17:10 
TT 668 231.4  42.1 264.6 -01.5 1.99E-06 002.0 070.7  50.1 0.056938 0.043772 0.039591 hargrave 2021-05-20 09:05:38 
TT 672 255.6  49.7 278.0 -14.1 1.62E-06 002.2 099.4  50.0 0.062993 0.024765 0.037382 hargrave 2021-05-23 14:24:57 
TT 674 262.5  48.8 279.9 -18.3 1.35E-06 001.2 104.9  47.2 0.028293 0.014702 0.013462 hargrave 2021-05-24 16:45:36 
TT 676 267.9  32.3 268.3 -31.6 8.83E-07 001.9 101.7  30.4 0.031051 0.014330 0.010592 hargrave 2021-05-25 16:31:07 
TT 678 200.2  22.7 242.6  22.9 7.74E-07 002.6 028.0  38.1 0.021825 0.026717 0.026721 hargrave 2021-05-26 17:10:59 
TT 680 273.5  10.9 248.1 -47.5 5.15E-07 003.3 099.8  08.4 0.033457 0.012119 0.007673 hargrave 2021-05-30 11:21:09 
TT 682 022.1  08.3 029.9 -17.6 4.59E-07 003.9 205.5 -07.1 0.014826 0.031363 0.016240 hargrave 2021-05-31 12:29:59 
