PF18- 142a mag compass orientation (IGRF corrected)
 146.73 127.6  23.0 222.8  83.0  11.1
NRM    222.8  49.8 272.4  05.3 1.05E-04 001.9 183.8  26.9 1.521089 0.975058 3.466373 hargrave 2021-04-09 19:20:34 
TT  50 221.4  49.8 272.4  06.2 1.05E-04 003.1 182.8  26.9 1.786792 4.859700 3.396676 hargrave 2021-04-10 18:01:16 
TT 100 222.2  49.1 271.6  05.7 1.04E-04 003.5 183.4  26.1 1.031682 6.180454 3.324971 hargrave 2021-04-12 14:28:28 
TT 150 225.7  46.5 269.3  03.1 5.13E-05 055.6 186.1  23.7 55.45197 5.895463 24.48454 hargrave 2021-04-14 15:20:14 
TT 150 222.6  48.3 270.9  05.3 1.03E-04 003.0 183.7  25.4 1.156006 4.674404 3.383540 hargrave 2021-04-14 16:05:04 
TT 200 225.5  48.3 271.0  03.4 1.02E-04 003.1 185.8  25.4 0.445277 5.251725 3.374683 hargrave 2021-04-15 13:15:49 
TT 250 224.8  47.5 270.2  03.8 9.80E-05 003.7 185.3  24.6 0.765248 6.204448 3.275866 hargrave 2021-04-16 18:07:13 
TT 300 219.2  47.3 269.7  07.6 8.56E-05 002.0 181.2  24.3 0.786376 1.931825 2.637543 hargrave 2021-04-18 21:10:29 
TT 325 222.3  47.2 269.8  05.5 8.05E-05 004.0 183.5  24.3 0.722003 5.534401 2.661013 hargrave 2021-04-21 17:49:38 
TT 350 220.2  47.2 269.6  06.9 7.58E-05 002.1 181.9  24.2 0.948506 1.638465 2.534508 hargrave 2021-04-22 15:22:47 
TT 375 218.8  47.3 269.7  07.9 7.07E-05 005.8 180.9  24.3 0.721639 7.641044 2.357062 hargrave 2021-04-23 16:36:19 
TT 415 217.8  48.9 271.4  08.5 3.51E-05 036.1 180.2  25.9 37.42119 0.262386 18.18928 hargrave 2021-04-25 19:39:36 
TT 415 222.4  47.4 270.0  05.4 6.98E-05 004.0 183.5  24.4 0.482498 5.055303 2.093229 hargrave 2021-04-25 20:41:54 
TT 450 219.9  47.6 270.1  07.1 6.43E-05 002.2 181.7  24.6 0.805549 1.395603 2.199814 hargrave 2021-04-28 09:13:18 
TT 475 221.6  45.2 267.8  05.8 3.07E-05 046.8 183.1  22.3 33.66190 1.826776 13.82125 hargrave 2021-04-30 11:16:44 
TT 475 218.4  46.9 269.3  08.1 6.15E-05 003.0 180.6  23.9 0.628221 2.929602 2.008439 hargrave 2021-04-30 12:07:08 
TT 500 226.3  47.8 270.7  02.9 5.83E-05 003.2 186.4  25.0 0.365880 3.266985 1.648492 hargrave 2021-05-01 13:23:51 
TT 520 222.8  47.5 270.1  05.2 5.43E-05 001.9 183.8  24.6 0.784355 0.352118 1.783202 hargrave 2021-05-02 12:14:34 
TT 535 221.0  48.1 270.6  06.4 2.37E-05 038.4 182.5  25.2 25.38028 1.116304 11.93088 hargrave 2021-05-03 13:12:06 
TT 535 224.0  47.0 269.6  04.3 4.71E-05 002.4 184.8  24.1 0.256531 1.945789 1.058734 hargrave 2021-05-03 15:42:43 
TT 550 218.0  46.9 269.4  08.4 3.21E-05 002.6 180.3  23.9 0.478643 1.127984 1.041349 hargrave 2021-05-05 12:01:41 
TT 560 216.4  45.0 267.4  09.4 2.07E-05 002.6 179.1  22.0 0.293832 0.739022 0.664148 hargrave 2021-05-06 09:03:50 
TT 570 217.7  47.5 269.9  08.6 1.64E-05 002.7 180.1  24.5 0.228754 0.628172 0.537002 hargrave 2021-05-07 14:59:06 
TT 580 214.9  45.3 267.7  10.5 1.52E-05 002.9 178.0  22.3 0.210423 0.644279 0.539582 hargrave 2021-05-09 09:41:40 
TT 590 215.4  44.2 266.6  10.1 1.44E-05 004.0 178.3  21.2 0.177228 1.026262 0.435943 hargrave 2021-05-10 10:33:37 
TT 600 218.4  47.5 270.0  08.1 1.16E-05 004.6 180.6  24.5 0.145135 0.968485 0.351394 hargrave 2021-05-11 13:00:43 
TT 610 200.6  46.6 270.1  20.2 1.00E-05 004.2 167.3  24.4 0.311712 0.682403 0.318509 hargrave 2021-05-12 14:00:55 
TT 620 221.1  43.4 265.8  06.0 9.73E-06 005.1 182.7  20.4 0.079136 0.905547 0.319131 hargrave 2021-05-13 17:52:23 
TT 630 218.5  47.0 269.4  08.0 8.19E-06 004.7 180.7  24.0 0.092346 0.716421 0.223120 hargrave 2021-05-16 13:47:55 
TT 640 209.9  39.9 262.2  14.4 8.06E-06 005.4 173.8  17.0 0.240022 0.778283 0.240869 hargrave 2021-05-17 09:13:53 
TT 650 225.9  44.2 267.0  02.7 5.53E-06 004.0 186.4  21.3 0.026733 0.409383 0.130807 hargrave 2021-05-18 11:24:20 
TT 660 224.8  46.4 269.1  03.7 4.51E-06 003.1 185.4  23.5 0.022485 0.249273 0.113378 hargrave 2021-05-19 11:00:07 
TT 664 234.2  43.5 267.4 -03.3 3.34E-06 003.4 192.8  21.2 0.066159 0.202273 0.081840 hargrave 2021-05-20 18:49:45 
TT 668 261.5  46.5 278.0 -19.8 2.12E-06 001.9 212.8  28.3 0.073881 0.057541 0.031789 hargrave 2021-05-22 09:41:50 
TT 672 284.4  29.4 277.2 -44.5 1.21E-06 001.6 237.6  18.5 0.032651 0.038900 0.024478 hargrave 2021-05-24 09:40:19 
TT 674 212.3  29.9 252.0  12.6 2.80E-06 003.0 175.4  07.0 0.144176 0.129364 0.075336 hargrave 2021-05-25 09:14:13 
TT 676 318.3 -02.5 003.8 -82.9 9.64E-07 003.7 280.9  01.9 0.057488 0.051904 0.017269 hargrave 2021-05-26 09:16:45 
TT 678 085.8 -25.2 079.7  34.1 1.29E-06 007.7 043.1 -09.0 0.105238 0.167436 0.012344 hargrave 2021-05-29 11:33:36 
TT 680 302.7  03.3 268.0 -75.6 5.28E-07 054.9 264.2  01.1 0.066648 0.623226 0.013551 hargrave 2021-05-31 09:16:43 
TT 680 314.4 -01.9 330.4 -84.7 1.08E-06 002.6 277.0  00.9 0.048810 0.031748 0.015727 hargrave 2021-05-31 10:20:00 
