PF18- 124a mag compass orientation (IGRF corrected)
 136.31 314.6  48.0 218.9  81.9  12.6
NRM    205.7  66.1 285.0  12.7 3.14E-05 000.9 197.2  63.7 0.525814 0.186310 0.320629 hargrave 2021-04-09 18:48:43 
TT  50 213.3  67.5 286.2  09.6 3.13E-05 001.7 189.7  63.7 0.409281 1.101826 0.278071 hargrave 2021-04-10 17:33:06 
TT 100 210.2  66.9 285.6  10.9 3.09E-05 000.9 192.8  63.9 0.507678 0.232815 0.292521 hargrave 2021-04-12 14:02:00 
TT 150 208.7  65.6 284.4  11.6 2.95E-05 000.9 195.4  64.8 0.346914 0.417797 0.287621 hargrave 2021-04-14 14:47:27 
TT 200 209.4  65.4 284.2  11.3 2.91E-05 000.8 195.0  65.1 0.218919 0.403244 0.336968 hargrave 2021-04-15 12:44:17 
TT 250 212.7  60.5 279.0  10.1 2.49E-05 000.8 197.4  70.2 0.355227 0.121329 0.194164 hargrave 2021-04-16 17:41:11 
TT 300 217.8  59.5 278.1  07.5 2.36E-05 000.8 191.2  72.0 0.295007 0.245662 0.196263 hargrave 2021-04-18 20:37:46 
TT 325 217.4  59.0 277.6  07.7 2.24E-05 001.3 192.3  72.4 0.320079 0.531035 0.137545 hargrave 2021-04-21 16:50:05 
TT 350 218.0  58.8 277.4  07.4 2.12E-05 001.0 191.5  72.7 0.452102 0.106851 0.120995 hargrave 2021-04-22 14:51:29 
TT 375 220.5  57.6 276.3  06.0 1.83E-05 001.0 188.0  74.2 0.203916 0.348306 0.098148 hargrave 2021-04-23 16:04:49 
TT 415 218.3  56.5 275.1  07.1 1.51E-05 000.6 193.5  75.0 0.129308 0.129178 0.091231 hargrave 2021-04-25 19:06:32 
TT 450 215.8  55.3 273.8  08.4 1.35E-05 001.8 200.4  75.5 0.386811 0.347800 0.116638 hargrave 2021-04-28 08:27:27 
TT 475 215.0  54.6 273.1  08.8 1.25E-05 001.4 203.3  75.9 0.284735 0.229472 0.081799 hargrave 2021-04-30 10:42:44 
TT 500 213.3  54.4 272.9  09.9 1.14E-05 000.9 207.3  75.5 0.205514 0.057963 0.039333 hargrave 2021-05-01 12:52:30 
TT 520 211.7  55.1 273.6  10.8 1.06E-05 000.8 208.4  74.4 0.182638 0.070732 0.035656 hargrave 2021-05-02 11:41:11 
TT 535 209.5  54.7 273.3  12.0 1.01E-05 001.2 212.8  73.9 0.180843 0.186405 0.041826 hargrave 2021-05-03 12:38:10 
TT 550 211.5  54.5 273.0  10.9 9.44E-06 001.2 210.3  74.8 0.151760 0.198112 0.055799 hargrave 2021-05-05 11:28:11 
TT 560 206.8  54.7 273.4  13.6 7.30E-06 001.9 216.5  72.7 0.299077 0.066296 0.033520 hargrave 2021-05-06 08:31:10 
TT 570 210.3  51.7 270.1  11.6 8.08E-06 001.3 220.2  76.3 0.084532 0.208275 0.030454 hargrave 2021-05-07 14:25:44 
TT 580 199.8  44.4 263.2  19.3 6.00E-06 001.4 254.1  71.8 0.182096 0.048030 0.030461 hargrave 2021-05-09 09:08:38 
TT 590 204.2  49.4 268.1  15.7 3.51E-06 001.5 235.4  74.0 0.110992 0.026062 0.021184 hargrave 2021-05-10 09:59:19 
TT 600 190.7  56.7 277.4  22.0 4.01E-06 001.3 224.2  63.9 0.076353 0.071257 0.044259 hargrave 2021-05-11 12:28:04 
TT 610 189.1  49.3 270.2  25.3 4.30E-06 001.0 241.1  64.4 0.043424 0.077409 0.031991 hargrave 2021-05-12 13:30:45 
TT 620 214.8  61.4 280.0  09.1 2.68E-06 001.5 193.6  69.7 0.081772 0.024984 0.018769 hargrave 2021-05-13 17:21:31 
TT 630 169.5  55.7 283.0  32.7 3.15E-06 002.1 229.3  52.4 0.142776 0.045844 0.024999 hargrave 2021-05-15 17:14:32 
TT 640 204.5  11.9 229.0  15.7 2.79E-06 003.9 323.9  55.1 0.193414 0.139241 0.042840 hargrave 2021-05-17 08:42:42 
TT 650 163.8  46.2 277.0  41.6 2.91E-06 002.4 242.8  47.2 0.142249 0.051065 0.025012 hargrave 2021-05-18 10:51:33 
TT 660 145.2  62.4 299.8  34.4 2.86E-06 001.9 217.1  41.0 0.101091 0.070588 0.026845 hargrave 2021-05-19 10:27:12 
TT 664 156.9  41.8 277.2  48.2 2.49E-06 003.7 246.1  41.0 0.175348 0.105814 0.016441 hargrave 2021-05-20 18:16:16 
TT 668 206.7  02.1 219.3  12.3 2.16E-06 005.4 333.3  47.0 0.188636 0.179440 0.036940 hargrave 2021-05-22 09:10:49 
TT 672 151.9  55.5 292.3  39.3 2.65E-06 002.7 227.3  42.6 0.161684 0.040905 0.027039 hargrave 2021-05-24 09:10:07 
TT 674 116.2  77.9 311.7  19.9 2.30E-06 004.1 194.5  37.2 0.172881 0.155477 0.014845 hargrave 2021-05-25 08:43:54 
TT 676 270.7 -27.8 185.2 -48.9 1.14E-06 003.2 040.1  08.2 0.038667 0.104817 0.030182 hargrave 2021-05-26 08:42:12 
