PF18- 54a sun compass orientation
   96.9 119.8  37.0 221.5  81.4   7.2
NRM    279.9  71.2 301.7 -07.5 8.68E-05 008.0 204.7  43.6 2.750983 8.308034 0.973385 hargrave 2021-04-06 19:28:09 
NRM    291.6  65.5 303.1 -14.4 8.71E-05 003.9 214.6  43.8 1.774714 3.762781 0.810506 hargrave 2021-04-07 09:03:56 
TT  50 287.2  66.9 302.0 -12.4 8.70E-05 001.4 211.6  43.1 0.740533 0.598138 1.146339 hargrave 2021-04-12 11:23:46 
TT 100 282.7  66.2 300.0 -12.3 8.05E-05 002.0 210.9  41.3 1.406026 1.081079 1.066125 hargrave 2021-04-13 12:37:24 
TT 150 275.4  61.8 294.8 -14.2 6.52E-05 003.3 212.1  35.9 1.697991 1.968679 0.765944 hargrave 2021-04-14 19:50:36 
TT 200 275.1  58.4 292.6 -16.8 5.93E-05 001.3 214.7  33.3 0.207447 0.520825 0.794928 hargrave 2021-04-16 13:37:29 
TT 250 267.4  60.4 290.9 -12.7 5.42E-05 006.4 209.6  32.3 2.432756 3.544386 0.698510 hargrave 2021-04-19 23:56:20 
TT 300 268.1  58.8 289.9 -14.1 4.82E-05 001.5 211.1  31.3 0.079522 0.674988 0.621447 hargrave 2021-04-21 14:11:56 
TT 325 266.0  58.9 289.2 -13.3 4.43E-05 001.0 210.0  30.7 0.307531 0.166570 0.450964 hargrave 2021-04-22 11:51:19 
TT 350 262.0  60.2 288.9 -10.9 4.05E-05 003.0 207.1  30.7 0.521226 1.395852 0.374484 hargrave 2021-04-23 09:43:39 
TT 375 253.8  61.9 287.9 -06.7 3.56E-05 004.0 202.2  30.1 0.833465 1.547277 0.357116 hargrave 2021-04-24 16:44:30 
TT 415 251.9  62.1 287.6 -05.8 3.37E-05 005.4 201.2  29.8 0.963639 2.029348 0.480435 hargrave 2021-04-25 16:20:58 
TT 450 259.2  59.7 287.6 -10.2 3.05E-05 004.2 206.1  29.4 0.743542 1.377270 0.370309 hargrave 2021-04-27 08:37:02 
TT 475 255.4  61.3 287.7 -07.7 2.89E-05 005.8 203.3  29.9 0.982865 1.852308 0.360737 hargrave 2021-04-29 11:14:33 
TT 500 259.7  59.4 287.5 -10.5 2.74E-05 003.1 206.5  29.4 0.566851 0.878185 0.276216 hargrave 2021-04-30 16:16:39 
TT 520 251.0  62.2 287.4 -05.4 2.57E-05 009.1 200.7  29.7 1.170280 2.721587 0.302013 hargrave 2021-05-01 18:29:25 
TT 535 251.9  61.5 287.1 -06.1 2.37E-05 004.6 201.5  29.3 0.544280 1.250750 0.184537 hargrave 2021-05-03 10:11:46 
TT 550 254.0  60.9 287.1 -07.3 2.18E-05 003.4 202.8  29.2 0.439753 0.756204 0.299605 hargrave 2021-05-04 13:54:49 
TT 560 241.6  63.6 286.8 -01.0 1.80E-05 002.6 195.6  29.2 0.228049 0.510267 0.215580 hargrave 2021-05-06 17:18:07 
TT 570 259.5  61.2 288.9 -09.3 1.26E-05 011.4 205.3  30.8 0.828576 1.631493 0.107400 hargrave 2021-05-07 11:58:04 
TT 580 247.2  64.8 288.9 -02.7 1.11E-05 001.7 197.6  31.2 0.107893 0.174659 0.115800 hargrave 2021-05-08 13:22:58 
TT 590 249.1  62.2 287.0 -04.7 1.07E-05 003.2 199.8  29.3 0.162454 0.384512 0.104941 hargrave 2021-05-09 14:49:01 
TT 600 235.9  65.3 287.6  01.9 9.17E-06 001.4 192.3  30.0 0.072717 0.130480 0.071564 hargrave 2021-05-10 15:32:51 
TT 610 248.2  58.4 283.4 -06.1 9.10E-06 003.6 201.2  25.6 0.147304 0.375638 0.100526 hargrave 2021-05-11 17:29:29 
TT 620 241.5  66.7 289.7  00.2 6.39E-06 010.3 194.2  32.1 0.186416 0.814481 0.064189 hargrave 2021-05-12 19:43:52 
TT 620 247.4  65.2 289.3 -02.6 6.43E-06 007.5 197.5  31.7 0.181305 0.584688 0.043305 hargrave 2021-05-13 09:16:23 
TT 630 242.4  59.1 282.8 -03.0 7.61E-06 004.5 197.8  25.1 0.129866 0.408204 0.079553 hargrave 2021-05-14 17:03:16 
TT 640 238.3  56.7 279.8 -01.8 7.21E-06 001.3 196.5  22.2 0.041105 0.104442 0.045833 hargrave 2021-05-15 14:47:03 
TT 650 236.7  60.1 282.8  00.0 6.42E-06 002.6 194.4  25.2 0.053537 0.203819 0.049342 hargrave 2021-05-16 17:38:25 
TT 660 234.8  56.6 279.1 -00.0 7.00E-06 001.6 194.5  21.5 0.051481 0.129435 0.049961 hargrave 2021-05-17 18:20:38 
TT 664 243.7  60.7 284.5 -03.0 6.51E-06 008.9 197.8  26.8 0.217492 0.702291 0.055768 hargrave 2021-05-18 21:47:30 
TT 668 240.9  55.9 279.5 -03.4 6.23E-06 001.0 198.2  21.8 0.047294 0.054222 0.043738 hargrave 2021-05-20 10:36:20 
TT 672 241.9  57.3 281.1 -03.5 5.32E-06 002.1 198.2  23.4 0.034880 0.137725 0.030949 hargrave 2021-05-23 15:56:56 
TT 674 232.6  55.9 278.1  01.0 5.33E-06 002.7 193.4  20.5 0.076146 0.168998 0.043160 hargrave 2021-05-24 18:14:08 
TT 676 219.7  73.7 295.0  08.8 2.83E-06 002.4 183.5  36.9 0.033904 0.083637 0.021860 hargrave 2021-05-25 18:04:59 
TT 678 209.6  65.7 287.1  12.7 2.39E-06 002.5 179.9  28.7 0.029996 0.074235 0.017141 hargrave 2021-05-26 18:43:30 
TT 680 219.9  53.5 274.6  07.8 3.68E-06 003.1 186.3  16.9 0.030449 0.133876 0.061840 hargrave 2021-05-30 12:49:04 
TT 682 227.7  45.2 267.0  01.8 1.56E-06 002.2 192.7  09.4 0.032557 0.030770 0.032190 hargrave 2021-05-31 13:58:26 
