PF18- 88a sun compass orientation
 121.75 303.4  32.0 218.9  81.9  11.4
NRM    289.6  70.9 302.6 -10.0 8.46E-05 001.2 143.7  57.4 0.550787 1.765222 0.757776 hargrave 2021-04-08 14:27:40 
TT  50 292.6  74.2 304.5 -07.1 8.35E-05 001.5 150.2  57.4 2.123054 0.964880 0.725693 hargrave 2021-04-09 13:49:13 
TT 100 286.4  72.2 302.1 -08.3 7.28E-05 002.9 145.8  58.7 3.232770 2.654545 0.581472 hargrave 2021-04-10 14:17:29 
TT 150 267.1  61.5 289.9 -13.2 4.28E-05 000.9 120.6  63.5 0.733463 0.175624 0.216489 hargrave 2021-04-11 12:51:41 
TT 200 261.3  54.7 282.6 -15.7 3.63E-05 000.9 103.6  63.8 0.638260 0.205241 0.146371 hargrave 2021-04-13 15:52:15 
TT 250 260.4  52.7 280.6 -16.6 2.85E-05 000.3 099.1  63.3 0.142658 0.106302 0.113844 hargrave 2021-04-18 14:43:41 
TT 300 257.6  50.8 278.0 -16.4 2.36E-05 001.5 093.4  63.8 0.674734 0.085962 0.101337 hargrave 2021-04-19 14:59:03 
TT 325 256.0  48.9 275.8 -16.6 1.92E-05 002.1 088.7  63.6 0.786691 0.069300 0.071024 hargrave 2021-04-20 13:25:10 
TT 350 255.0  47.9 274.4 -16.6 1.64E-05 001.7 085.8  63.5 0.564766 0.054630 0.061726 hargrave 2021-04-23 13:04:23 
TT 375 255.9  47.7 274.6 -17.2 1.47E-05 000.3 086.3  62.9 0.074802 0.046893 0.048970 hargrave 2021-04-25 10:05:45 
TT 415 254.5  47.7 274.1 -16.5 1.33E-05 000.9 085.1  63.6 0.220349 0.053424 0.061386 hargrave 2021-04-26 09:09:21 
TT 450 253.4  47.2 273.3 -16.1 1.14E-05 000.5 083.2  63.9 0.053426 0.079589 0.055512 hargrave 2021-04-27 13:53:04 
TT 475 253.4  47.4 273.4 -16.0 1.03E-05 001.4 083.5  64.1 0.289733 0.049838 0.037444 hargrave 2021-04-29 14:43:17 
TT 500 250.7  46.2 271.4 -15.0 9.26E-06 003.3 078.7  64.7 0.602336 0.118178 0.028624 hargrave 2021-05-01 09:52:20 
TT 520 250.4  44.7 269.9 -15.6 8.14E-06 001.2 075.8  63.8 0.132525 0.141308 0.056302 hargrave 2021-05-02 16:24:14 
TT 535 250.8  46.8 272.0 -14.8 7.60E-06 000.7 079.8  65.1 0.092008 0.057156 0.029391 hargrave 2021-05-04 09:04:10 
TT 550 248.3  43.7 268.3 -14.7 7.07E-06 002.7 071.7  64.2 0.371730 0.079392 0.031903 hargrave 2021-05-04 18:41:07 
TT 560 245.2  53.5 276.3 -08.5 5.97E-06 001.1 089.6  71.8 0.118682 0.051572 0.016690 hargrave 2021-05-05 16:09:20 
TT 570 245.5  43.7 267.4 -12.9 5.37E-06 001.6 068.3  65.5 0.165055 0.040134 0.046309 hargrave 2021-05-06 22:25:50 
TT 580 246.2  42.9 266.9 -13.7 4.90E-06 002.4 067.9  64.7 0.232814 0.043349 0.023290 hargrave 2021-05-08 19:43:11 
TT 590 245.1  47.0 270.3 -11.3 4.16E-06 001.2 073.7  68.1 0.095712 0.036248 0.019076 hargrave 2021-05-09 18:43:35 
TT 600 236.9  44.9 266.2 -06.7 3.60E-06 000.9 057.9  70.5 0.049071 0.035982 0.030687 hargrave 2021-05-11 09:31:28 
TT 610 254.1  34.7 262.1 -22.9 3.54E-06 001.0 067.1  54.4 0.046915 0.063819 0.018246 hargrave 2021-05-12 09:29:30 
TT 620 245.7  36.4 260.6 -16.0 3.16E-06 001.1 058.7  59.8 0.063788 0.053106 0.023849 hargrave 2021-05-13 12:21:41 
TT 630 240.6  47.2 269.2 -08.4 3.01E-06 002.8 068.3  70.4 0.165975 0.034565 0.029149 hargrave 2021-05-14 11:49:32 
TT 640 243.5  46.9 269.7 -10.3 2.82E-06 001.1 071.5  68.8 0.041237 0.044055 0.011614 hargrave 2021-05-15 09:59:32 
TT 650 232.9  49.6 269.9 -02.7 2.59E-06 001.7 062.0  75.8 0.082341 0.035324 0.025619 hargrave 2021-05-16 11:51:37 
TT 660 231.6  25.3 246.0 -07.9 2.67E-06 001.6 029.4  54.8 0.087652 0.034881 0.018205 hargrave 2021-05-17 13:02:26 
TT 664 226.9  45.2 264.7  00.2 2.12E-06 001.8 038.7  74.8 0.069117 0.031779 0.005847 hargrave 2021-05-18 15:23:38 
TT 668 236.0  49.2 270.1 -04.8 1.76E-06 001.9 066.2  74.1 0.054359 0.038361 0.009600 hargrave 2021-05-19 17:53:59 
TT 672 214.4  37.2 255.5  08.4 1.04E-06 002.7 002.3  69.2 0.043111 0.041702 0.023144 hargrave 2021-05-23 11:06:05 
TT 674 226.2  18.3 238.1 -04.3 1.32E-06 001.8 018.8  49.2 0.043103 0.031220 0.008364 hargrave 2021-05-24 13:22:51 
TT 676 209.7  38.0 256.2  12.2 9.05E-07 001.4 351.6  69.9 0.020602 0.013812 0.006236 hargrave 2021-05-25 13:12:04 
TT 678 227.9  04.9 225.1 -08.1 7.91E-07 002.0 017.8  35.7 0.026326 0.020466 0.011484 hargrave 2021-05-26 13:54:10 
TT 680 274.1  11.0 247.3 -50.5 5.02E-07 002.9 070.4  24.6 0.014430 0.024855 0.018110 hargrave 2021-05-30 15:42:56 
TT 682 229.8 -13.0 207.2 -12.3 5.74E-07 003.5 016.8  17.7 0.014330 0.036001 0.013896 hargrave 2021-06-02 09:34:49 
TT 684 078.5  40.6 354.4  34.8 3.02E-07 004.9 213.9  15.5 0.009490 0.030484 0.002188 hargrave 2021-06-03 18:30:13 
TT 686 225.0 -08.4 211.4 -07.2 4.47E-07 002.0 012.5  22.9 0.009311 0.015144 0.008932 hargrave 2021-06-04 17:12:16 
TT 688 153.4  08.1 220.6  65.7 1.89E-07 003.5 292.0  22.4 0.006083 0.026005 0.004613 hargrave 2021-06-05 15:26:47 
TT 690 023.7  50.4 346.9 -03.2 3.84E-07 003.1 173.5  18.7 0.008757 0.023623 0.005052 hargrave 2021-06-06 14:24:44 
TT 692 017.2  22.7 012.2 -16.5 3.15E-07 005.9 164.9 -08.1 0.008434 0.038819 0.003324 hargrave 2021-06-08 09:55:52 
