PF18- 41a sun compass orientation
 100.18 137.9  28.0 221.5  81.4   6.7
NRM    316.3  62.4 313.9 -18.9 3.20E-04 002.3 227.3  50.9 7.555854 1.575177 3.473177 hargrave 2021-04-06 19:07:02 
TT  50 316.4  62.1 313.9 -19.2 3.19E-04 001.7 227.7  50.8 0.896047 4.995669 4.024621 hargrave 2021-04-12 11:00:44 
TT 100 313.5  63.5 312.4 -17.9 3.08E-04 001.5 224.6  50.7 2.349831 2.996991 4.106912 hargrave 2021-04-13 12:13:25 
TT 150 312.5  60.3 312.0 -21.1 2.47E-04 001.6 227.7  48.1 1.012842 3.122022 3.191270 hargrave 2021-04-14 19:29:51 
TT 200 294.7  55.7 301.2 -24.2 1.54E-04 001.9 221.5  38.7 0.590638 2.571884 2.241916 hargrave 2021-04-16 13:16:44 
TT 250 288.8  52.2 296.2 -26.2 1.20E-04 003.3 220.2  33.9 3.419830 2.692078 1.834444 hargrave 2021-04-19 23:34:44 
TT 300 285.8  51.1 293.8 -26.3 1.02E-04 003.3 218.8  32.1 2.796182 2.116427 1.719428 hargrave 2021-04-21 13:47:13 
TT 325 287.2  49.2 293.7 -28.4 9.16E-05 002.4 220.9  30.8 1.804927 0.914246 1.553956 hargrave 2021-04-22 11:26:26 
TT 350 283.7  49.4 291.5 -27.1 7.69E-05 003.1 218.4  29.9 2.021278 1.431932 1.315674 hargrave 2021-04-23 09:18:11 
TT 375 277.5  48.6 287.3 -25.5 5.06E-05 003.4 214.6  27.5 1.314459 1.192384 0.902674 hargrave 2021-04-24 16:20:29 
TT 415 279.9  47.5 288.0 -27.3 4.37E-05 002.6 216.7  27.1 0.515468 0.984186 0.708016 hargrave 2021-04-25 15:23:10 
TT 450 280.2  45.4 286.9 -29.1 3.18E-05 001.5 217.9  25.3 0.108211 0.213012 0.509253 hargrave 2021-04-27 08:18:00 
TT 475 282.5  45.5 288.4 -29.9 2.94E-05 003.9 219.5  26.1 0.948346 0.823477 0.496810 hargrave 2021-04-29 10:49:58 
TT 500 277.4  46.6 285.9 -27.0 2.71E-05 002.6 215.4  25.6 0.514141 0.424864 0.469204 hargrave 2021-04-30 15:53:39 
TT 520 283.0  45.3 288.6 -30.4 2.46E-05 001.8 220.0  26.0 0.278021 0.131825 0.432449 hargrave 2021-05-01 18:06:27 
TT 535 284.6  44.0 288.9 -32.0 2.17E-05 001.5 221.7  25.4 0.241283 0.091345 0.277569 hargrave 2021-05-03 09:46:12 
TT 550 283.8  45.2 289.1 -30.7 2.01E-05 002.5 220.5  26.2 0.395975 0.270115 0.358421 hargrave 2021-05-04 13:29:26 
TT 560 276.2  48.1 286.2 -25.3 1.79E-05 008.1 213.9  26.6 0.861203 1.452444 0.290339 hargrave 2021-05-06 16:53:29 
TT 570 283.7  47.1 290.2 -29.1 1.50E-05 003.2 219.6  27.9 0.384107 0.308248 0.264944 hargrave 2021-05-07 11:33:59 
TT 580 281.2  48.6 289.5 -26.9 1.33E-05 002.9 217.1  28.5 0.323440 0.229346 0.216900 hargrave 2021-05-08 12:58:17 
TT 590 285.1  48.0 291.7 -28.8 1.16E-05 001.7 220.0  29.1 0.130718 0.055942 0.182660 hargrave 2021-05-09 14:21:36 
TT 600 282.6  51.3 292.0 -25.1 8.86E-06 003.9 216.7  31.3 0.272113 0.259842 0.153914 hargrave 2021-05-10 15:06:48 
TT 610 283.4  43.3 287.7 -32.1 7.06E-06 002.9 221.2  24.4 0.158854 0.138245 0.116570 hargrave 2021-05-11 17:02:11 
TT 620 279.2  36.4 279.6 -35.7 5.63E-06 002.6 221.0  16.8 0.101091 0.121901 0.081923 hargrave 2021-05-12 19:20:20 
TT 630 254.3  54.4 281.6 -11.0 4.40E-06 001.3 197.1  28.2 0.046329 0.030873 0.053876 hargrave 2021-05-14 16:39:23 
TT 640 302.0  39.1 301.6 -41.5 4.48E-06 003.4 237.1  27.2 0.151465 0.080843 0.064331 hargrave 2021-05-15 14:22:01 
TT 650 318.4  35.7 319.4 -45.2 3.63E-06 002.8 251.7  31.3 0.102621 0.064594 0.046737 hargrave 2021-05-16 17:13:21 
TT 660 316.8  43.3 316.4 -37.9 3.44E-06 006.3 245.4  36.8 0.233347 0.097537 0.045445 hargrave 2021-05-17 17:55:15 
TT 664 197.4  73.1 295.5  15.1 2.18E-06 003.0 167.6  46.6 0.027470 0.073605 0.009992 hargrave 2021-05-18 21:22:14 
TT 668 313.3  28.8 314.1 -52.6 2.19E-06 007.1 251.8  23.1 0.177687 0.039383 0.027331 hargrave 2021-05-20 10:11:45 
TT 672 265.4  68.2 295.9 -06.6 1.81E-06 003.1 198.0  43.0 0.037603 0.050773 0.019087 hargrave 2021-05-23 15:31:10 
TT 674 268.9  71.4 299.0 -05.2 1.70E-06 004.0 197.6  46.4 0.036317 0.070878 0.013475 hargrave 2021-05-24 17:50:59 
TT 676 231.4  63.8 285.7  03.4 2.17E-06 006.7 181.9  35.8 0.033476 0.169020 0.010494 hargrave 2021-05-25 17:40:41 
TT 678 352.2  02.9 027.3 -47.9 1.16E-06 006.4 299.8  18.0 0.082795 0.032556 0.006975 hargrave 2021-05-26 18:18:12 
TT 680 208.2  66.9 288.4  13.1 1.75E-06 004.7 170.1  39.6 0.016121 0.093675 0.019804 hargrave 2021-05-30 12:25:45 
TT 682 283.6  12.9 259.0 -55.0 1.23E-06 008.1 233.8 -03.5 0.084616 0.080151 0.025019 hargrave 2021-05-31 13:34:34 
TT 684 221.8  32.8 254.0  04.4 1.29E-06 002.6 174.9  04.9 0.017531 0.040066 0.006832 hargrave 2021-06-03 10:21:26 
TT 686 288.8  19.3 273.0 -54.3 1.31E-06 005.6 235.8  04.4 0.063333 0.059757 0.022240 hargrave 2021-06-04 11:47:16 
TT 688 296.1  29.3 290.7 -49.3 9.63E-07 007.4 237.5  16.3 0.068422 0.048747 0.017182 hargrave 2021-06-05 12:03:59 
TT 690 214.1  11.9 232.3  09.0 7.94E-07 006.5 166.0 -15.3 0.009991 0.060171 0.012182 hargrave 2021-06-06 10:58:31 
TT 692 263.6  34.8 268.2 -27.3 8.35E-07 008.2 209.3  11.0 0.039684 0.071286 0.005419 hargrave 2021-06-06 20:24:14 
TT 695 324.9  59.3 318.8 -21.2 6.25E-07 006.3 235.4  52.0 0.035481 0.030267 0.005106 hargrave 2021-06-10 14:32:13 
