PF18- 7a mag compass orientation (IGRF corrected)
 105.27 351.6  10.0 221.5  81.4  14.4
NRM    251.2  60.3 285.8 -06.5 6.96E-05 001.1 344.8  70.0 1.269791 1.492268 0.329790 hargrave 2021-04-06 18:19:07 
TT  50 251.0  60.3 285.8 -06.4 6.95E-05 001.1 344.5  70.1 1.291105 1.311010 0.390282 hargrave 2021-04-12 09:59:43 
TT 100 250.1  60.1 285.4 -06.1 6.91E-05 000.8 343.3  69.8 1.033652 0.991126 0.348034 hargrave 2021-04-13 11:12:24 
TT 100 250.1  60.1 285.4 -06.1 6.91E-05 000.8 343.2  69.8 1.019187 0.973824 0.365022 hargrave 2021-04-13 13:00:36 
TT 150 260.8 -09.9 215.7 -40.0 2.31E-05 070.1 359.3  00.1 0.331101 9.921025 96.47130 hargrave 2021-04-14 18:39:01 
TT 150 250.1  58.9 284.3 -06.7 6.70E-05 000.6 343.6  68.6 0.724567 0.393228 0.483277 hargrave 2021-04-14 20:20:23 
TT 200 243.3  53.3 277.6 -05.7 5.93E-05 000.5 335.9  62.7 0.550217 0.325539 0.353063 hargrave 2021-04-16 12:18:49 
TT 250 241.1  50.8 274.8 -05.4 5.58E-05 000.9 333.7  60.0 0.329137 1.071876 0.497257 hargrave 2021-04-19 22:45:49 
TT 300 242.9  49.8 274.2 -06.8 5.43E-05 000.6 336.2  59.1 0.622240 0.414639 0.399540 hargrave 2021-04-21 12:42:53 
TT 325 237.4  49.7 273.0 -03.5 5.22E-05 001.7 329.4  58.6 1.413914 1.644110 0.382011 hargrave 2021-04-22 10:22:34 
TT 350 240.5  49.1 273.1 -05.6 4.91E-05 000.5 333.4  58.3 0.525227 0.328303 0.297204 hargrave 2021-04-23 08:16:13 
TT 375 237.6  48.7 272.0 -04.0 4.30E-05 000.9 330.0  57.6 0.633858 0.619744 0.292543 hargrave 2021-04-24 15:12:36 
TT 415 238.8  48.1 271.7 -04.9 3.95E-05 001.2 331.6  57.1 0.683076 0.973527 0.336761 hargrave 2021-04-25 14:05:01 
TT 450 238.6  48.0 271.6 -04.8 3.51E-05 002.8 331.3  57.0 1.269167 2.095168 0.248661 hargrave 2021-04-26 19:54:11 
TT 475 235.5  48.1 271.1 -02.7 3.37E-05 000.6 327.5  56.9 0.356753 0.276479 0.197050 hargrave 2021-04-29 09:46:38 
TT 500 237.1  47.9 271.2 -03.9 3.23E-05 000.9 329.5  56.8 0.488773 0.531921 0.235294 hargrave 2021-04-30 14:53:52 
TT 520 233.1  48.3 270.8 -01.2 3.03E-05 001.0 324.5  56.8 0.523727 0.499084 0.180251 hargrave 2021-05-01 17:05:55 
TT 535 235.5  47.2 270.2 -03.0 2.88E-05 001.3 327.7  55.9 0.553271 0.721721 0.189422 hargrave 2021-05-03 08:42:40 
TT 550 234.0  47.7 270.4 -01.9 2.75E-05 001.0 325.8  56.3 0.353020 0.597580 0.177417 hargrave 2021-05-04 12:27:56 
TT 560 232.0  47.9 270.3 -00.5 2.59E-05 000.4 323.3  56.3 0.136000 0.143576 0.171731 hargrave 2021-05-06 15:49:32 
TT 570 233.9  47.9 270.6 -01.8 2.46E-05 000.5 325.6  56.5 0.216004 0.158001 0.172378 hargrave 2021-05-07 10:31:40 
TT 580 232.4  47.7 270.1 -00.9 2.34E-05 000.5 323.9  56.1 0.199189 0.156060 0.138581 hargrave 2021-05-08 11:51:53 
TT 590 233.6  47.8 270.4 -01.6 2.23E-05 000.5 325.3  56.3 0.209494 0.179970 0.132554 hargrave 2021-05-09 13:14:32 
TT 600 232.2  47.2 269.6 -00.8 2.12E-05 000.9 323.7  55.6 0.199481 0.408662 0.123527 hargrave 2021-05-10 14:01:06 
TT 610 230.4  48.0 270.1  00.5 2.00E-05 000.4 321.5  56.2 0.113531 0.154252 0.114696 hargrave 2021-05-11 15:56:05 
TT 620 234.0  46.8 269.5 -02.2 1.94E-05 001.2 326.1  55.4 0.288574 0.486059 0.140230 hargrave 2021-05-12 18:16:59 
TT 630 230.9  48.7 270.9  00.3 1.87E-05 000.6 321.8  57.0 0.130370 0.256953 0.112758 hargrave 2021-05-14 15:34:30 
TT 640 229.8  47.9 270.0  00.9 1.78E-05 001.8 320.7  56.1 0.529660 0.593537 0.121241 hargrave 2021-05-15 13:19:11 
TT 650 228.8  48.3 270.2  01.6 1.70E-05 001.2 319.4  56.3 0.336285 0.359262 0.107762 hargrave 2021-05-16 16:12:12 
TT 660 227.9  48.9 270.7  02.3 1.57E-05 002.1 318.2  56.8 0.564408 0.618177 0.103567 hargrave 2021-05-17 16:50:43 
TT 664 227.2  48.3 270.0  02.6 1.55E-05 002.8 317.6  56.2 0.722967 0.804389 0.090197 hargrave 2021-05-18 20:19:58 
TT 668 228.9  47.9 269.8  01.5 1.48E-05 000.9 319.7  56.0 0.195614 0.249345 0.095036 hargrave 2021-05-20 09:08:26 
TT 672 231.8  48.4 270.7 -00.3 1.40E-05 001.7 323.0  56.7 0.225271 0.566626 0.099249 hargrave 2021-05-23 14:27:47 
TT 674 229.8  48.3 270.3  01.0 1.28E-05 001.6 320.6  56.4 0.355339 0.378449 0.076010 hargrave 2021-05-24 16:48:26 
TT 676 226.9  49.2 270.9  03.0 1.02E-05 002.0 317.0  57.0 0.357976 0.363572 0.064062 hargrave 2021-05-25 16:33:58 
TT 678 231.1  47.1 269.3 -00.2 8.98E-06 000.4 322.6  55.4 0.041952 0.072601 0.055575 hargrave 2021-05-26 17:13:49 
TT 680 230.4  51.4 273.4  01.2 5.06E-06 000.5 320.4  59.5 0.030630 0.049487 0.029264 hargrave 2021-05-30 11:23:59 
TT 682 211.2  45.0 265.9  13.4 1.31E-06 002.1 300.5  50.8 0.049359 0.050385 0.008558 hargrave 2021-05-31 12:32:47 
