PF18- 52b sun compass orientation
  97.11 164.0  14.0 221.5  81.4  10.1
NRM    297.0  76.4 308.1 -04.6 9.31E-05 001.7 201.8  64.3 2.246545 1.178567 1.101003 hargrave 2021-04-06 19:25:12 
TT  50 300.7  76.0 308.9 -05.2 9.25E-05 001.4 204.0  64.3 1.401850 1.583040 1.061188 hargrave 2021-04-12 11:20:13 
TT 100 301.3  75.3 308.9 -05.9 8.63E-05 001.7 204.9  63.8 1.127008 1.922238 1.227135 hargrave 2021-04-13 12:33:50 
TT 150 274.5  72.7 301.2 -05.3 6.48E-05 002.8 191.7  59.2 0.884698 2.915435 0.960972 hargrave 2021-04-14 19:47:39 
TT 200 271.0  69.7 298.4 -06.9 5.53E-05 001.4 190.5  56.1 0.877984 0.586749 0.881649 hargrave 2021-04-16 13:34:28 
TT 250 265.6  68.2 295.9 -06.7 4.93E-05 001.7 187.3  54.4 0.742132 1.139783 0.638546 hargrave 2021-04-19 23:51:27 
TT 300 264.9  67.0 294.9 -07.3 4.23E-05 001.9 187.1  53.2 0.706445 1.014503 0.646282 hargrave 2021-04-21 14:08:22 
TT 325 260.4  66.3 293.1 -06.5 3.78E-05 002.2 184.2  52.3 0.676055 1.185743 0.585282 hargrave 2021-04-22 11:47:45 
TT 350 258.4  65.6 292.1 -06.3 3.34E-05 001.5 182.9  51.6 0.658856 0.159773 0.538940 hargrave 2021-04-23 09:40:07 
TT 375 256.5  65.0 291.1 -06.0 2.70E-05 001.9 181.7  51.0 0.523178 0.587524 0.411582 hargrave 2021-04-24 16:40:55 
TT 415 255.6  65.0 291.0 -05.7 2.41E-05 004.2 181.1  51.0 0.420922 1.724868 0.337866 hargrave 2021-04-25 16:18:01 
TT 450 259.8  65.5 292.4 -06.8 1.96E-05 002.2 183.9  51.6 0.270172 0.659386 0.279094 hargrave 2021-04-27 08:34:05 
TT 475 246.3  65.3 289.2 -02.2 1.80E-05 001.8 174.9  51.4 0.352537 0.350298 0.272826 hargrave 2021-04-29 11:11:01 
TT 500 252.6  65.4 290.6 -04.4 1.67E-05 001.3 179.0  51.4 0.241107 0.161613 0.240606 hargrave 2021-04-30 16:13:06 
TT 520 253.0  65.4 290.6 -04.5 1.54E-05 001.3 179.3  51.4 0.272307 0.081074 0.213249 hargrave 2021-05-01 18:25:52 
TT 535 252.4  65.2 290.3 -04.4 1.37E-05 001.7 178.9  51.2 0.117739 0.393184 0.110002 hargrave 2021-05-03 10:08:13 
TT 550 248.1  65.6 289.8 -02.7 1.23E-05 002.6 176.1  51.7 0.159393 0.518469 0.135224 hargrave 2021-05-04 13:51:17 
TT 560 242.4  66.3 289.5 -00.3 1.04E-05 003.1 172.4  52.5 0.059056 0.556536 0.064074 hargrave 2021-05-06 17:14:34 
TT 570 226.2  66.3 287.8  06.0 7.74E-06 002.6 161.7  53.4 0.196466 0.298185 0.036016 hargrave 2021-05-07 11:54:29 
TT 580 231.1  64.4 286.2  03.6 6.95E-06 002.7 164.5  51.1 0.061999 0.318762 0.050893 hargrave 2021-05-08 13:18:34 
TT 590 230.1  63.4 285.2  03.9 6.35E-06 002.2 163.5  50.2 0.170990 0.185752 0.034735 hargrave 2021-05-09 14:44:37 
TT 600 215.5  64.4 285.6  10.3 5.09E-06 001.8 153.8  52.4 0.111796 0.127455 0.043586 hargrave 2021-05-10 15:28:23 
TT 610 222.4  63.0 284.3  07.3 4.99E-06 001.5 158.1  50.4 0.067740 0.116718 0.036251 hargrave 2021-05-11 17:25:04 
TT 620 227.0  55.7 277.3  04.0 4.30E-06 003.8 159.5  42.9 0.054255 0.286457 0.033582 hargrave 2021-05-12 19:40:20 
TT 630 229.9  60.3 282.1  03.3 4.34E-06 001.1 162.7  47.2 0.067708 0.049556 0.037573 hargrave 2021-05-14 16:59:43 
TT 640 215.9  71.1 292.4  10.0 3.42E-06 001.9 157.2  58.9 0.048792 0.105364 0.017077 hargrave 2021-05-15 14:43:28 
TT 650 233.2  64.6 286.6  02.8 3.86E-06 001.8 165.9  51.2 0.074754 0.088943 0.044452 hargrave 2021-05-16 17:34:50 
TT 660 218.6  55.5 276.6  08.7 3.58E-06 001.4 153.2  43.5 0.084517 0.036195 0.027229 hargrave 2021-05-17 18:16:16 
TT 664 235.0  63.5 285.8  01.7 3.41E-06 001.9 167.0  50.0 0.117527 0.062442 0.027151 hargrave 2021-05-18 21:44:00 
TT 668 195.1  67.2 290.1  18.0 2.76E-06 003.1 141.5  57.7 0.045625 0.145322 0.014985 hargrave 2021-05-20 10:32:48 
TT 672 224.6  59.3 280.7  05.8 3.07E-06 002.0 158.6  46.6 0.039494 0.099449 0.025524 hargrave 2021-05-23 15:53:22 
TT 674 232.5  64.7 286.6  03.1 2.78E-06 002.1 165.5  51.3 0.049690 0.082416 0.046766 hargrave 2021-05-24 18:10:36 
TT 676 195.1  62.4 285.3  19.6 2.10E-06 002.2 138.4  53.3 0.029736 0.082512 0.012405 hargrave 2021-05-25 18:01:21 
TT 678 180.2  56.6 283.3  28.9 2.08E-06 001.7 123.6  50.6 0.037192 0.057137 0.019526 hargrave 2021-05-26 18:39:10 
TT 680 238.3  53.6 276.8 -02.8 2.01E-06 003.4 167.9  40.0 0.035939 0.111237 0.041346 hargrave 2021-05-30 12:45:28 
TT 682 188.4  55.4 279.7  25.5 1.43E-06 002.9 129.5  47.9 0.028651 0.072059 0.010778 hargrave 2021-05-31 13:54:54 
TT 684 238.2  68.9 291.3  02.1 1.33E-06 001.6 170.1  55.2 0.037304 0.013263 0.011341 hargrave 2021-06-03 10:41:44 
TT 686 257.3  50.7 279.4 -14.5 8.61E-07 004.9 182.6  36.7 0.018398 0.072727 0.013358 hargrave 2021-06-04 12:06:41 
TT 688 237.3  52.2 275.3 -02.7 4.75E-07 006.2 166.9  38.6 0.010102 0.052359 0.004488 hargrave 2021-06-05 12:24:16 
TT 690 205.5  26.9 247.1  18.1 4.90E-07 004.8 135.6  17.3 0.015752 0.047094 0.004880 hargrave 2021-06-06 11:17:58 
TT 692 097.9  13.8 029.5  56.7 3.48E-07 004.1 026.1  26.5 0.009189 0.023315 0.011877 hargrave 2021-06-06 20:43:30 
TT 695 028.8  08.7 030.8 -11.1 2.33E-07 007.7 312.4  18.4 0.042755 0.009798 0.001757 hargrave 2021-06-10 14:51:48 
