PF18- 28a sun compass orientation
  102.7 134.8  16.0 221.5  81.4   3.8
NRM    254.5  69.4 294.3 -02.8 5.13E-05 001.2 197.5  54.7 0.234150 0.314061 0.179789 hargrave 2021-04-06 18:46:41 
TT  50 248.5  70.1 293.8 -00.7 5.08E-05 001.3 193.8  54.9 0.084068 0.407007 0.228216 hargrave 2021-04-12 10:35:17 
TT 100 246.7  65.8 289.7 -02.1 4.23E-05 001.6 193.9  50.5 0.064718 0.402966 0.246822 hargrave 2021-04-13 11:48:49 
TT 150 238.2  57.9 280.9 -01.4 3.28E-05 004.9 189.5  42.2 0.189364 1.043451 0.125092 hargrave 2021-04-14 19:08:24 
TT 200 233.8  55.0 277.5  00.1 2.93E-05 004.0 186.7  39.2 0.087299 0.765941 0.120194 hargrave 2021-04-16 12:56:43 
TT 250 233.3  53.1 275.5 -00.1 2.56E-05 001.6 186.4  37.3 0.101967 0.244946 0.085603 hargrave 2021-04-19 23:15:36 
TT 300 233.5  52.7 275.2 -00.3 2.06E-05 002.7 186.6  36.9 0.061091 0.359074 0.080237 hargrave 2021-04-21 13:21:01 
TT 325 227.9  52.0 273.7  02.9 1.78E-05 001.1 182.3  36.0 0.038318 0.117413 0.052423 hargrave 2021-04-22 11:00:47 
TT 350 227.0  51.6 273.2  03.3 1.62E-05 001.5 181.7  35.6 0.031118 0.143520 0.061465 hargrave 2021-04-23 08:53:32 
TT 375 226.8  51.4 273.0  03.4 1.49E-05 002.2 181.6  35.4 0.027276 0.213356 0.050087 hargrave 2021-04-24 15:51:38 
TT 415 229.8  52.1 274.1  01.7 1.33E-05 002.2 183.8  36.2 0.040052 0.191731 0.040301 hargrave 2021-04-25 15:02:19 
TT 450 223.8  52.7 274.0  05.4 1.18E-05 001.9 179.2  36.7 0.031860 0.132552 0.067298 hargrave 2021-04-26 21:31:08 
TT 475 224.2  53.0 274.4  05.2 1.09E-05 001.5 179.6  37.0 0.041263 0.093567 0.052117 hargrave 2021-04-29 10:24:38 
TT 500 224.2  54.1 275.4  05.4 1.02E-05 001.4 179.6  38.1 0.038065 0.083641 0.039449 hargrave 2021-04-30 15:29:11 
TT 520 222.7  53.2 274.4  06.1 9.29E-06 001.7 178.4  37.2 0.035295 0.078432 0.067210 hargrave 2021-05-01 17:42:46 
TT 535 223.6  51.8 273.2  05.5 8.65E-06 001.0 179.1  35.8 0.025781 0.043587 0.029171 hargrave 2021-05-03 09:20:48 
TT 550 223.8  51.6 273.0  05.3 8.25E-06 001.2 179.2  35.6 0.015485 0.046856 0.052193 hargrave 2021-05-04 13:03:19 
TT 560 221.8  52.1 273.4  06.6 7.40E-06 004.6 177.7  36.2 0.010562 0.227536 0.026011 hargrave 2021-05-06 16:27:24 
TT 570 219.0  50.6 271.7  08.2 7.18E-06 002.7 175.5  34.7 0.008786 0.128356 0.016109 hargrave 2021-05-07 11:08:22 
TT 580 219.8  50.5 271.5  07.7 6.65E-06 001.5 176.1  34.5 0.030909 0.044654 0.047883 hargrave 2021-05-08 12:31:23 
TT 590 223.5  49.5 270.8  05.2 6.18E-06 004.1 179.0  33.5 0.025493 0.163017 0.045724 hargrave 2021-05-09 13:55:12 
TT 600 216.5  48.7 269.7  09.7 5.56E-06 001.9 173.5  32.9 0.038066 0.044843 0.050903 hargrave 2021-05-10 14:39:09 
TT 610 213.5  48.5 269.4  11.7 5.27E-06 002.0 171.1  32.8 0.031984 0.053901 0.044685 hargrave 2021-05-11 16:35:06 
TT 620 218.1  47.7 268.7  08.6 5.11E-06 003.7 174.7  31.8 0.029605 0.120591 0.039034 hargrave 2021-05-12 18:55:23 
TT 630 212.2  49.4 270.4  12.6 4.93E-06 002.7 170.2  33.7 0.031818 0.082715 0.015434 hargrave 2021-05-14 16:12:25 
TT 640 213.4  48.0 268.9  11.8 4.77E-06 001.1 171.0  32.2 0.028807 0.032151 0.011969 hargrave 2021-05-15 13:56:14 
TT 650 210.3  47.8 268.7  13.9 4.67E-06 001.4 168.6  32.2 0.027512 0.041272 0.011755 hargrave 2021-05-16 16:49:10 
TT 660 211.4  46.4 267.3  13.2 3.73E-06 002.0 169.3  30.7 0.021967 0.048625 0.010745 hargrave 2021-05-17 17:29:43 
TT 664 207.6  47.6 268.6  15.7 3.18E-06 002.4 166.4  32.1 0.018647 0.039574 0.034885 hargrave 2021-05-18 20:57:01 
TT 668 215.2  43.8 264.7  10.5 2.28E-06 001.5 172.2  28.0 0.014955 0.015945 0.020078 hargrave 2021-05-20 09:45:36 
TT 672 209.3  48.4 269.4  14.5 1.46E-06 003.3 167.9  32.9 0.031045 0.023812 0.006722 hargrave 2021-05-23 15:06:16 
TT 674 211.5  43.6 264.4  13.1 9.45E-07 002.5 169.1  28.0 0.005255 0.014385 0.006161 hargrave 2021-05-24 17:26:06 
TT 676 169.2  38.2 268.7  45.0 6.08E-07 004.6 132.6  28.2 0.011951 0.014380 0.003516 hargrave 2021-05-25 17:14:04 
