PF18- 158a mag compass orientation (IGRF corrected)
 156.08 141.6  40.0 222.8  83.0  12.9
NRM    261.1  49.7 280.6 -17.8 3.05E-05 001.1 199.1  12.8 0.235629 0.658964 0.305551 hargrave 2021-04-09 19:49:04 
TT  50 248.8  51.6 278.3 -10.1 3.05E-05 001.8 190.9  12.6 0.254533 1.202099 0.325466 hargrave 2021-04-10 18:22:53 
TT 100 255.5  49.9 278.8 -14.6 3.03E-05 000.6 195.4  12.0 0.152798 0.285882 0.307518 hargrave 2021-04-12 14:51:53 
TT 150 254.3  49.0 277.5 -14.4 2.96E-05 001.8 195.0  10.9 0.312767 1.115335 0.323021 hargrave 2021-04-14 15:48:53 
TT 200 255.3  48.6 277.6 -15.1 2.95E-05 001.1 195.7  10.7 0.158766 0.634541 0.312190 hargrave 2021-04-15 13:45:33 
TT 250 239.2  49.6 274.2 -05.1 2.65E-05 012.1 185.0  09.8 0.581602 7.325938 0.265674 hargrave 2021-04-16 18:30:41 
TT 250 254.3  47.8 276.4 -15.0 2.71E-05 001.3 195.3  09.7 0.237288 0.711589 0.278461 hargrave 2021-04-18 12:03:56 
TT 300 254.1  47.6 276.2 -15.0 2.52E-05 000.6 195.2  09.5 0.073042 0.201113 0.247272 hargrave 2021-04-18 21:39:46 
TT 325 257.1  47.0 276.7 -17.0 2.48E-05 001.7 197.4  09.4 0.271707 0.900885 0.233542 hargrave 2021-04-21 18:16:26 
TT 350 255.4  47.3 276.3 -15.9 2.40E-05 000.5 196.1  09.4 0.068568 0.166478 0.235660 hargrave 2021-04-22 15:49:52 
TT 375 252.4  47.9 275.9 -13.8 2.13E-05 002.5 194.0  09.5 0.251737 1.157991 0.211279 hargrave 2021-04-23 17:05:06 
TT 415 253.1  47.8 276.1 -14.2 1.88E-05 000.6 194.4  09.6 0.047060 0.173780 0.204437 hargrave 2021-04-25 20:07:25 
TT 450 250.0  48.1 275.4 -12.3 1.77E-05 002.7 192.3  09.4 0.212443 1.044346 0.169778 hargrave 2021-04-28 09:39:47 
TT 475 255.0  47.5 276.4 -15.5 1.64E-05 002.9 195.8  09.6 0.291006 1.008430 0.164920 hargrave 2021-04-30 11:45:28 
TT 500 252.7  48.0 276.1 -13.9 1.58E-05 002.2 194.2  09.6 0.176664 0.754062 0.154570 hargrave 2021-05-01 13:51:45 
TT 520 248.0  48.5 275.1 -10.9 1.49E-05 005.7 191.0  09.5 0.369812 1.886720 0.140014 hargrave 2021-05-02 12:42:57 
TT 535 247.8  48.0 274.6 -11.0 1.38E-05 000.5 190.9  09.0 0.029343 0.091885 0.134468 hargrave 2021-05-03 13:41:41 
TT 550 249.6  47.9 275.1 -12.1 1.31E-05 001.8 192.1  09.1 0.125266 0.505558 0.144885 hargrave 2021-05-05 12:30:15 
TT 560 247.7  47.8 274.4 -11.0 1.25E-05 001.5 190.9  08.8 0.073657 0.393151 0.124540 hargrave 2021-05-06 09:32:20 
TT 570 248.3  48.0 274.8 -11.3 1.18E-05 001.9 191.2  09.1 0.112388 0.486999 0.136507 hargrave 2021-05-07 15:26:44 
TT 580 249.5  47.5 274.7 -12.2 1.07E-05 000.9 192.2  08.7 0.060334 0.158661 0.125240 hargrave 2021-05-09 10:10:46 
TT 590 244.6  47.9 273.7 -09.0 9.99E-06 003.8 188.8  08.5 0.126964 0.848868 0.112739 hargrave 2021-05-10 11:02:12 
TT 600 250.4  47.2 274.6 -12.9 9.40E-06 002.8 192.8  08.5 0.145814 0.570523 0.108463 hargrave 2021-05-11 13:29:13 
TT 610 246.5  47.2 273.5 -10.5 8.99E-06 000.8 190.2  08.0 0.044136 0.116308 0.107168 hargrave 2021-05-12 14:27:00 
TT 620 248.6  46.9 273.9 -11.9 8.33E-06 002.8 191.7  08.0 0.115881 0.502790 0.094514 hargrave 2021-05-13 18:19:09 
TT 630 246.3  48.7 274.9 -09.8 7.42E-06 003.6 189.8  09.5 0.107239 0.593168 0.068983 hargrave 2021-05-15 18:13:07 
TT 640 247.7  47.5 274.1 -11.1 6.28E-06 004.6 191.0  08.5 0.116570 0.634018 0.056018 hargrave 2021-05-17 09:42:36 
TT 650 246.2  47.9 274.2 -10.0 5.42E-06 003.0 189.9  08.8 0.067782 0.354386 0.047765 hargrave 2021-05-18 11:53:49 
TT 660 251.0  47.3 274.9 -13.2 4.12E-06 002.5 193.2  08.7 0.059628 0.222655 0.036877 hargrave 2021-05-19 11:27:52 
TT 664 246.3  47.3 273.6 -10.3 4.03E-06 003.9 190.0  08.2 0.062131 0.346701 0.039430 hargrave 2021-05-20 19:17:22 
TT 668 250.9  45.7 273.4 -13.8 3.81E-06 002.7 193.4  07.2 0.067743 0.222826 0.036882 hargrave 2021-05-22 10:08:42 
TT 672 246.3  44.9 271.3 -11.2 3.50E-06 004.6 190.4  05.7 0.069474 0.355038 0.035428 hargrave 2021-05-24 10:06:20 
TT 674 249.0  44.8 272.0 -13.0 3.09E-06 004.5 192.3  06.0 0.061640 0.310260 0.030682 hargrave 2021-05-25 09:41:54 
TT 676 244.8  44.7 270.8 -10.3 2.52E-06 003.0 189.4  05.4 0.026726 0.168619 0.024095 hargrave 2021-05-26 09:43:37 
TT 678 254.5  41.3 270.5 -18.1 2.42E-06 004.0 197.0  03.4 0.059982 0.211500 0.032149 hargrave 2021-05-29 11:59:37 
TT 680 225.3  46.0 268.8  03.3 1.74E-06 004.1 175.6  06.2 0.017977 0.158699 0.020520 hargrave 2021-05-31 09:44:24 
