PF18- 48a sun compass orientation
  98.16 189.7  32.0 221.5  81.4   7.3
NRM    244.9  75.7 298.4  02.8 1.08E-04 003.9 168.4  45.6 1.932246 5.024731 0.804493 hargrave 2021-04-06 19:17:14 
TT  50 244.0  75.5 298.1  02.9 1.08E-04 002.2 168.0  45.5 1.095362 2.605917 0.980190 hargrave 2021-04-12 11:12:16 
TT 100 245.3  75.1 297.9  02.4 1.04E-04 002.1 168.2  45.0 0.978799 2.409136 1.004688 hargrave 2021-04-13 12:25:02 
TT 150 234.3  68.7 290.7  03.4 7.97E-05 001.0 160.0  40.9 0.701359 0.299099 0.654116 hargrave 2021-04-14 19:40:13 
TT 200 233.4  65.6 287.7  03.0 6.88E-05 001.3 157.6  38.4 0.447723 0.829848 0.687003 hargrave 2021-04-16 13:26:17 
TT 250 230.3  63.3 285.1  03.7 6.25E-05 000.9 154.7  37.0 0.191628 0.515090 0.459956 hargrave 2021-04-19 23:46:00 
TT 300 233.2  63.3 285.4  02.5 5.56E-05 001.3 156.1  36.5 0.251663 0.816992 0.347249 hargrave 2021-04-21 13:58:47 
TT 325 226.1  60.9 282.4  05.3 4.90E-05 001.2 151.1  36.0 0.397994 0.602086 0.293181 hargrave 2021-04-22 11:38:08 
TT 350 227.6  61.3 282.9  04.6 4.19E-05 002.2 152.1  35.9 0.603324 0.979709 0.292917 hargrave 2021-04-23 09:29:46 
TT 375 228.6  61.2 282.8  04.1 3.41E-05 001.4 152.5  35.6 0.182503 0.522051 0.220715 hargrave 2021-04-24 16:32:07 
TT 415 229.7  61.4 283.2  03.7 3.11E-05 002.3 153.2  35.6 0.427634 0.811551 0.180189 hargrave 2021-04-25 16:10:38 
TT 450 230.5  61.7 283.5  03.3 2.57E-05 000.9 153.8  35.6 0.190940 0.204948 0.169550 hargrave 2021-04-27 08:27:36 
TT 475 228.5  61.6 283.3  04.3 2.40E-05 002.3 152.7  36.0 0.300463 0.633142 0.143433 hargrave 2021-04-29 11:01:31 
TT 500 229.2  61.5 283.3  03.9 2.24E-05 001.5 153.1  35.8 0.160491 0.366233 0.144151 hargrave 2021-04-30 16:05:10 
TT 520 235.3  64.2 286.5  01.8 2.07E-05 006.1 157.6  36.8 0.656799 1.467770 0.140170 hargrave 2021-05-01 18:17:58 
TT 535 224.3  61.5 282.8  06.2 1.92E-05 001.2 150.5  37.0 0.186606 0.224827 0.088654 hargrave 2021-05-03 09:58:39 
TT 550 222.3  60.5 281.7  07.1 1.79E-05 001.7 148.8  36.6 0.199836 0.330194 0.099130 hargrave 2021-05-04 13:41:46 
TT 560 215.9  58.3 279.4  10.2 1.64E-05 001.7 144.0  36.8 0.223564 0.255956 0.079455 hargrave 2021-05-06 17:05:02 
TT 570 222.9  60.4 281.7  06.8 1.42E-05 002.1 149.1  36.5 0.146230 0.350925 0.065283 hargrave 2021-05-07 11:45:39 
TT 580 224.4  60.9 282.2  06.1 1.31E-05 001.9 150.2  36.5 0.124627 0.275564 0.099718 hargrave 2021-05-08 13:10:38 
TT 590 224.5  62.0 283.3  06.2 1.21E-05 000.7 151.0  37.3 0.063589 0.048592 0.074393 hargrave 2021-05-09 14:34:08 
TT 600 222.4  60.4 281.6  07.0 1.14E-05 001.1 148.8  36.6 0.041085 0.140159 0.076687 hargrave 2021-05-10 15:18:36 
TT 610 221.1  59.1 280.3  07.6 1.07E-05 001.9 147.3  35.9 0.187453 0.166396 0.076911 hargrave 2021-05-11 17:14:39 
TT 620 218.3  57.4 278.5  09.0 9.29E-06 001.3 144.6  35.3 0.068680 0.134290 0.055611 hargrave 2021-05-12 19:31:52 
TT 630 217.7  61.3 282.5  09.3 8.47E-06 002.0 147.1  38.6 0.134882 0.168542 0.047823 hargrave 2021-05-14 16:50:59 
TT 640 220.7  62.3 283.5  08.0 8.23E-06 001.2 149.3  38.6 0.067452 0.121142 0.031747 hargrave 2021-05-15 14:34:36 
TT 650 215.2  59.0 280.1  10.6 8.67E-06 000.7 144.1  37.5 0.036587 0.080897 0.033879 hargrave 2021-05-16 17:25:58 
TT 660 212.9  59.9 281.1  11.8 7.86E-06 001.3 143.6  39.0 0.053520 0.124315 0.030054 hargrave 2021-05-17 18:06:47 
TT 664 216.3  57.0 278.1  10.1 7.91E-06 002.2 143.2  35.6 0.112794 0.193463 0.045058 hargrave 2021-05-18 21:33:43 
TT 668 215.0  60.1 281.2  10.7 7.45E-06 003.0 144.8  38.5 0.140866 0.245506 0.032593 hargrave 2021-05-20 10:23:17 
TT 672 215.0  58.6 279.7  10.7 7.33E-06 000.6 143.7  37.3 0.033813 0.051736 0.034340 hargrave 2021-05-23 15:43:43 
TT 674 212.5  57.2 278.3  12.1 6.83E-06 005.3 141.3  36.9 0.204467 0.462491 0.044985 hargrave 2021-05-24 18:02:41 
TT 676 219.2  57.7 278.8  08.5 6.84E-06 001.3 145.3  35.3 0.091210 0.065384 0.055351 hargrave 2021-05-25 17:52:26 
TT 678 225.9  60.5 282.0  05.4 6.05E-06 002.9 150.7  35.8 0.092785 0.203357 0.049221 hargrave 2021-05-26 18:30:30 
TT 680 214.2  55.6 276.6  11.2 5.52E-06 001.5 141.0  35.1 0.059863 0.080076 0.053092 hargrave 2021-05-30 12:37:28 
TT 682 211.8  58.8 280.0  12.4 4.02E-06 001.5 142.2  38.5 0.053432 0.060240 0.030438 hargrave 2021-05-31 13:46:07 
