PF18- 32a sun compass orientation
 102.21 164.5  27.0 221.5  81.4  14.3
NRM    244.1  61.3 285.1 -02.9 1.23E-04 002.6 173.9  34.5 1.663423 7.620058 1.363306 hargrave 2021-04-06 18:54:22 
TT  50 249.1  61.2 286.1 -05.1 1.23E-04 003.2 176.8  34.2 0.443182 9.807605 1.097859 hargrave 2021-04-12 10:44:26 
TT 100 242.6  60.8 284.4 -02.5 1.23E-04 001.7 173.0  34.1 1.037012 4.941852 1.069826 hargrave 2021-04-13 11:57:08 
TT 150 240.6  60.7 283.9 -01.6 1.22E-04 001.6 171.8  34.1 0.699459 4.827039 1.089621 hargrave 2021-04-14 19:15:27 
TT 200 241.0  60.0 283.3 -02.0 1.17E-04 003.6 171.9  33.4 0.824271 10.50318 1.094090 hargrave 2021-04-16 13:03:02 
TT 250 233.8  58.7 281.0  01.1 1.14E-04 000.8 167.4  32.7 0.476717 1.725501 1.396333 hargrave 2021-04-19 23:20:42 
TT 300 240.2  59.3 282.6 -01.9 1.13E-04 001.3 171.4  32.8 0.724484 3.414847 0.967178 hargrave 2021-04-21 13:30:08 
TT 325 234.5  58.6 281.0  00.7 1.11E-04 003.4 167.8  32.6 2.044841 9.193130 1.055702 hargrave 2021-04-22 11:09:09 
TT 350 241.0  59.1 282.5 -02.4 1.08E-04 002.1 171.8  32.5 1.165232 5.425318 1.022692 hargrave 2021-04-23 09:01:53 
TT 375 236.6  58.3 281.0 -00.4 9.39E-05 000.8 169.0  32.1 0.388625 1.550500 0.839900 hargrave 2021-04-24 16:01:38 
TT 415 242.4  58.9 282.6 -03.1 8.16E-05 001.1 172.6  32.2 0.302621 2.111795 0.709164 hargrave 2021-04-25 15:09:26 
TT 450 234.4  58.2 280.6  00.6 7.22E-05 000.6 167.7  32.2 0.380663 0.772638 0.648987 hargrave 2021-04-26 21:38:31 
TT 475 236.7  58.7 281.5 -00.4 7.01E-05 003.1 169.2  32.5 1.153989 5.338702 0.654225 hargrave 2021-04-29 10:32:56 
TT 500 239.6  58.8 282.0 -01.8 6.77E-05 002.8 170.9  32.4 0.374743 4.674847 0.595784 hargrave 2021-04-30 15:38:13 
TT 520 233.9  58.8 281.1  01.0 6.49E-05 005.1 167.5  32.9 1.870345 8.033450 0.585973 hargrave 2021-05-01 17:50:16 
TT 535 233.2  58.3 280.5  01.3 6.25E-05 002.2 166.9  32.4 1.562414 2.791286 1.088252 hargrave 2021-05-03 09:29:06 
TT 550 224.0  57.5 278.9  05.9 5.99E-05 001.4 161.1  32.8 0.390034 1.964606 0.509543 hargrave 2021-05-04 13:12:25 
TT 560 224.4  57.5 278.9  05.7 5.62E-05 002.5 161.3  32.8 1.058224 3.296828 0.483913 hargrave 2021-05-06 16:36:29 
TT 570 228.6  59.9 281.5  03.9 4.75E-05 002.5 164.5  34.4 0.717822 2.885022 0.376384 hargrave 2021-05-07 11:17:36 
TT 580 232.6  58.4 280.5  01.6 4.30E-05 002.4 166.6  32.5 0.625955 2.480594 0.375970 hargrave 2021-05-08 12:40:28 
TT 590 228.7  58.6 280.3  03.6 3.63E-05 002.2 164.3  33.2 0.585233 1.915171 0.308849 hargrave 2021-05-09 14:04:24 
TT 600 230.7  59.3 281.2  02.7 3.07E-05 002.2 165.7  33.6 0.429138 1.644929 0.256971 hargrave 2021-05-10 14:48:29 
TT 610 234.2  58.6 281.0  00.8 3.01E-05 000.6 167.6  32.6 0.145382 0.392534 0.257101 hargrave 2021-05-11 16:44:15 
TT 620 228.5  56.2 277.9  03.3 2.80E-05 001.0 163.5  30.9 0.119176 0.648589 0.262632 hargrave 2021-05-12 19:03:32 
TT 630 228.7  56.5 278.3  03.2 2.68E-05 000.5 163.7  31.2 0.129653 0.184900 0.234682 hargrave 2021-05-14 16:21:31 
TT 640 240.2  59.6 282.9 -01.8 2.33E-05 000.9 171.4  33.1 0.105570 0.469297 0.190752 hargrave 2021-05-15 14:05:29 
TT 650 239.0  60.0 283.0 -01.1 2.04E-05 001.4 170.8  33.6 0.175417 0.677470 0.166121 hargrave 2021-05-16 16:57:39 
TT 660 239.5  61.9 284.9 -00.7 1.73E-05 003.2 171.4  35.4 0.181838 1.375231 0.139112 hargrave 2021-05-17 17:37:18 
TT 664 219.3  57.2 278.3  08.4 1.64E-05 001.8 158.1  33.2 0.193611 0.691840 0.143466 hargrave 2021-05-18 21:06:05 
TT 668 235.8  56.4 279.0 -00.6 1.71E-05 004.0 168.1  30.2 0.250031 1.693374 0.152671 hargrave 2021-05-20 09:54:43 
TT 672 228.1  54.9 276.6  03.3 1.61E-05 000.5 162.9  29.6 0.124501 0.124071 0.140287 hargrave 2021-05-23 15:13:52 
TT 674 236.7  56.1 279.0 -01.2 1.56E-05 002.8 168.7  29.9 0.124631 1.087209 0.130901 hargrave 2021-05-24 17:33:42 
TT 676 214.6  61.6 282.7  10.9 1.15E-05 005.1 157.1  38.2 0.504417 1.398964 0.093168 hargrave 2021-05-25 17:23:18 
