PF18- 23a mag compass orientation (IGRF corrected)
 103.29 147.6  29.0 221.5  81.4  10.6
NRM    255.4  70.1 295.1 -02.7 7.84E-05 004.1 188.0  41.7 1.419054 5.679127 0.744145 hargrave 2021-04-06 18:40:45 
TT  50 240.2  69.8 292.4  01.8 7.83E-05 000.5 181.2  40.8 0.245699 0.462840 0.514820 hargrave 2021-04-12 10:27:05 
TT 100 237.0  68.1 290.4  02.3 7.27E-05 002.8 179.7  39.1 0.187641 3.717698 0.649282 hargrave 2021-04-13 11:41:24 
TT 150 242.7  61.2 284.8 -02.4 5.95E-05 005.9 182.9  32.3 0.532157 6.540922 0.403827 hargrave 2021-04-14 19:02:20 
TT 200 232.9  58.2 280.4  01.4 5.45E-05 001.7 177.2  29.3 0.349997 1.613192 0.399749 hargrave 2021-04-16 12:46:55 
TT 250 232.0  56.9 279.0  01.5 4.99E-05 000.5 176.5  28.0 0.144160 0.262990 0.348489 hargrave 2021-04-19 23:08:07 
TT 300 233.6  56.2 278.6  00.5 4.20E-05 001.0 177.5  27.2 0.100220 0.678825 0.301734 hargrave 2021-04-21 13:12:47 
TT 325 227.8  55.5 277.1  03.6 3.72E-05 001.4 173.8  26.7 0.069510 0.917003 0.261802 hargrave 2021-04-22 10:53:19 
TT 350 234.6  55.1 277.6 -00.3 3.34E-05 000.6 178.1  26.1 0.066369 0.301086 0.241760 hargrave 2021-04-23 08:45:16 
TT 375 237.0  54.6 277.6 -01.8 3.00E-05 001.8 179.6  25.6 0.047275 0.957896 0.207064 hargrave 2021-04-24 15:43:21 
TT 415 226.3  54.1 275.7  04.2 2.74E-05 001.6 172.7  25.5 0.046476 0.784928 0.204985 hargrave 2021-04-25 14:34:38 
TT 450 233.4  54.3 276.6  00.1 2.40E-05 003.6 177.3  25.3 0.158797 1.567656 0.183278 hargrave 2021-04-26 21:10:31 
TT 475 227.3  54.0 275.7  03.6 2.26E-05 000.8 173.3  25.3 0.085737 0.267663 0.160158 hargrave 2021-04-29 10:16:23 
TT 500 228.1  54.0 275.7  03.1 2.12E-05 001.3 173.8  25.2 0.037738 0.500786 0.157806 hargrave 2021-04-30 15:21:50 
TT 520 227.3  54.0 275.7  03.6 1.96E-05 000.5 173.3  25.3 0.066665 0.129858 0.142375 hargrave 2021-05-01 17:34:31 
TT 535 225.3  54.1 275.5  04.7 1.80E-05 001.2 172.1  25.5 0.182276 0.265714 0.255804 hargrave 2021-05-03 09:12:33 
TT 550 229.8  53.7 275.6  02.1 1.70E-05 000.6 174.9  24.9 0.097076 0.131516 0.129119 hargrave 2021-05-04 12:55:57 
TT 560 231.3  54.0 276.1  01.2 1.52E-05 001.4 175.9  25.1 0.042013 0.388855 0.105788 hargrave 2021-05-06 16:19:11 
TT 570 223.8  53.0 274.4  05.5 1.29E-05 000.5 170.9  24.6 0.058052 0.081115 0.094624 hargrave 2021-05-07 11:00:52 
TT 580 225.9  53.6 275.1  04.3 1.19E-05 000.7 172.4  25.0 0.043139 0.133022 0.088126 hargrave 2021-05-08 12:23:10 
TT 590 231.9  53.5 275.6  00.8 1.15E-05 004.1 176.2  24.5 0.055441 0.866185 0.087731 hargrave 2021-05-09 13:46:06 
TT 600 221.7  51.4 272.6  06.6 1.09E-05 001.4 169.3  23.1 0.078822 0.256821 0.081414 hargrave 2021-05-10 14:31:34 
TT 610 224.6  50.4 271.8  04.6 1.04E-05 002.1 171.1  21.9 0.067865 0.403632 0.078565 hargrave 2021-05-11 16:27:37 
TT 620 224.4  50.1 271.5  04.7 9.83E-06 001.0 170.9  21.6 0.077218 0.156294 0.077034 hargrave 2021-05-12 18:46:21 
TT 630 228.6  52.0 273.8  02.5 9.27E-06 007.3 174.0  23.3 0.093280 1.257450 0.075235 hargrave 2021-05-14 16:04:10 
TT 640 228.7  51.1 272.9  02.2 9.22E-06 002.4 174.0  22.3 0.040061 0.404765 0.079074 hargrave 2021-05-15 13:48:41 
TT 650 224.8  50.4 271.8  04.5 8.93E-06 002.2 171.2  21.8 0.069749 0.345974 0.077025 hargrave 2021-05-16 16:41:37 
TT 660 224.0  51.3 272.7  05.2 7.98E-06 002.2 170.8  22.8 0.048370 0.325047 0.062649 hargrave 2021-05-17 17:22:16 
TT 664 216.8  49.4 270.4  09.5 7.87E-06 002.1 165.6  21.7 0.084415 0.285637 0.065814 hargrave 2021-05-18 20:49:40 
TT 668 230.1  51.3 273.3  01.4 6.92E-06 002.8 174.9  22.5 0.041995 0.358103 0.055491 hargrave 2021-05-20 09:38:12 
TT 672 223.7  50.9 272.2  05.3 5.78E-06 001.9 170.6  22.5 0.038971 0.194852 0.053138 hargrave 2021-05-23 14:58:46 
TT 674 229.9  49.9 271.9  01.2 4.82E-06 005.9 174.7  21.1 0.067544 0.526219 0.041117 hargrave 2021-05-24 17:17:48 
TT 676 223.1  46.5 267.8  05.2 4.91E-06 000.8 169.5  18.1 0.037962 0.058097 0.040663 hargrave 2021-05-25 17:04:54 
TT 678 221.1  50.3 271.5  06.9 2.80E-06 003.7 168.7  22.1 0.057027 0.186489 0.028661 hargrave 2021-05-26 17:44:21 
TT 680 228.9  45.9 267.9  01.1 2.44E-06 001.3 173.7  17.2 0.027313 0.058853 0.019997 hargrave 2021-05-30 11:53:18 
TT 682 228.0  51.1 272.8  02.6 1.70E-06 001.6 173.5  22.4 0.033381 0.046359 0.013592 hargrave 2021-05-31 13:02:35 
