PF18- 35a sun compass orientation
 101.65 150.2  25.0 221.5  81.4   9.3
NRM    266.2  70.0 297.4 -05.6 5.79E-05 001.7 192.5  46.2 0.532212 1.497203 0.281020 hargrave 2021-04-06 18:58:11 
TT  50 270.4  69.6 298.1 -06.9 5.77E-05 001.5 194.7  46.2 0.436689 1.276027 0.408578 hargrave 2021-04-12 10:49:09 
TT 100 260.8  70.4 296.4 -04.0 5.70E-05 002.0 189.8  46.1 0.566032 1.720967 0.502000 hargrave 2021-04-13 12:01:52 
TT 150 257.7  69.7 295.2 -03.6 5.48E-05 000.6 188.5  45.3 0.236402 0.302034 0.417543 hargrave 2021-04-14 19:19:25 
TT 200 253.9  64.8 290.4 -05.2 4.53E-05 001.5 187.6  40.2 0.427613 0.724980 0.758869 hargrave 2021-04-16 13:07:02 
TT 250 252.3  62.6 288.1 -05.8 4.12E-05 004.2 187.1  37.9 0.561816 2.768660 0.372360 hargrave 2021-04-19 23:26:55 
TT 300 254.0  61.9 287.9 -06.8 3.98E-05 003.1 188.1  37.3 0.411389 1.942868 0.364579 hargrave 2021-04-21 13:34:50 
TT 325 247.5  61.2 285.8 -04.5 3.80E-05 002.0 184.4  36.4 0.240803 1.145459 0.343153 hargrave 2021-04-22 11:13:55 
TT 350 252.0  61.0 286.7 -06.5 3.53E-05 003.4 187.1  36.4 0.351400 1.918128 0.362740 hargrave 2021-04-23 09:06:36 
TT 375 251.5  60.0 285.6 -06.7 2.88E-05 003.1 186.9  35.3 0.287131 1.401168 0.241867 hargrave 2021-04-24 16:07:13 
TT 415 241.6  59.7 283.2 -02.4 2.51E-05 001.1 180.9  34.7 0.125710 0.329954 0.313257 hargrave 2021-04-25 15:13:17 
TT 450 246.3  59.4 283.9 -04.7 2.14E-05 002.8 183.8  34.5 0.279299 0.819414 0.432396 hargrave 2021-04-26 21:42:19 
TT 475 244.6  60.4 284.4 -03.5 2.04E-05 001.7 182.6  35.4 0.082255 0.520576 0.191944 hargrave 2021-04-29 10:37:39 
TT 500 240.7  60.3 283.6 -01.8 1.94E-05 001.1 180.3  35.3 0.100710 0.218367 0.259003 hargrave 2021-04-30 15:42:55 
TT 520 240.5  60.9 284.1 -01.5 1.80E-05 001.9 180.2  35.9 0.080395 0.522210 0.187905 hargrave 2021-05-01 17:54:56 
TT 535 242.5  58.6 282.4 -03.3 1.66E-05 003.4 181.5  33.6 0.091697 0.905798 0.186546 hargrave 2021-05-03 09:33:49 
TT 550 239.6  60.4 283.5 -01.2 1.55E-05 001.4 179.6  35.4 0.113110 0.144393 0.299487 hargrave 2021-05-04 13:17:56 
TT 560 241.7  60.0 283.5 -02.3 1.31E-05 007.9 180.9  35.1 0.111655 1.674039 0.166063 hargrave 2021-05-06 16:41:11 
TT 570 240.8  64.3 287.3 -00.4 1.23E-05 000.7 180.3  39.3 0.063009 0.092669 0.101457 hargrave 2021-05-07 11:22:20 
TT 580 243.4  58.0 282.0 -03.9 9.55E-06 001.2 182.0  33.1 0.054160 0.103648 0.148426 hargrave 2021-05-08 12:45:59 
TT 590 235.3  59.5 282.0  00.5 8.28E-06 003.6 177.0  34.5 0.052670 0.468573 0.122824 hargrave 2021-05-09 14:09:08 
TT 600 230.4  57.8 279.7  02.6 7.68E-06 002.1 173.8  33.0 0.053059 0.235650 0.112719 hargrave 2021-05-10 14:53:19 
TT 610 230.9  56.0 278.0  01.9 7.04E-06 002.6 173.9  31.2 0.045014 0.273111 0.112984 hargrave 2021-05-11 16:49:49 
TT 620 237.0  55.6 278.5 -01.5 6.87E-06 001.6 177.9  30.6 0.092765 0.067801 0.155076 hargrave 2021-05-12 19:08:13 
TT 630 234.4  59.1 281.5  00.9 6.51E-06 001.9 176.4  34.2 0.077172 0.154008 0.125455 hargrave 2021-05-14 16:26:15 
TT 640 226.7  55.8 277.3  04.2 6.09E-06 003.7 171.2  31.2 0.036672 0.361003 0.064743 hargrave 2021-05-15 14:10:18 
TT 650 231.9  55.9 278.1  01.4 5.99E-06 001.0 174.6  31.1 0.078680 0.068076 0.053174 hargrave 2021-05-16 17:02:28 
TT 660 236.5  57.0 279.7 -00.8 5.18E-06 002.7 177.6  32.0 0.046170 0.218546 0.034397 hargrave 2021-05-17 17:42:02 
TT 664 237.0  58.5 281.2 -00.6 4.98E-06 004.6 178.0  33.5 0.049604 0.365444 0.064543 hargrave 2021-05-18 21:10:47 
TT 668 221.7  75.4 296.7  08.3 2.96E-06 004.7 172.7  50.9 0.036161 0.223912 0.020129 hargrave 2021-05-20 09:59:26 
TT 672 241.5  59.2 282.7 -02.6 4.22E-06 003.5 180.8  34.2 0.045295 0.233234 0.041983 hargrave 2021-05-23 15:19:29 
TT 674 209.4  71.4 292.9  12.0 2.52E-06 004.9 165.9  48.0 0.030454 0.195766 0.036428 hargrave 2021-05-24 17:39:18 
TT 676 216.0  85.6 307.1  09.0 1.80E-06 003.2 176.3  61.0 0.020019 0.092438 0.009237 hargrave 2021-05-25 17:28:56 
