PF18- 67a sun compass orientation
  93.81 137.1  36.0 221.5  81.4  10.2
NRM    248.2  55.3 280.7 -07.4 1.05E-04 002.3 192.6  20.7 1.472143 3.653352 1.945023 hargrave 2021-04-08 13:51:59 
TT  50 249.7  55.1 280.9 -08.3 1.05E-04 001.1 193.6  20.7 0.638911 0.555586 1.880904 hargrave 2021-04-09 13:13:21 
TT 100 251.2  54.8 281.0 -09.2 1.04E-04 004.3 194.5  20.6 2.522263 7.338817 1.899686 hargrave 2021-04-10 13:39:26 
TT 150 258.7  52.9 281.8 -13.9 1.03E-04 001.4 199.6  20.1 1.040989 1.424572 1.921911 hargrave 2021-04-11 12:14:34 
TT 200 248.5  54.4 279.9 -08.0 1.02E-04 002.5 193.0  19.9 0.596834 4.187293 1.814416 hargrave 2021-04-13 15:21:04 
TT 250 253.6  53.5 280.6 -11.1 1.01E-04 002.2 196.4  19.8 1.448778 3.115261 1.847755 hargrave 2021-04-18 14:10:43 
TT 300 247.6  54.5 279.7 -07.5 9.82E-05 003.3 192.5  19.8 1.504720 5.242437 1.677209 hargrave 2021-04-19 14:18:43 
TT 325 255.8  53.1 281.0 -12.4 9.46E-05 001.1 197.8  19.7 0.235980 0.938343 1.634959 hargrave 2021-04-20 12:45:40 
TT 350 252.1  53.2 279.9 -10.5 9.11E-05 000.9 195.5  19.2 0.431104 0.581446 1.352918 hargrave 2021-04-23 12:27:04 
TT 375 250.0  53.9 279.9 -09.0 8.56E-05 002.3 194.1  19.5 0.561237 3.237586 1.387616 hargrave 2021-04-25 09:29:25 
TT 415 248.6  53.8 279.4 -08.4 7.84E-05 001.8 193.2  19.2 0.365635 2.247572 1.023807 hargrave 2021-04-26 08:32:00 
TT 475 252.6  52.9 279.7 -10.9 7.43E-05 001.9 195.9  19.0 0.832769 2.344625 0.640485 hargrave 2021-04-29 14:06:11 
TT 500 247.1  54.2 279.3 -07.4 7.20E-05 003.7 192.2  19.4 0.766391 4.613830 1.138157 hargrave 2021-05-01 09:15:05 
TT 520 250.9  52.9 279.3 -10.0 7.03E-05 001.7 194.9  18.7 0.484819 1.981695 0.692149 hargrave 2021-05-02 15:53:52 
TT 535 250.6  53.4 279.6 -09.6 6.79E-05 001.5 194.6  19.1 0.360147 1.651626 0.492983 hargrave 2021-05-04 08:28:40 
TT 550 243.9  54.8 279.1 -05.5 6.53E-05 002.0 190.2  19.7 0.120187 2.020519 1.175183 hargrave 2021-05-04 18:03:22 
TT 560 254.6  53.5 280.9 -11.6 6.25E-05 000.8 197.0  19.9 0.353297 0.515462 0.616223 hargrave 2021-05-05 15:30:31 
TT 570 252.3  53.9 280.5 -10.2 5.35E-05 002.0 195.5  19.9 0.631706 1.651332 0.803232 hargrave 2021-05-06 21:49:35 
TT 580 255.0  53.5 281.1 -11.8 4.11E-05 001.1 197.2  20.0 0.118300 0.359194 0.706356 hargrave 2021-05-08 19:05:54 
TT 590 246.6  54.8 279.8 -06.9 3.34E-05 002.2 191.8  20.0 0.126285 1.265911 0.373801 hargrave 2021-05-09 18:04:38 
TT 600 256.8  52.6 280.8 -13.2 3.24E-05 001.6 198.6  19.4 0.493235 0.596665 0.481762 hargrave 2021-05-11 08:55:13 
TT 610 247.2  53.5 278.8 -07.8 3.07E-05 000.8 192.5  18.8 0.279524 0.171351 0.318281 hargrave 2021-05-12 08:51:38 
TT 620 263.8  51.2 282.4 -17.5 2.49E-05 002.1 203.4  19.5 0.474539 0.720211 0.366990 hargrave 2021-05-13 11:44:35 
TT 630 269.2  50.1 284.0 -20.8 2.13E-05 002.0 207.3  19.9 0.435507 0.560436 0.285612 hargrave 2021-05-14 11:12:27 
TT 640 281.1  48.7 289.5 -26.8 1.22E-05 001.5 215.2  22.3 0.187727 0.201388 0.251137 hargrave 2021-05-15 09:23:58 
TT 650 278.7  47.5 287.3 -26.8 1.33E-05 002.8 214.4  20.5 0.428675 0.433515 0.244044 hargrave 2021-05-16 11:15:40 
TT 660 227.9  46.1 267.9  01.8 1.61E-05 002.3 180.6  10.1 0.125784 0.653765 0.132664 hargrave 2021-05-17 12:24:54 
TT 664 299.3  44.4 300.8 -35.9 1.11E-05 001.0 229.2  25.9 0.048067 0.074061 0.199332 hargrave 2021-05-18 14:46:39 
TT 668 253.3  45.3 273.2 -15.1 1.69E-05 001.0 198.5  11.8 0.242988 0.073540 0.238147 hargrave 2021-05-19 17:18:16 
TT 672 077.3  39.3 359.9  32.8 4.83E-06 001.3 066.4  64.9 0.085431 0.076459 0.056344 hargrave 2021-05-23 10:31:07 
TT 674 221.3  48.6 269.7  06.6 1.35E-05 003.4 176.0  12.7 0.232511 0.805023 0.096082 hargrave 2021-05-24 12:48:17 
TT 676 302.0  43.9 303.0 -36.8 9.76E-06 001.1 231.2  26.8 0.100100 0.087836 0.157443 hargrave 2021-05-25 12:37:26 
