PF18- 115a mag compass orientation (IGRF corrected)
  132.5  51.6  33.0 218.9  81.9  14.7
NRM    321.4  76.4 311.8 -05.2 1.18E-04 001.3 180.1  70.6 3.621647 0.697940 1.165317 hargrave 2021-04-08 15:20:05 
TT  50 321.9  76.3 312.0 -05.3 1.16E-04 002.0 179.8  70.7 3.427489 4.569462 1.347848 hargrave 2021-04-09 14:41:21 
TT 100 315.9  76.0 310.6 -05.8 1.01E-04 001.4 184.2  70.9 3.059111 1.588802 1.141130 hargrave 2021-04-10 15:09:36 
TT 150 283.2  70.5 300.4 -09.5 5.31E-05 001.3 215.2  68.9 1.187084 1.093352 0.626520 hargrave 2021-04-11 13:42:58 
TT 200 272.9  64.5 293.9 -12.5 4.19E-05 001.5 231.8  65.8 1.544677 0.181142 0.461382 hargrave 2021-04-13 16:38:23 
TT 250 269.6  59.7 289.6 -15.3 3.09E-05 002.0 242.1  63.3 1.522561 0.286234 0.327516 hargrave 2021-04-18 15:27:49 
TT 300 265.8  57.6 286.6 -15.5 2.45E-05 002.2 244.9  60.7 1.343043 0.240857 0.257824 hargrave 2021-04-19 15:51:49 
TT 325 263.1  57.7 285.6 -14.5 1.96E-05 001.9 243.6  59.4 0.916826 0.134213 0.233500 hargrave 2021-04-20 14:18:53 
TT 350 258.5  58.4 284.5 -12.1 1.65E-05 001.5 240.4  57.5 0.616804 0.091242 0.203698 hargrave 2021-04-23 13:55:52 
TT 375 257.7  58.1 284.0 -12.0 1.43E-05 003.0 240.5  57.0 1.048563 0.297377 0.135063 hargrave 2021-04-25 10:59:40 
TT 415 257.7  55.2 281.7 -13.8 1.22E-05 002.1 245.2  55.6 0.616466 0.142601 0.129920 hargrave 2021-04-26 11:14:10 
TT 450 255.1  54.9 280.5 -12.8 1.01E-05 003.3 244.3  54.2 0.802493 0.254214 0.141969 hargrave 2021-04-27 14:46:09 
TT 475 253.1  55.3 280.2 -11.6 9.04E-06 001.5 242.8  53.4 0.318955 0.066209 0.141928 hargrave 2021-04-29 15:35:19 
TT 500 254.3  54.9 280.2 -12.4 7.70E-06 002.5 243.9  53.8 0.460491 0.129985 0.082111 hargrave 2021-05-01 10:44:00 
TT 520 249.4  60.3 283.4 -07.3 6.54E-06 006.9 233.8  54.2 0.912931 0.718895 0.068103 hargrave 2021-05-02 17:10:53 
TT 535 250.8  54.1 278.4 -11.1 5.75E-06 003.2 243.2  51.7 0.439717 0.128979 0.093947 hargrave 2021-05-04 09:55:14 
TT 550 248.4  56.0 279.4 -09.0 4.87E-06 002.3 239.5  51.6 0.262350 0.102641 0.073964 hargrave 2021-05-04 19:33:37 
TT 560 247.6  62.2 284.7 -05.6 3.89E-06 003.4 230.1  54.3 0.278975 0.179734 0.065019 hargrave 2021-05-05 17:03:03 
TT 570 246.6  59.2 281.7 -06.6 3.09E-06 003.9 234.3  52.4 0.240165 0.192539 0.061767 hargrave 2021-05-06 23:17:02 
TT 580 232.2  58.5 278.4  00.1 2.76E-06 002.3 228.6  45.9 0.099611 0.127759 0.056733 hargrave 2021-05-08 20:36:07 
TT 590 226.7  59.3 278.5  03.0 2.34E-06 001.4 225.2  44.2 0.051981 0.071706 0.052140 hargrave 2021-05-09 19:36:12 
TT 600 248.0  53.2 276.8 -10.1 1.45E-06 002.4 242.9  49.8 0.067676 0.066862 0.022673 hargrave 2021-05-11 10:23:18 
TT 610 229.5  71.6 290.8  04.4 9.49E-07 004.4 211.0  52.1 0.047975 0.096953 0.019772 hargrave 2021-05-12 10:19:55 
TT 620 211.4  44.1 262.4  11.0 1.43E-06 003.4 228.9  26.6 0.070482 0.115984 0.025410 hargrave 2021-05-13 13:13:28 
TT 630 180.9  65.4 288.1  22.5 1.06E-06 007.4 199.0  35.9 0.052181 0.197220 0.014262 hargrave 2021-05-14 12:41:30 
TT 640 200.1  53.6 272.8  17.6 1.12E-06 002.7 215.9  30.4 0.041366 0.070133 0.024717 hargrave 2021-05-15 10:51:39 
TT 650 153.3  65.5 297.5  30.2 8.71E-07 004.8 185.7  32.8 0.021832 0.106674 0.018252 hargrave 2021-05-16 12:43:33 
TT 660 257.9  20.2 249.1 -32.4 5.51E-07 004.6 280.8  31.1 0.044263 0.054031 0.029333 hargrave 2021-05-17 13:55:48 
TT 664 167.3  59.3 287.2  31.1 7.13E-07 006.3 194.5  28.1 0.020431 0.115505 0.010761 hargrave 2021-05-18 16:16:28 
TT 668 279.1  27.5 271.0 -44.2 3.68E-07 005.6 296.3  48.0 0.043835 0.037975 0.011692 hargrave 2021-05-19 18:47:38 
TT 672 052.5  46.3 353.0  15.2 4.40E-07 004.0 120.2  36.9 0.021948 0.051536 0.009766 hargrave 2021-05-23 11:58:03 
TT 674 264.3 -12.2 209.7 -46.0 4.84E-07 003.8 304.2  06.4 0.052768 0.035121 0.013867 hargrave 2021-05-24 14:12:26 
TT 676 268.0 -05.8 219.4 -49.3 2.50E-07 003.5 304.5  13.7 0.026494 0.029802 0.009868 hargrave 2021-05-25 14:02:24 
TT 678 268.2 -05.3 220.2 -49.5 4.08E-07 003.6 304.4  14.2 0.048421 0.027945 0.012625 hargrave 2021-05-26 14:42:58 
TT 680 162.2  47.1 278.8  41.8 2.42E-07 012.0 194.4  15.5 0.009213 0.076398 0.004210 hargrave 2021-05-30 16:32:30 
