PF18- 30a mag compass orientation (IGRF corrected)
 102.47 138.6  10.0 221.5  81.4   6.7
NRM    269.8  75.4 301.8 -02.4 5.65E-05 000.6 205.1  66.9 0.304939 0.179577 0.137143 hargrave 2021-04-06 18:49:21 
TT  50 269.7  75.2 301.7 -02.5 5.58E-05 001.2 205.2  66.7 0.334973 0.685956 0.178190 hargrave 2021-04-12 10:39:23 
TT 100 255.6  70.2 295.2 -02.7 4.26E-05 001.8 198.5  61.0 0.089928 0.875708 0.117250 hargrave 2021-04-13 11:52:05 
TT 150 240.4  63.6 286.6 -00.5 3.35E-05 001.8 188.9  53.8 0.200593 0.680553 0.153261 hargrave 2021-04-14 19:11:15 
TT 200 223.9  10.2 231.9 -00.8 1.88E-05 052.8 175.3  00.2 0.089779 1.062156 16.60043 hargrave 2021-04-16 12:59:26 
TT 200 246.3  61.2 285.5 -03.9 2.98E-05 002.6 193.6  51.5 0.148942 0.905899 0.100789 hargrave 2021-04-16 14:01:47 
TT 250 236.8  58.4 281.2 -00.5 2.67E-05 001.0 186.4  48.5 0.223504 0.084750 0.196760 hargrave 2021-04-19 23:18:16 
TT 300 235.0  57.7 280.2  00.2 2.18E-05 003.1 185.1  47.7 0.248315 0.697930 0.267185 hargrave 2021-04-21 13:24:16 
TT 325 235.8  56.8 279.4 -00.5 1.88E-05 002.0 185.7  46.9 0.183584 0.349114 0.204685 hargrave 2021-04-22 11:04:04 
TT 350 236.2  56.9 279.6 -00.7 1.74E-05 002.0 186.0  46.9 0.252018 0.250752 0.192522 hargrave 2021-04-23 08:56:48 
TT 375 233.9  56.7 279.1  00.5 1.63E-05 001.5 184.2  46.8 0.203029 0.054673 0.181809 hargrave 2021-04-24 15:55:44 
TT 415 233.0  56.7 279.0  01.0 1.46E-05 003.2 183.5  46.8 0.174316 0.476499 0.180828 hargrave 2021-04-25 15:05:01 
TT 450 224.5  56.7 278.1  05.5 1.33E-05 001.3 176.7  46.7 0.134619 0.079539 0.133442 hargrave 2021-04-26 21:36:05 
TT 475 234.9  56.1 278.6 -00.2 1.25E-05 002.2 185.1  46.1 0.137192 0.259457 0.120134 hargrave 2021-04-29 10:27:53 
TT 500 224.4  56.6 277.9  05.6 1.16E-05 004.7 176.6  46.6 0.143945 0.617564 0.132045 hargrave 2021-04-30 15:33:12 
TT 520 227.7  56.8 278.4  03.8 1.07E-05 003.8 179.3  46.8 0.123273 0.451213 0.086735 hargrave 2021-05-01 17:46:01 
TT 535 235.9  55.6 278.4 -00.9 9.73E-06 003.1 185.9  45.7 0.128400 0.294540 0.148637 hargrave 2021-05-03 09:24:03 
TT 550 225.8  56.9 278.4  04.9 8.82E-06 002.4 177.8  47.0 0.133981 0.204286 0.075657 hargrave 2021-05-04 13:07:23 
TT 560 227.6  55.5 277.2  03.6 8.04E-06 002.6 179.2  45.5 0.097997 0.205331 0.091259 hargrave 2021-05-06 16:30:38 
TT 570 227.3  56.4 278.0  03.9 7.61E-06 001.2 179.0  46.4 0.064344 0.065556 0.067954 hargrave 2021-05-07 11:11:39 
TT 580 226.9  56.8 278.4  04.2 7.21E-06 002.3 178.7  46.8 0.077016 0.172968 0.040630 hargrave 2021-05-08 12:34:37 
TT 590 219.9  55.4 276.5  08.0 6.82E-06 001.1 172.9  45.5 0.042628 0.074856 0.035082 hargrave 2021-05-09 13:58:30 
TT 600 227.8  53.6 275.3  03.2 6.28E-06 002.8 179.4  43.6 0.052741 0.201260 0.028000 hargrave 2021-05-10 14:42:30 
TT 610 219.5  54.8 275.9  08.1 5.86E-06 001.8 172.6  44.9 0.044212 0.117554 0.028358 hargrave 2021-05-11 16:38:22 
TT 620 220.7  54.6 275.8  07.4 5.81E-06 003.0 173.6  44.7 0.050065 0.197074 0.027452 hargrave 2021-05-12 19:00:31 
TT 630 226.7  54.6 276.1  04.0 6.04E-06 001.0 178.5  44.6 0.057770 0.049844 0.027578 hargrave 2021-05-14 16:16:29 
TT 640 224.7  55.8 277.2  05.3 5.64E-06 001.0 176.8  45.8 0.053323 0.052159 0.030641 hargrave 2021-05-15 13:59:33 
TT 650 219.5  55.3 276.4  08.2 5.13E-06 001.3 172.6  45.4 0.038170 0.070095 0.022310 hargrave 2021-05-16 16:52:29 
TT 660 224.6  57.4 278.8  05.6 2.81E-06 003.6 176.8  47.5 0.026102 0.115238 0.011775 hargrave 2021-05-17 17:33:00 
TT 664 217.1  53.8 274.9  09.5 2.45E-06 003.3 170.6  44.0 0.026921 0.090883 0.011054 hargrave 2021-05-18 21:00:16 
TT 668 221.6  57.4 278.6  07.2 1.66E-06 004.2 174.4  47.5 0.013789 0.081802 0.005104 hargrave 2021-05-20 09:48:53 
TT 672 227.1  54.5 276.1  03.7 7.52E-07 002.5 178.8  44.5 0.006495 0.021157 0.002745 hargrave 2021-05-23 15:09:34 
TT 674 199.5  66.6 289.0  16.5 4.06E-07 003.3 158.9  57.6 0.003968 0.015611 0.000742 hargrave 2021-05-24 17:29:23 
TT 676 202.8  44.2 265.4  19.3 3.95E-07 005.2 157.6  35.0 0.008207 0.022777 0.003712 hargrave 2021-05-25 17:17:23 
TT 678 219.5  33.9 254.9  06.4 4.15E-07 006.4 171.7  24.0 0.005862 0.031172 0.002242 hargrave 2021-05-26 17:55:47 
TT 680 238.2  40.1 263.9 -07.0 1.69E-07 004.8 188.5  30.2 0.002442 0.009194 0.002228 hargrave 2021-05-30 12:04:57 
TT 682 333.1 -16.9 065.2 -67.4 1.25E-07 005.7 287.2 -14.2 0.008975 0.003401 0.001960 hargrave 2021-05-31 13:13:14 
