PF18- 33a sun compass orientation
 102.06 142.4  30.0 221.5  81.4   5.4
NRM    243.1  81.5 303.6  05.4 8.46E-05 003.0 182.5  51.6 0.963834 2.073190 0.786557 hargrave 2021-04-06 18:55:36 
TT  50 247.2  81.3 303.7  04.8 8.45E-05 001.9 183.5  51.6 0.611515 1.212364 0.768325 hargrave 2021-04-12 10:45:57 
TT 100 244.1  81.2 303.4  05.2 8.36E-05 002.1 182.8  51.4 0.724853 1.263003 0.806668 hargrave 2021-04-13 11:58:39 
TT 150 238.4  81.0 302.9  05.9 8.14E-05 003.2 181.5  51.1 0.807508 2.166262 0.768736 hargrave 2021-04-14 19:16:44 
TT 200 234.7  73.4 295.3  04.5 6.37E-05 001.4 180.9  43.4 0.400728 0.251152 0.685764 hargrave 2021-04-16 13:04:22 
TT 250 233.0  69.7 291.5  04.1 5.70E-05 003.2 180.3  39.7 0.455230 1.550234 0.575962 hargrave 2021-04-19 23:21:56 
TT 300 224.5  67.5 288.9  06.8 5.38E-05 001.8 176.2  37.7 0.401316 0.592061 0.544517 hargrave 2021-04-21 13:31:38 
TT 325 218.7  66.2 287.5  09.0 5.07E-05 001.5 173.2  36.7 0.372708 0.329387 0.492345 hargrave 2021-04-22 11:10:40 
TT 350 218.9  65.3 286.5  08.9 4.49E-05 001.5 173.1  35.7 0.161583 0.442178 0.409306 hargrave 2021-04-23 09:03:24 
TT 375 220.5  64.7 285.9  08.2 3.56E-05 004.1 173.8  35.0 0.414240 1.238571 0.409252 hargrave 2021-04-24 16:03:08 
TT 415 228.1  64.4 286.0  04.9 3.02E-05 001.5 177.8  34.5 0.227202 0.122183 0.325035 hargrave 2021-04-25 15:10:40 
TT 450 230.9  63.8 285.6  03.6 2.62E-05 001.8 179.2  33.8 0.166409 0.275578 0.316765 hargrave 2021-04-26 21:39:45 
TT 475 221.8  63.6 284.8  07.6 2.50E-05 002.0 174.3  33.8 0.108220 0.384161 0.263847 hargrave 2021-04-29 10:34:26 
TT 500 226.5  64.0 285.4  05.5 2.38E-05 002.4 176.9  34.0 0.127774 0.478827 0.228237 hargrave 2021-04-30 15:39:43 
TT 520 209.6  62.9 284.3  13.1 2.25E-05 001.7 167.7  34.1 0.125124 0.197881 0.282185 hargrave 2021-05-01 17:51:46 
TT 535 224.2  63.3 284.7  06.5 2.12E-05 000.7 175.6  33.5 0.046119 0.105386 0.097167 hargrave 2021-05-03 09:30:36 
TT 550 217.6  63.1 284.2  09.4 2.06E-05 002.9 172.0  33.6 0.144297 0.523905 0.195472 hargrave 2021-05-04 13:13:55 
TT 560 201.5  61.6 283.7  17.0 1.93E-05 010.0 162.9  33.9 0.713977 1.659742 0.332138 hargrave 2021-05-06 16:37:59 
TT 570 217.8  63.5 284.6  09.3 1.85E-05 005.9 172.2  34.0 0.326915 0.943813 0.284211 hargrave 2021-05-07 11:19:07 
TT 580 223.4  62.1 283.4  06.7 1.77E-05 003.3 175.0  32.3 0.216826 0.380261 0.346447 hargrave 2021-05-08 12:41:57 
TT 590 214.9  61.7 282.9  10.7 1.72E-05 005.0 170.3  32.5 0.281287 0.715850 0.266294 hargrave 2021-05-09 14:05:55 
TT 600 215.5  61.8 283.0  10.4 1.60E-05 006.1 170.6  32.5 0.263917 0.851965 0.235888 hargrave 2021-05-10 14:50:03 
TT 610 214.1  60.5 281.6  11.1 1.55E-05 002.2 169.5  31.3 0.144389 0.190915 0.226850 hargrave 2021-05-11 16:45:46 
TT 620 209.2  61.1 282.4  13.5 1.51E-05 002.5 166.9  32.4 0.109997 0.308439 0.154591 hargrave 2021-05-12 19:05:02 
TT 630 214.1  61.4 282.6  11.1 1.47E-05 003.7 169.8  32.2 0.046585 0.476510 0.199086 hargrave 2021-05-14 16:23:03 
TT 640 215.8  62.9 284.1  10.2 1.40E-05 001.7 171.0  33.6 0.135209 0.075251 0.167551 hargrave 2021-05-15 14:07:02 
TT 650 212.5  60.5 281.7  11.9 1.41E-05 006.0 168.7  31.5 0.265645 0.728558 0.180880 hargrave 2021-05-16 16:59:11 
TT 660 213.2  60.7 281.9  11.5 1.33E-05 001.8 169.1  31.6 0.065706 0.177839 0.122808 hargrave 2021-05-17 17:38:48 
TT 664 211.7  60.1 281.3  12.3 1.27E-05 003.1 168.1  31.2 0.163466 0.282094 0.196389 hargrave 2021-05-18 21:07:36 
TT 668 206.2  60.4 281.9  15.0 1.06E-05 003.8 165.1  32.1 0.155182 0.314056 0.146339 hargrave 2021-05-20 09:56:14 
TT 672 211.5  61.3 282.5  12.3 1.01E-05 002.0 168.3  32.4 0.103514 0.109243 0.120129 hargrave 2021-05-23 15:15:24 
TT 674 207.7  60.2 281.6  14.3 9.00E-06 005.5 165.9  31.7 0.176633 0.414219 0.124702 hargrave 2021-05-24 17:35:14 
TT 676 216.9  60.1 281.2  09.7 5.51E-06 004.0 171.1  30.7 0.062412 0.181856 0.094392 hargrave 2021-05-25 17:24:50 
TT 678 208.5  60.8 282.2  13.8 3.81E-06 002.1 166.5  32.3 0.034350 0.053251 0.054322 hargrave 2021-05-26 18:02:22 
TT 680 206.8  59.3 280.8  14.9 3.03E-06 004.4 165.1  31.0 0.052043 0.106337 0.049403 hargrave 2021-05-30 12:11:38 
TT 682 209.4  59.7 281.1  13.5 2.40E-06 002.7 166.7  31.1 0.034552 0.027812 0.047826 hargrave 2021-05-31 13:20:39 
