PF18- 36a sun compass orientation
 101.59 150.5  21.0 221.5  81.4  12.8
NRM    236.1  73.4 295.4  04.1 3.36E-05 044.2 177.9  52.4 28.07429 1.062393 36.48283 hargrave 2021-04-06 18:59:28 
NRM    245.1  70.5 293.7  00.5 6.72E-05 002.9 182.3  49.6 3.077123 1.573799 2.612428 hargrave 2021-04-07 09:02:27 
TT  50 246.4  69.2 292.7 -00.5 6.71E-05 001.3 183.1  48.2 1.221234 0.454832 1.583838 hargrave 2021-04-12 10:50:44 
TT 100 240.9  69.0 291.7  01.2 6.62E-05 001.3 180.2  48.0 1.151013 0.460964 1.593204 hargrave 2021-04-13 12:03:28 
TT 150 245.8  67.9 291.5 -00.8 6.29E-05 003.5 182.9  47.0 0.874117 4.617145 1.344355 hargrave 2021-04-14 19:20:43 
TT 200 238.9  62.9 285.7 -00.1 5.21E-05 001.3 179.0  41.9 0.653663 0.325208 1.421448 hargrave 2021-04-16 13:08:22 
TT 250 240.3  61.0 284.1 -01.4 4.71E-05 002.4 179.9  40.0 1.489058 0.614310 2.007897 hargrave 2021-04-19 23:28:18 
TT 300 234.1  58.6 280.9  00.9 4.54E-05 002.4 175.8  37.7 0.221194 2.342334 0.782662 hargrave 2021-04-21 13:36:27 
TT 325 231.3  57.4 279.4  02.0 4.32E-05 000.9 173.9  36.6 0.288628 0.512278 0.595744 hargrave 2021-04-22 11:15:32 
TT 350 233.0  56.8 279.1  01.0 4.01E-05 001.1 174.9  35.9 0.353201 0.589283 0.766502 hargrave 2021-04-23 09:08:12 
TT 375 228.0  55.6 277.2  03.4 3.31E-05 003.5 171.4  34.9 0.658985 2.457791 0.582709 hargrave 2021-04-24 16:08:49 
TT 415 230.4  55.2 277.2  02.0 2.91E-05 001.5 173.1  34.4 0.429289 0.598522 0.658776 hargrave 2021-04-25 15:14:36 
TT 450 235.1  54.8 277.4 -00.7 2.50E-05 001.6 176.2  33.8 0.390137 0.485378 0.669996 hargrave 2021-04-27 08:09:24 
TT 475 230.9  54.5 276.5  01.6 2.40E-05 001.2 173.3  33.7 0.273871 0.199071 0.543138 hargrave 2021-04-29 10:39:14 
TT 500 233.5  54.7 277.1  00.2 2.29E-05 001.8 175.2  33.8 0.295703 0.709007 0.526271 hargrave 2021-04-30 15:44:29 
TT 520 222.9  53.7 275.0  06.1 2.16E-05 001.2 167.7  33.4 0.175729 0.306326 0.486500 hargrave 2021-05-01 17:56:31 
TT 535 224.4  52.6 274.0  05.1 2.01E-05 000.7 168.5  32.2 0.081662 0.145017 0.295933 hargrave 2021-05-03 09:35:24 
TT 550 223.2  53.8 275.1  05.9 1.89E-05 001.9 167.9  33.5 0.299587 0.639130 0.383808 hargrave 2021-05-04 13:19:30 
TT 560 222.9  52.4 273.7  06.0 1.64E-05 001.9 167.4  32.1 0.077011 0.594607 0.368604 hargrave 2021-05-06 16:42:45 
TT 570 219.4  54.8 275.9  08.2 1.48E-05 005.7 165.4  34.7 0.658977 1.752730 0.295126 hargrave 2021-05-07 11:23:57 
TT 580 224.0  49.3 270.7  04.9 1.19E-05 001.9 167.8  28.9 0.227084 0.354469 0.302997 hargrave 2021-05-08 12:47:33 
TT 590 212.3  52.7 273.7  12.4 9.61E-06 002.5 159.9  33.5 0.300707 0.397527 0.219228 hargrave 2021-05-09 14:10:44 
TT 600 224.6  50.3 271.7  04.6 8.58E-06 001.7 168.4  29.8 0.076470 0.226766 0.220908 hargrave 2021-05-10 14:54:57 
TT 610 220.3  48.6 269.7  07.2 8.19E-06 002.2 164.9  28.5 0.226529 0.274249 0.196992 hargrave 2021-05-11 16:51:24 
TT 620 219.2  51.2 272.2  08.1 7.73E-06 003.7 164.5  31.2 0.301663 0.543992 0.193872 hargrave 2021-05-12 19:09:48 
TT 630 217.5  47.7 268.7  09.1 7.63E-06 001.4 162.7  28.0 0.163489 0.086539 0.174579 hargrave 2021-05-14 16:27:50 
TT 640 222.1  47.6 268.8  05.9 7.15E-06 001.3 166.1  27.4 0.103508 0.115045 0.155081 hargrave 2021-05-15 14:11:54 
TT 650 226.1  48.3 269.9  03.4 6.66E-06 002.5 169.2  27.8 0.173165 0.296342 0.151912 hargrave 2021-05-16 17:04:04 
TT 660 234.9  61.7 284.1  01.3 4.48E-06 004.7 176.5  40.8 0.106231 0.469826 0.080497 hargrave 2021-05-17 17:43:38 
TT 664 207.5  43.5 264.4  16.0 5.52E-06 001.8 154.1  25.1 0.168978 0.054084 0.158225 hargrave 2021-05-18 21:12:21 
TT 668 217.8  42.8 263.8  08.5 5.58E-06 002.2 162.1  23.1 0.076909 0.244821 0.131982 hargrave 2021-05-20 10:01:01 
TT 672 214.3  46.2 267.1  11.2 5.63E-06 002.6 159.9  26.8 0.066867 0.303563 0.138982 hargrave 2021-05-23 15:21:05 
TT 674 187.9  62.8 287.2  22.5 2.85E-06 003.0 147.9  47.0 0.069665 0.173822 0.072296 hargrave 2021-05-24 17:40:54 
TT 676 204.9  47.4 268.6  17.5 4.13E-06 002.1 153.1  29.4 0.085587 0.166854 0.096285 hargrave 2021-05-25 17:30:33 
TT 678 211.7  40.2 261.0  13.0 4.15E-06 001.5 156.7  21.3 0.100389 0.040639 0.108922 hargrave 2021-05-26 18:07:07 
TT 680 211.1  37.8 258.5  13.5 3.31E-06 004.7 155.8  19.0 0.050586 0.333372 0.119903 hargrave 2021-05-30 12:16:28 
TT 682 188.7  24.5 245.3  33.3 1.74E-06 004.7 133.3  10.7 0.077095 0.175159 0.065120 hargrave 2021-05-31 13:25:27 
TT 684 246.0  35.9 262.1 -14.2 1.61E-06 003.0 184.6  15.0 0.079751 0.075941 0.065218 hargrave 2021-06-03 10:11:30 
TT 686 254.6  37.9 267.0 -19.5 1.22E-06 007.5 191.6  17.4 0.066373 0.189058 0.053284 hargrave 2021-06-04 11:38:09 
TT 688 307.7  42.1 307.9 -39.1 7.24E-07 007.6 233.4  31.6 0.097520 0.075270 0.028435 hargrave 2021-06-05 11:54:51 
TT 690 181.8  09.8 227.1  40.4 6.56E-07 002.9 122.6 -01.4 0.073665 0.051605 0.024179 hargrave 2021-06-06 10:49:22 
TT 692 263.6  38.1 271.2 -25.4 6.77E-07 008.4 199.0  18.5 0.064270 0.110754 0.024125 hargrave 2021-06-06 20:15:12 
TT 695 203.2  17.0 236.5  19.9 1.09E-06 003.6 144.6  00.0 0.106331 0.023281 0.053072 hargrave 2021-06-10 14:22:17 
