PF18- 19b sun compass orientation
 103.98 147.3  27.0 221.5  81.4   7.4
NRM    283.8  70.3 302.4 -08.8 8.43E-05 001.7 201.1  47.2 0.738219 1.218945 1.126087 hargrave 2021-04-06 18:34:31 
TT  50 290.5  68.8 303.9 -11.2 8.40E-05 002.1 205.2  47.1 1.593705 1.096284 1.271814 hargrave 2021-04-12 10:19:29 
TT 100 285.4  68.8 302.2 -10.4 7.98E-05 001.5 202.8  46.2 0.667208 0.728960 1.250110 hargrave 2021-04-13 11:33:47 
TT 150 238.9  27.0 251.4 -11.2 4.68E-05 041.9 181.4  00.0 0.396181 10.25181 29.30935 hargrave 2021-04-14 18:55:19 
TT 150 271.5  63.2 294.3 -12.0 6.12E-05 002.3 199.0  38.8 0.966289 1.154213 1.024884 hargrave 2021-04-14 20:28:56 
TT 200 266.1  60.8 290.7 -12.0 5.41E-05 001.9 196.8  35.8 0.209997 0.838499 1.051617 hargrave 2021-04-16 12:38:32 
TT 250 259.5  59.5 287.5 -10.4 4.92E-05 003.1 193.3  33.7 0.141086 1.805646 0.857121 hargrave 2021-04-19 23:02:59 
TT 300 256.5  59.1 286.3 -09.4 4.19E-05 003.3 191.6  33.0 0.738003 1.459991 0.775380 hargrave 2021-04-21 13:04:21 
TT 325 255.2  58.9 285.7 -09.0 3.69E-05 002.3 190.9  32.6 0.526177 0.684452 0.642430 hargrave 2021-04-22 10:44:05 
TT 350 254.7  58.4 285.2 -09.0 3.25E-05 001.6 190.7  32.2 0.324378 0.209620 0.579881 hargrave 2021-04-23 08:36:51 
TT 375 259.3  57.3 285.6 -11.6 2.86E-05 002.4 193.7  31.4 0.425525 0.611301 0.512709 hargrave 2021-04-24 15:34:55 
TT 415 256.5  57.3 284.7 -10.4 2.65E-05 001.8 192.0  31.2 0.174116 0.332772 0.504349 hargrave 2021-04-25 14:24:40 
TT 450 255.4  57.5 284.6 -09.8 2.28E-05 002.4 191.2  31.3 0.312325 0.484438 0.436949 hargrave 2021-04-26 20:45:51 
TT 475 249.5  57.3 282.7 -07.2 2.14E-05 003.8 187.6  30.6 0.325130 0.907947 0.418691 hargrave 2021-04-29 10:07:59 
TT 500 255.0  56.9 284.0 -09.9 2.05E-05 001.8 191.1  30.7 0.124890 0.225955 0.397453 hargrave 2021-04-30 15:13:31 
TT 520 251.4  56.8 282.8 -08.3 1.96E-05 002.4 188.9  30.3 0.259463 0.376199 0.396304 hargrave 2021-05-01 17:26:00 
TT 535 250.0  57.1 282.7 -07.5 1.84E-05 004.7 188.0  30.5 0.255709 1.060881 0.264308 hargrave 2021-05-03 09:04:09 
TT 550 255.3  56.5 283.8 -10.3 1.79E-05 001.8 191.4  30.4 0.131805 0.150671 0.367746 hargrave 2021-05-04 12:48:23 
TT 560 252.4  57.2 283.4 -08.6 1.71E-05 002.1 189.4  30.7 0.160312 0.246732 0.368172 hargrave 2021-05-06 16:10:00 
TT 570 255.2  57.0 284.1 -10.0 1.60E-05 004.4 191.2  30.8 0.040281 0.866311 0.284603 hargrave 2021-05-07 10:52:24 
TT 580 247.6  57.4 282.3 -06.2 1.54E-05 003.7 186.4  30.6 0.104757 0.649255 0.339452 hargrave 2021-05-08 12:14:01 
TT 590 258.3  56.5 284.7 -11.7 1.46E-05 002.4 193.3  30.6 0.105471 0.314751 0.317106 hargrave 2021-05-09 13:36:54 
TT 600 251.7  56.7 282.8 -08.5 1.40E-05 001.9 189.1  30.2 0.136217 0.099477 0.305262 hargrave 2021-05-10 14:23:49 
TT 610 250.3  56.4 282.2 -08.0 1.37E-05 002.9 188.2  29.8 0.088616 0.385032 0.358996 hargrave 2021-05-11 16:18:23 
TT 620 251.9  55.4 281.7 -09.3 1.32E-05 002.0 189.4  28.9 0.128155 0.147578 0.286716 hargrave 2021-05-12 18:38:58 
TT 630 241.9  56.7 280.4 -03.7 1.30E-05 001.8 182.9  29.7 0.104087 0.073626 0.273446 hargrave 2021-05-14 15:55:00 
TT 640 249.5  55.7 281.4 -07.9 1.26E-05 003.0 187.8  29.1 0.084187 0.414319 0.239466 hargrave 2021-05-15 13:40:58 
TT 650 247.7  55.1 280.3 -07.3 1.24E-05 002.5 186.8  28.4 0.098027 0.314020 0.234070 hargrave 2021-05-16 16:33:53 
TT 660 247.9  55.8 281.0 -07.1 1.16E-05 001.6 186.8  29.1 0.096975 0.121881 0.192428 hargrave 2021-05-17 17:13:00 
TT 664 244.4  55.1 279.6 -05.6 1.16E-05 002.4 184.6  28.3 0.136627 0.191302 0.270965 hargrave 2021-05-18 20:41:17 
TT 668 248.5  55.2 280.6 -07.6 1.08E-05 002.9 187.2  28.5 0.084292 0.332335 0.210539 hargrave 2021-05-20 09:29:00 
TT 672 246.1  55.0 279.9 -06.5 9.81E-06 002.8 185.7  28.2 0.074822 0.302021 0.182066 hargrave 2021-05-23 14:50:14 
TT 674 246.9  54.4 279.5 -07.2 9.04E-06 002.7 186.3  27.7 0.055207 0.246237 0.199525 hargrave 2021-05-24 17:10:06 
TT 676 247.3  54.7 279.9 -07.3 8.43E-06 004.1 186.5  28.0 0.040618 0.414247 0.174357 hargrave 2021-05-25 16:56:24 
