PF18- 82a mag compass orientation (IGRF corrected)
 119.14 339.6  27.0 218.9  81.9  13.8
NRM    311.2  72.5 309.6 -09.4 1.11E-04 001.1 139.0  66.2 1.668031 2.054266 1.458984 hargrave 2021-04-08 14:17:53 
TT  50 310.8  73.5 309.4 -08.4 1.09E-04 001.7 141.6  66.4 3.999151 1.329951 1.303206 hargrave 2021-04-09 13:40:20 
TT 100 306.7  72.3 308.2 -09.6 9.92E-05 001.4 138.2  67.5 3.048013 0.557936 1.188930 hargrave 2021-04-10 14:07:46 
TT 150 272.4  66.0 294.6 -11.2 4.81E-05 001.3 117.3  79.8 1.409458 0.327444 0.164987 hargrave 2021-04-11 12:42:00 
TT 200 263.7  61.0 288.3 -12.4 3.82E-05 001.4 079.8  83.1 1.306867 0.232653 0.134534 hargrave 2021-04-13 15:44:15 
TT 250 258.3  55.0 281.7 -14.2 1.51E-05 060.9 033.1  80.9 2.961808 1.932999 22.01840 hargrave 2021-04-18 14:35:46 
TT 250 258.7  56.5 283.0 -13.4 3.02E-05 001.5 039.0  82.0 1.039131 0.194312 0.188148 hargrave 2021-04-18 15:52:08 
TT 300 254.3  53.1 278.7 -13.4 2.20E-05 001.5 016.2  79.8 0.663540 0.369325 0.205293 hargrave 2021-04-19 14:47:48 
TT 325 251.6  51.1 276.1 -13.0 1.77E-05 001.4 006.0  78.1 0.582621 0.100147 0.199884 hargrave 2021-04-20 13:14:43 
TT 350 251.2  50.6 275.5 -13.1 1.58E-05 001.8 004.6  77.6 0.480485 0.463962 0.169545 hargrave 2021-04-23 12:55:28 
TT 375 251.3  50.5 275.4 -13.2 1.40E-05 002.1 005.0  77.5 0.518792 0.476295 0.151071 hargrave 2021-04-25 09:56:48 
TT 415 251.1  49.2 274.1 -13.8 1.17E-05 002.4 004.0  76.1 0.357580 0.554988 0.098073 hargrave 2021-04-26 09:00:23 
TT 450 249.0  47.8 272.2 -13.3 9.80E-06 001.4 358.6  74.8 0.319189 0.069668 0.101835 hargrave 2021-04-27 13:43:19 
TT 475 249.2  48.0 272.4 -13.3 8.66E-06 001.6 358.9  75.0 0.305565 0.110900 0.096223 hargrave 2021-04-29 14:33:33 
TT 500 248.3  47.7 271.9 -12.9 7.54E-06 001.5 356.7  74.7 0.257755 0.068311 0.076245 hargrave 2021-05-01 09:42:36 
TT 520 248.2  46.9 271.1 -13.2 6.81E-06 001.9 356.5  73.8 0.233697 0.206181 0.039753 hargrave 2021-05-02 16:15:33 
TT 535 243.8  45.7 268.7 -10.9 5.99E-06 002.0 346.5  72.4 0.237331 0.168534 0.043818 hargrave 2021-05-04 08:55:17 
TT 550 243.6  45.1 268.1 -11.1 5.23E-06 003.4 346.4  71.8 0.255545 0.337813 0.057971 hargrave 2021-05-04 18:32:18 
TT 560 246.1  41.3 265.3 -14.3 4.78E-06 002.1 352.9  68.2 0.182986 0.155055 0.056261 hargrave 2021-05-05 16:00:25 
TT 570 247.1  44.3 268.4 -13.7 3.89E-06 002.1 354.4  71.2 0.146228 0.124461 0.051395 hargrave 2021-05-06 22:16:57 
TT 580 237.9  48.0 269.3 -06.4 3.02E-06 002.1 331.2  73.6 0.143032 0.060796 0.021036 hargrave 2021-05-08 19:32:38 
TT 590 241.4  52.4 274.4 -06.9 2.76E-06 002.5 334.0  78.6 0.155774 0.046939 0.031757 hargrave 2021-05-09 18:34:38 
TT 600 236.2  32.2 253.8 -10.0 2.45E-06 003.0 338.2  58.1 0.154831 0.080492 0.044502 hargrave 2021-05-11 09:22:38 
TT 610 255.5  60.9 285.6 -09.4 1.81E-06 002.2 055.8  86.6 0.094900 0.023249 0.027968 hargrave 2021-05-12 09:19:49 
TT 620 229.8  22.5 242.8 -06.8 1.96E-06 003.1 332.4  47.3 0.113867 0.060117 0.075672 hargrave 2021-05-13 12:11:58 
TT 630 280.2  37.7 280.5 -37.0 1.34E-06 001.5 050.8  58.6 0.029495 0.033514 0.050044 hargrave 2021-05-14 11:39:51 
TT 640 231.0  13.4 234.1 -09.8 1.62E-06 004.8 336.6  38.7 0.112027 0.138030 0.067649 hargrave 2021-05-15 09:50:37 
TT 650 189.4  43.5 263.9  26.7 1.23E-06 003.9 270.8  51.0 0.108316 0.040153 0.025646 hargrave 2021-05-16 11:41:46 
TT 660 216.3  09.7 228.2  03.9 1.34E-06 004.1 320.5  31.7 0.120873 0.063697 0.032214 hargrave 2021-05-17 12:53:27 
TT 664 304.8  53.1 306.1 -28.7 7.01E-07 002.4 096.7  60.2 0.018728 0.046085 0.011685 hargrave 2021-05-18 15:13:44 
TT 668 283.7  18.1 265.6 -53.8 8.53E-07 002.6 043.6  39.4 0.024126 0.039688 0.034345 hargrave 2021-05-19 17:45:02 
TT 672 196.8  20.8 238.1  23.5 6.64E-07 005.8 294.7  34.9 0.090681 0.021583 0.017762 hargrave 2021-05-23 10:57:07 
TT 674 271.2  00.3 229.7 -51.5 6.92E-07 002.7 024.0  25.3 0.021593 0.027838 0.032678 hargrave 2021-05-24 13:13:46 
TT 676 177.2  18.3 236.2  42.0 7.47E-07 005.5 277.1  24.2 0.098997 0.025866 0.013827 hargrave 2021-05-25 13:02:59 
TT 678 247.9 -11.7 210.1 -29.9 3.92E-07 054.7 358.3  15.3 0.557845 0.025605 0.158660 hargrave 2021-05-26 13:44:30 
TT 678 252.8 -22.4 197.2 -34.4 7.77E-07 012.7 003.0  04.5 0.032206 0.097561 0.220675 hargrave 2021-05-26 14:52:53 
TT 678 249.5 -26.8 192.5 -30.9 8.00E-07 006.9 359.9  00.2 0.020597 0.085275 0.102972 hargrave 2021-05-26 15:00:14 
TT 680 026.7  37.5 359.9 -04.6 6.70E-07 008.0 145.8  16.2 0.042475 0.125550 0.021469 hargrave 2021-05-30 15:33:52 
