PF18- 71d sun compass orientation
  92.07 137.5  32.0 221.5  81.4   6.2
NRM    270.5  69.0 297.8 -07.4 7.07E-05 001.6 198.9  40.7 0.644485 0.966245 0.502843 hargrave 2021-04-08 13:59:29 
TT  50 267.4  69.4 297.2 -06.3 7.04E-05 001.9 197.3  40.6 0.709208 1.208854 0.496910 hargrave 2021-04-09 13:20:53 
TT 100 265.1  68.9 296.3 -06.1 6.88E-05 002.8 196.6  39.8 0.867261 1.866021 0.503225 hargrave 2021-04-10 13:47:45 
TT 150 257.3  59.3 286.7 -09.6 5.28E-05 002.2 197.0  29.6 0.179914 1.151483 0.444405 hargrave 2021-04-11 12:22:03 
TT 200 249.0  56.2 281.6 -07.5 4.82E-05 003.8 193.0  25.5 0.526480 1.876198 0.427173 hargrave 2021-04-13 15:28:11 
TT 250 244.4  52.6 277.2 -06.6 4.47E-05 002.4 190.9  21.4 0.287743 1.066424 0.371739 hargrave 2021-04-18 14:18:36 
TT 300 240.4  50.9 274.7 -04.9 4.01E-05 002.6 188.6  19.4 0.250946 1.056460 0.338318 hargrave 2021-04-19 14:27:01 
TT 325 247.9  49.6 275.4 -09.8 3.55E-05 001.8 193.8  18.9 0.215064 0.579257 0.326286 hargrave 2021-04-20 12:54:44 
TT 350 237.8  49.9 273.2 -03.7 3.32E-05 001.3 187.0  18.2 0.034825 0.362471 0.301062 hargrave 2021-04-23 12:35:24 
TT 375 241.9  48.4 272.7 -06.8 3.05E-05 001.8 190.0  17.0 0.143718 0.522479 0.238617 hargrave 2021-04-25 09:37:41 
TT 415 241.3  47.1 271.4 -06.8 2.64E-05 003.8 189.7  15.7 0.215722 1.028671 0.276856 hargrave 2021-04-26 08:40:16 
TT 450 238.0  46.0 269.5 -05.0 2.48E-05 002.5 187.5  14.3 0.055950 0.619823 0.227603 hargrave 2021-04-27 13:22:39 
TT 475 241.4  45.7 270.1 -07.3 2.41E-05 002.5 189.9  14.4 0.160055 0.600456 0.214985 hargrave 2021-04-29 14:14:28 
TT 500 235.9  46.1 269.2 -03.6 2.30E-05 001.4 186.0  14.3 0.041300 0.281141 0.223397 hargrave 2021-05-01 09:24:13 
TT 520 232.4  45.7 268.2 -01.4 2.23E-05 003.1 183.5  13.8 0.095371 0.723900 0.185973 hargrave 2021-05-02 16:00:14 
TT 535 237.3  45.3 268.8 -04.7 2.14E-05 001.9 187.1  13.7 0.041688 0.394732 0.174481 hargrave 2021-05-04 08:36:10 
TT 550 241.2  44.7 269.0 -07.6 2.07E-05 001.1 190.0  13.3 0.046144 0.111245 0.211289 hargrave 2021-05-04 18:12:27 
TT 560 236.4  45.2 268.4 -04.2 2.05E-05 003.4 186.5  13.4 0.124005 0.704114 0.212353 hargrave 2021-05-05 15:39:37 
TT 570 237.1  44.7 268.1 -04.8 1.99E-05 004.6 187.0  13.0 0.094872 0.952364 0.227281 hargrave 2021-05-06 21:58:39 
TT 580 229.6  44.6 266.7  00.3 1.95E-05 001.3 181.5  12.6 0.057815 0.155390 0.222005 hargrave 2021-05-08 19:13:25 
TT 590 239.4  43.8 267.7 -06.7 1.88E-05 001.8 188.8  12.3 0.086552 0.285522 0.208193 hargrave 2021-05-09 18:13:47 
TT 600 236.8  43.3 266.7 -05.0 1.82E-05 002.0 186.9  11.6 0.087358 0.340903 0.195300 hargrave 2021-05-11 09:02:42 
TT 610 236.2  43.2 266.5 -04.6 1.77E-05 001.2 186.5  11.5 0.058438 0.148390 0.165861 hargrave 2021-05-12 09:00:42 
TT 620 237.6  43.6 267.2 -05.4 1.73E-05 001.0 187.4  12.0 0.045843 0.076013 0.160348 hargrave 2021-05-13 11:53:39 
TT 630 234.3  43.2 266.1 -03.3 1.71E-05 001.0 185.1  11.4 0.049663 0.092076 0.160167 hargrave 2021-05-14 11:19:56 
TT 640 236.9  42.6 266.1 -05.2 1.68E-05 002.9 187.0  10.9 0.036925 0.490387 0.170231 hargrave 2021-05-15 09:33:04 
TT 650 228.1  43.1 265.0  01.1 1.64E-05 007.2 180.4  11.1 0.066450 1.287881 0.170189 hargrave 2021-05-16 11:23:14 
TT 660 237.4  42.8 266.4 -05.6 1.59E-05 001.1 187.4  11.1 0.054721 0.108586 0.158310 hargrave 2021-05-17 12:34:05 
TT 664 237.3  43.2 266.7 -05.4 1.60E-05 002.4 187.3  11.5 0.085251 0.388914 0.152468 hargrave 2021-05-18 14:55:53 
TT 668 235.7  42.7 265.9 -04.4 1.54E-05 002.7 186.1  10.9 0.095847 0.418596 0.155541 hargrave 2021-05-19 17:27:25 
TT 672 234.3  43.6 266.5 -03.2 1.45E-05 004.4 185.0  11.7 0.068395 0.680633 0.133965 hargrave 2021-05-23 10:39:28 
TT 674 231.2  42.6 265.0 -01.2 1.43E-05 001.2 182.8  10.7 0.044381 0.122400 0.142999 hargrave 2021-05-24 12:55:54 
TT 676 234.9  43.0 266.0 -03.8 1.36E-05 001.4 185.5  11.2 0.049187 0.145798 0.139429 hargrave 2021-05-25 12:45:04 
TT 678 234.8  42.2 265.3 -03.9 1.20E-05 005.2 185.5  10.4 0.021169 0.689122 0.118908 hargrave 2021-05-26 13:25:24 
TT 680 233.3  41.8 264.6 -02.9 1.11E-05 004.3 184.4  10.0 0.073250 0.506176 0.108445 hargrave 2021-05-30 15:15:13 
TT 682 234.4  41.9 264.9 -03.7 9.08E-06 001.2 185.2  10.1 0.023051 0.072104 0.091194 hargrave 2021-06-02 09:08:24 
TT 684 239.4  41.6 265.7 -07.4 6.73E-06 001.8 189.0  10.1 0.031421 0.113050 0.064414 hargrave 2021-06-03 18:03:52 
TT 686 234.2  42.0 264.9 -03.5 5.55E-06 002.1 185.0  10.1 0.023305 0.116234 0.052849 hargrave 2021-06-04 16:45:54 
TT 688 240.1  41.3 265.6 -08.0 2.57E-06 003.0 189.6  09.9 0.032165 0.079184 0.025578 hargrave 2021-06-05 15:00:15 
TT 690 216.6  40.7 261.6  09.3 7.67E-07 005.0 171.6  09.2 0.011216 0.040435 0.007218 hargrave 2021-06-06 13:58:03 
TT 692 217.4  48.7 269.6  09.2 7.81E-07 002.1 173.0  17.0 0.009293 0.015243 0.009029 hargrave 2021-06-08 09:29:21 
TT 695 216.9  48.6 269.6  09.5 7.82E-07 003.6 172.7  17.0 0.008703 0.029794 0.007962 hargrave 2021-06-11 09:49:47 
