PF18- 11a sun compass orientation
 104.72 141.5  31.0 221.5  81.4   7.9
NRM    212.0  63.5 284.7  11.9 7.46E-05 001.7 169.7  33.4 0.745752 1.362681 0.877564 hargrave 2021-04-06 18:25:18 
TT  50 205.4  62.8 284.5  15.0 7.46E-05 002.8 166.1  33.4 1.069990 2.514085 0.973984 hargrave 2021-04-12 10:07:12 
TT 100 210.3  62.7 284.0  12.8 7.28E-05 006.3 168.6  32.8 1.438831 6.092284 0.826479 hargrave 2021-04-13 11:21:26 
TT 150 211.7  56.8 278.0  12.6 6.50E-05 004.9 168.0  26.9 1.123828 4.182666 0.851621 hargrave 2021-04-14 18:45:51 
TT 200 205.4  50.6 271.9  16.8 5.93E-05 001.7 162.5  21.6 0.388104 1.113278 0.804847 hargrave 2021-04-16 12:27:06 
TT 250 231.1  50.1 272.3  00.5 5.66E-05 001.5 179.7  19.1 0.160496 0.931386 0.725985 hargrave 2021-04-19 22:50:50 
TT 300 199.7  46.1 267.9  21.3 5.49E-05 004.0 157.3  18.4 1.056386 2.793059 0.521062 hargrave 2021-04-21 12:51:59 
TT 325 210.4  47.4 268.4  13.8 5.20E-05 005.4 165.2  17.8 1.063247 3.669897 0.502625 hargrave 2021-04-22 10:30:54 
TT 350 204.7  46.2 267.4  17.8 4.69E-05 002.9 160.9  17.4 0.529465 1.719073 0.485556 hargrave 2021-04-23 08:25:19 
TT 375 197.8  44.4 266.3  22.8 4.03E-05 003.0 155.5  17.1 0.615841 1.477359 0.376438 hargrave 2021-04-24 15:20:54 
TT 415 201.5  44.8 266.2  20.2 3.76E-05 002.1 158.3  16.7 0.419788 0.942502 0.431022 hargrave 2021-04-25 14:13:14 
TT 450 233.2  30.6 253.6 -05.5 3.04E-05 026.9 181.5 -00.4 0.186446 9.523430 7.540319 hargrave 2021-04-26 20:21:37 
TT 475 195.8  42.7 264.7  24.7 3.18E-05 001.0 153.5  15.9 0.107154 0.297068 0.324712 hargrave 2021-04-29 09:55:43 
TT 500 199.8  43.6 265.1  21.6 3.06E-05 003.5 156.7  15.9 0.589513 1.324021 0.326261 hargrave 2021-04-30 15:02:07 
TT 520 198.3  43.2 264.9  22.7 2.89E-05 001.6 155.5  15.8 0.291078 0.490720 0.286058 hargrave 2021-05-01 17:14:19 
TT 535 197.5  43.5 265.4  23.2 2.75E-05 000.8 155.0  16.3 0.116161 0.184637 0.215448 hargrave 2021-05-03 08:52:35 
TT 550 200.4  43.9 265.4  21.1 2.65E-05 002.0 157.2  16.0 0.312966 0.606180 0.299215 hargrave 2021-05-04 12:36:10 
TT 560 190.1  41.1 264.1  29.1 2.50E-05 001.6 148.8  15.8 0.300226 0.406080 0.255395 hargrave 2021-05-06 15:58:34 
TT 570 199.1  42.8 264.4  22.2 2.36E-05 001.1 155.9  15.3 0.306277 0.210148 0.243706 hargrave 2021-05-07 10:40:48 
TT 580 196.3  42.4 264.4  24.3 2.25E-05 003.7 153.8  15.5 0.546357 0.973665 0.230012 hargrave 2021-05-08 12:00:57 
TT 590 196.5  42.6 264.6  24.1 2.10E-05 001.3 154.0  15.7 0.182843 0.281315 0.202943 hargrave 2021-05-09 13:23:41 
TT 600 196.8  42.8 264.7  23.9 2.02E-05 002.8 154.3  15.7 0.282228 0.705300 0.217918 hargrave 2021-05-10 14:10:23 
TT 610 195.5  41.3 263.3  25.1 1.99E-05 000.9 152.8  14.6 0.128859 0.104754 0.202506 hargrave 2021-05-11 16:06:00 
TT 620 246.9  38.9 265.2 -13.6 1.09E-05 001.5 192.0  08.8 0.052307 0.128004 0.179312 hargrave 2021-05-12 18:25:52 
TT 620 198.6  41.6 263.2  22.7 1.92E-05 000.9 155.3  14.3 0.077274 0.121002 0.214404 hargrave 2021-05-13 14:33:44 
TT 630 195.7  41.5 263.5  24.9 1.87E-05 000.8 153.0  14.8 0.061703 0.092171 0.187704 hargrave 2021-05-14 15:43:32 
TT 640 195.8  40.7 262.5  25.0 1.84E-05 002.1 152.9  14.0 0.205737 0.450178 0.205153 hargrave 2021-05-15 13:27:36 
TT 650 196.6  41.1 262.9  24.3 1.80E-05 002.6 153.6  14.2 0.304833 0.545822 0.188695 hargrave 2021-05-16 16:21:23 
TT 660 194.3  40.8 262.9  26.1 1.74E-05 004.9 151.8  14.4 0.504838 1.059691 0.182752 hargrave 2021-05-17 17:00:39 
TT 664 195.6  41.4 263.4  25.0 1.70E-05 005.2 152.9  14.7 0.496339 1.100544 0.184615 hargrave 2021-05-18 20:29:00 
TT 668 193.1  41.2 263.6  26.9 1.61E-05 002.0 151.0  15.1 0.155428 0.377258 0.159000 hargrave 2021-05-20 09:17:32 
TT 672 191.1  40.1 262.7  28.6 1.58E-05 001.0 149.2  14.5 0.067638 0.132202 0.162738 hargrave 2021-05-23 14:36:05 
TT 674 192.8  40.8 263.2  27.2 1.48E-05 000.8 150.7  14.9 0.038380 0.080091 0.151176 hargrave 2021-05-24 16:56:00 
TT 676 193.9  40.4 262.6  26.4 1.43E-05 002.6 151.4  14.2 0.193763 0.459600 0.150495 hargrave 2021-05-25 16:42:19 
