PF18- 120a mag compass orientation (IGRF corrected)
 134.49 302.6  36.0 218.9  81.9  13.1
NRM    212.5  47.2 265.5  10.3 2.80E-05 001.3 359.2  83.2 0.483558 0.649055 0.067294 hargrave 2021-04-09 18:42:57 
TT  50 212.0  47.1 265.4  10.6 2.80E-05 001.1 356.5  83.1 0.543289 0.443934 0.079642 hargrave 2021-04-10 17:27:45 
TT 100 212.6  47.0 265.4  10.2 2.79E-05 001.0 359.7  83.0 0.552038 0.241628 0.086209 hargrave 2021-04-12 13:57:15 
TT 150 212.6  46.9 265.3  10.2 2.75E-05 000.9 000.0  82.9 0.409156 0.376139 0.114716 hargrave 2021-04-14 14:40:48 
TT 200 212.2  46.8 265.2  10.5 2.74E-05 001.0 357.9  82.8 0.345833 0.545280 0.093989 hargrave 2021-04-15 12:38:05 
TT 250 212.2  45.8 264.2  10.5 2.60E-05 001.1 358.1  81.8 0.485707 0.447893 0.115648 hargrave 2021-04-16 17:34:22 
TT 300 210.5  45.9 264.2  11.6 2.58E-05 000.7 350.0  81.8 0.383083 0.158804 0.118083 hargrave 2021-04-18 20:28:46 
TT 325 209.6  45.7 264.1  12.2 2.52E-05 001.1 345.9  81.5 0.591496 0.129683 0.108991 hargrave 2021-04-21 16:44:16 
TT 350 209.5  45.4 263.8  12.4 2.39E-05 001.0 345.5  81.2 0.505237 0.203404 0.108146 hargrave 2021-04-22 14:45:39 
TT 375 208.2  45.9 264.2  13.3 2.11E-05 000.8 338.9  81.4 0.351913 0.170501 0.120138 hargrave 2021-04-23 15:58:36 
TT 415 206.0  45.2 263.6  14.8 1.85E-05 000.7 331.6  80.2 0.265527 0.154138 0.065572 hargrave 2021-04-25 18:59:29 
TT 450 204.5  44.6 263.0  15.9 1.65E-05 000.8 327.6  79.2 0.290061 0.075928 0.058063 hargrave 2021-04-28 08:18:59 
TT 475 203.4  43.8 262.3  16.7 1.55E-05 000.8 325.9  78.2 0.136279 0.232052 0.076453 hargrave 2021-04-30 10:36:31 
TT 500 203.0  43.3 261.8  17.1 1.45E-05 001.0 325.7  77.6 0.306953 0.067662 0.096347 hargrave 2021-05-01 12:46:47 
TT 520 200.8  43.3 262.0  18.7 1.36E-05 001.0 319.3  76.8 0.298252 0.065973 0.104614 hargrave 2021-05-02 11:35:34 
TT 535 199.5  43.3 262.1  19.7 1.29E-05 000.9 315.8  76.3 0.246371 0.079916 0.059259 hargrave 2021-05-03 12:31:55 
TT 550 200.1  43.4 262.1  19.2 1.20E-05 001.2 317.3  76.6 0.269776 0.156422 0.073220 hargrave 2021-05-05 11:22:23 
TT 560 197.3  43.6 262.7  21.2 1.02E-05 001.6 309.7  75.6 0.379368 0.062732 0.040171 hargrave 2021-05-06 08:25:23 
TT 570 199.7  41.3 260.0  19.7 8.89E-06 001.6 320.7  74.6 0.319556 0.063310 0.077146 hargrave 2021-05-07 14:19:58 
TT 580 196.9  43.8 263.0  21.4 7.64E-06 001.5 308.4  75.6 0.244104 0.069128 0.048582 hargrave 2021-05-09 09:01:39 
TT 590 196.9  39.5 258.4  22.1 6.21E-06 001.6 317.4  72.1 0.220589 0.066527 0.039590 hargrave 2021-05-10 09:53:32 
TT 600 188.6  42.7 263.2  27.6 6.08E-06 001.4 295.8  70.6 0.176976 0.082710 0.043492 hargrave 2021-05-11 12:22:16 
TT 610 195.5  44.1 263.5  22.4 5.59E-06 001.4 304.5  75.1 0.169628 0.071508 0.029206 hargrave 2021-05-12 13:25:00 
TT 620 190.7  45.3 265.6  25.4 5.04E-06 001.5 292.7  73.5 0.149717 0.088851 0.021929 hargrave 2021-05-13 17:15:47 
TT 630 199.1  27.5 245.3  21.3 5.13E-06 001.6 334.1  61.7 0.153734 0.044321 0.098731 hargrave 2021-05-15 17:08:46 
TT 640 202.9  45.7 264.3  16.9 4.22E-06 002.7 319.3  79.6 0.250638 0.039933 0.050415 hargrave 2021-05-17 08:36:56 
TT 650 205.0  33.9 251.9  16.0 4.29E-06 001.4 342.1  69.2 0.110279 0.050227 0.075596 hargrave 2021-05-18 10:45:46 
TT 660 206.9  30.2 248.1  14.4 4.09E-06 002.0 347.9  65.9 0.154649 0.075812 0.079267 hargrave 2021-05-19 10:21:23 
TT 664 174.9  43.4 268.3  36.7 3.54E-06 001.3 277.9  63.3 0.069500 0.079476 0.034680 hargrave 2021-05-20 18:10:30 
TT 668 174.3  61.1 286.1  27.3 2.84E-06 004.5 235.2  68.6 0.275517 0.109567 0.031681 hargrave 2021-05-22 09:05:04 
TT 672 166.8  63.3 290.6  28.5 2.11E-06 003.1 229.8  65.1 0.153463 0.038696 0.023383 hargrave 2021-05-24 09:04:19 
TT 674 183.6  18.7 236.2  35.9 2.36E-06 003.3 316.4  48.3 0.162745 0.052668 0.060117 hargrave 2021-05-25 08:38:05 
TT 676 145.1  70.3 302.8  27.0 1.48E-06 002.4 214.8  56.9 0.084877 0.033906 0.035815 hargrave 2021-05-26 08:36:24 
