PF18- 133a mag compass orientation (IGRF corrected)
 140.85 308.6  21.0 218.9  81.9  12.4
NRM    248.4  50.6 274.6 -11.6 3.06E-05 000.6 053.1  66.8 0.221500 0.329742 0.173469 hargrave 2021-04-09 19:04:04 
TT  50 247.9  50.4 274.2 -11.4 3.05E-05 000.9 052.0  66.7 0.114577 0.550441 0.193005 hargrave 2021-04-10 17:46:42 
TT 100 246.3  48.7 272.2 -11.3 2.92E-05 000.6 048.0  65.6 0.225151 0.288676 0.197085 hargrave 2021-04-12 14:15:57 
TT 150 245.7  45.7 269.3 -12.2 2.69E-05 001.1 044.5  63.0 0.300937 0.549670 0.201010 hargrave 2021-04-14 15:03:42 
TT 200 246.1  45.6 269.3 -12.5 2.67E-05 002.7 045.0  62.8 1.017316 1.153580 0.125764 hargrave 2021-04-15 12:59:41 
TT 250 245.2  43.6 267.2 -12.7 2.46E-05 000.9 042.2  61.2 0.453628 0.157625 0.108761 hargrave 2021-04-16 17:53:59 
TT 300 240.8  42.4 264.8 -10.2 2.27E-05 002.2 035.1  61.0 0.789371 0.745741 0.102223 hargrave 2021-04-18 20:53:49 
TT 325 243.3  43.1 266.1 -11.7 2.15E-05 001.3 039.1  61.1 0.416875 0.438900 0.095693 hargrave 2021-04-21 17:07:07 
TT 350 241.1  42.5 265.0 -10.4 1.97E-05 001.8 035.7  61.1 0.407468 0.658271 0.100928 hargrave 2021-04-22 15:06:58 
TT 375 238.1  40.3 262.1 -09.0 8.19E-06 025.7 030.1  59.5 4.766555 2.761247 9.350305 hargrave 2021-04-23 16:20:13 
TT 375 239.7  41.6 263.7 -09.7 1.64E-05 002.5 033.0  60.4 0.645423 0.596495 0.107809 hargrave 2021-04-24 12:43:03 
TT 415 240.2  42.3 264.5 -09.9 1.44E-05 001.2 034.2  61.0 0.062978 0.356123 0.105573 hargrave 2021-04-25 19:21:55 
TT 450 237.5  40.9 262.5 -08.4 1.34E-05 001.8 029.4  60.1 0.212355 0.468187 0.054282 hargrave 2021-04-28 08:59:45 
TT 475 236.8  41.4 262.8 -07.8 1.26E-05 003.8 028.7  60.8 0.521035 0.886704 0.059089 hargrave 2021-04-30 10:58:10 
TT 500 238.0  41.1 262.8 -08.7 1.21E-05 000.9 030.3  60.2 0.135676 0.203334 0.071006 hargrave 2021-05-01 13:08:07 
TT 520 238.1  41.9 263.6 -08.6 1.14E-05 000.7 030.9  61.0 0.087045 0.140281 0.056898 hargrave 2021-05-02 11:58:14 
TT 535 237.7  41.6 263.2 -08.3 1.05E-05 001.4 030.1  60.8 0.209479 0.242697 0.055570 hargrave 2021-05-03 12:55:12 
TT 550 236.9  40.7 262.1 -08.1 9.66E-06 000.5 028.5  60.1 0.092217 0.043273 0.050707 hargrave 2021-05-05 11:44:22 
TT 560 239.0  39.3 261.3 -10.0 8.85E-06 000.5 030.9  58.3 0.068600 0.057757 0.043162 hargrave 2021-05-06 08:47:18 
TT 570 241.5  40.3 263.0 -11.5 7.26E-06 001.8 035.0  58.8 0.156983 0.241269 0.032060 hargrave 2021-05-07 14:41:52 
TT 580 243.2  39.1 262.4 -13.1 4.86E-06 001.7 036.8  57.3 0.141006 0.111892 0.035713 hargrave 2021-05-09 09:25:06 
TT 590 237.7  35.2 257.0 -10.4 4.81E-06 001.2 027.5  54.5 0.065774 0.110225 0.032880 hargrave 2021-05-10 10:16:16 
TT 600 231.7  29.6 250.2 -06.9 4.65E-06 001.1 017.8  49.9 0.067700 0.088344 0.032746 hargrave 2021-05-11 12:44:15 
TT 610 239.2  34.4 256.7 -11.8 4.30E-06 001.6 029.3  53.6 0.083519 0.123143 0.023695 hargrave 2021-05-12 13:46:04 
TT 620 219.4  41.8 260.5  05.0 3.25E-06 000.8 001.3  62.8 0.045020 0.038381 0.028792 hargrave 2021-05-13 17:36:00 
TT 630 222.8  39.3 258.4  02.1 3.24E-06 000.9 006.6  60.2 0.050741 0.048303 0.036781 hargrave 2021-05-15 17:30:36 
TT 640 221.4  50.1 268.9  04.6 2.73E-06 001.5 005.5  71.0 0.057127 0.073768 0.018875 hargrave 2021-05-17 08:58:08 
TT 650 217.2  32.8 251.3  05.8 2.82E-06 001.7 358.0  53.8 0.055243 0.089174 0.038624 hargrave 2021-05-18 11:07:46 
TT 660 211.5  41.0 259.3  10.8 2.24E-06 001.8 348.7  61.8 0.030308 0.088372 0.055499 hargrave 2021-05-19 10:43:34 
TT 664 246.2  28.8 253.3 -19.2 2.45E-06 002.3 036.3  46.7 0.106576 0.073940 0.032365 hargrave 2021-05-20 18:32:26 
TT 668 213.3  54.3 272.8  09.8 1.89E-06 001.5 347.9  75.1 0.037423 0.044443 0.025720 hargrave 2021-05-22 09:25:19 
TT 672 220.6  21.9 240.8  01.5 2.75E-06 002.3 002.5  42.9 0.069772 0.129955 0.025209 hargrave 2021-05-24 09:25:27 
TT 674 227.5  18.6 238.6 -05.4 2.68E-06 002.5 010.9  39.3 0.053015 0.126081 0.050184 hargrave 2021-05-25 08:58:27 
TT 676 212.8  24.5 242.6  08.9 2.09E-06 001.6 352.4  45.4 0.063329 0.050883 0.024609 hargrave 2021-05-26 08:56:46 
TT 678 217.3  16.2 234.7  03.8 2.08E-06 002.0 358.4  37.2 0.024249 0.080402 0.045764 hargrave 2021-05-29 11:18:46 
TT 680 205.1  16.7 234.1  15.4 9.55E-07 002.8 343.8  37.0 0.071877 0.042670 0.050477 hargrave 2021-05-31 09:00:15 
TT 682 199.4  67.2 286.7  15.0 6.78E-07 004.7 275.1  82.6 0.035632 0.064663 0.040386 hargrave 2021-06-02 13:02:08 
TT 696 190.3  01.7 216.4  28.6 7.04E-07 004.1 329.7  20.0 0.030544 0.078935 0.013130 hargrave 2021-06-03 14:36:45 
