PF18- 126a mag compass orientation (IGRF corrected)
  137.7 310.6  32.0 218.9  81.9  12.1
NRM    209.0  63.3 282.0  11.7 4.61E-05 000.4 222.0  82.3 0.189082 0.317909 0.057733 hargrave 2021-04-09 18:51:34 
TT  50 208.5  63.0 281.8  11.9 4.59E-05 001.0 224.7  82.3 0.512054 0.790315 0.073904 hargrave 2021-04-10 17:35:24 
TT 100 209.0  63.1 281.8  11.7 4.51E-05 000.7 223.2  82.3 0.247329 0.638318 0.071850 hargrave 2021-04-12 14:04:20 
TT 150 209.4  62.1 280.7  11.6 4.30E-05 000.5 229.2  83.1 0.161644 0.433684 0.065024 hargrave 2021-04-14 14:50:20 
TT 200 211.1  62.3 280.9  10.8 4.24E-05 000.7 223.8  83.6 0.596438 0.201403 0.086423 hargrave 2021-04-15 12:47:21 
TT 250 214.4  60.5 279.0  09.3 3.79E-05 000.7 229.7  86.0 0.183913 0.557772 0.066904 hargrave 2021-04-16 17:43:47 
TT 300 215.5  59.7 278.2  08.7 3.61E-05 000.7 235.7  86.9 0.169563 0.504439 0.061891 hargrave 2021-04-18 20:40:48 
TT 325 215.1  59.5 278.1  08.9 3.50E-05 000.7 239.5  86.8 0.309331 0.366872 0.055489 hargrave 2021-04-21 16:52:57 
TT 350 215.3  59.6 278.1  08.8 3.33E-05 000.7 237.9  86.8 0.319075 0.403567 0.029647 hargrave 2021-04-22 14:54:21 
TT 375 215.8  58.5 277.0  08.5 2.83E-05 000.6 257.2  87.5 0.177516 0.323423 0.064142 hargrave 2021-04-23 16:07:54 
TT 415 216.6  58.6 277.2  08.1 2.41E-05 000.6 251.9  87.8 0.106306 0.265683 0.030973 hargrave 2021-04-25 19:09:35 
TT 450 215.4  58.3 276.9  08.7 2.20E-05 000.6 260.9  87.2 0.115573 0.276409 0.030855 hargrave 2021-04-28 08:29:57 
TT 475 214.1  57.9 276.4  09.4 2.06E-05 000.5 269.1  86.5 0.086609 0.187942 0.035489 hargrave 2021-04-30 10:45:48 
TT 500 212.9  57.3 275.8  10.1 1.94E-05 000.6 276.3  85.8 0.114431 0.232460 0.034771 hargrave 2021-05-01 12:55:20 
TT 520 211.5  58.3 276.9  10.8 1.83E-05 000.7 262.5  85.2 0.120539 0.224819 0.055178 hargrave 2021-05-02 11:44:50 
TT 535 208.6  57.7 276.4  12.3 1.73E-05 000.6 267.5  83.6 0.075192 0.194228 0.035108 hargrave 2021-05-03 12:41:14 
TT 550 209.5  57.6 276.2  11.9 1.63E-05 000.9 269.6  84.1 0.239281 0.187785 0.033451 hargrave 2021-05-05 11:31:03 
TT 560 208.7  56.7 275.3  12.4 1.43E-05 000.8 276.4  83.5 0.177182 0.142020 0.023017 hargrave 2021-05-06 08:34:02 
TT 570 204.7  57.1 275.9  14.5 6.77E-06 028.5 269.4  81.4 0.036914 1.306815 8.656348 hargrave 2021-05-07 14:28:37 
TT 570 203.7  56.1 275.0  15.2 1.35E-05 001.7 274.8  80.6 0.460960 0.101471 0.026933 hargrave 2021-05-07 16:21:48 
TT 580 196.1  56.0 275.8  19.4 9.58E-06 000.6 268.0  76.6 0.076554 0.097711 0.051219 hargrave 2021-05-09 09:11:39 
TT 590 199.8  57.7 277.1  17.0 6.86E-06 000.8 262.5  79.0 0.050354 0.108367 0.015358 hargrave 2021-05-10 10:02:10 
TT 600 181.9  60.8 283.6  24.4 6.34E-06 002.0 245.3  70.4 0.210294 0.168884 0.024434 hargrave 2021-05-11 12:30:55 
TT 610 175.0  53.5 278.7  31.5 6.39E-06 000.8 260.3  64.4 0.093508 0.063729 0.029599 hargrave 2021-05-12 13:33:37 
TT 620 170.5  66.7 292.1  25.0 5.31E-06 000.8 228.1  66.0 0.066534 0.062375 0.025296 hargrave 2021-05-13 17:24:22 
TT 630 164.7  68.6 295.2  25.1 4.49E-06 001.9 223.5  63.9 0.106118 0.139355 0.055884 hargrave 2021-05-15 17:17:23 
TT 640 199.9  69.6 289.0  14.2 4.00E-06 002.4 209.3  75.4 0.203083 0.055265 0.012356 hargrave 2021-05-17 08:45:35 
TT 650 143.8  58.0 298.9  38.8 4.38E-06 001.7 236.1  51.5 0.087105 0.117951 0.067596 hargrave 2021-05-18 10:54:27 
TT 660 176.8  35.2 258.0  38.6 3.96E-06 001.6 289.0  53.2 0.063664 0.098725 0.069322 hargrave 2021-05-19 10:30:13 
TT 664 145.8  80.9 306.2  16.8 3.54E-06 002.8 197.3  59.2 0.085829 0.190114 0.030803 hargrave 2021-05-20 18:19:08 
TT 668 127.9  63.7 309.4  34.4 3.63E-06 003.4 222.0  48.5 0.235575 0.127081 0.021267 hargrave 2021-05-22 09:13:40 
TT 672 140.0  78.7 306.6  19.2 3.25E-06 001.7 201.4  58.1 0.114368 0.049503 0.016950 hargrave 2021-05-24 09:12:58 
TT 674 205.2  75.8 294.8  11.2 2.42E-06 003.7 191.8  71.4 0.132017 0.138567 0.008444 hargrave 2021-05-25 08:46:47 
TT 676 034.2  63.5 335.4  05.1 1.75E-06 003.2 176.6  31.6 0.101967 0.112636 0.011597 hargrave 2021-05-26 08:45:04 
TT 678 048.4  59.5 339.6  11.8 1.66E-06 002.2 184.5  27.7 0.054690 0.057210 0.030681 hargrave 2021-05-29 11:06:20 
TT 680 003.0  78.9 317.9  01.5 1.63E-06 004.3 169.7  48.7 0.109159 0.121272 0.020262 hargrave 2021-05-31 08:47:48 
