PF18- 141a mag compass orientation (IGRF corrected)
 146.42 310.6  29.0 222.8  83.0   8.8
NRM    209.2  52.3 275.1  13.9 1.18E-04 000.8 319.1  79.3 0.598995 1.311129 0.170874 hargrave 2021-04-09 19:19:05 
TT  50 208.9  52.3 275.1  14.0 1.17E-04 000.8 318.3  79.2 0.729370 1.155913 0.157449 hargrave 2021-04-10 18:00:03 
TT 100 208.8  51.1 273.8  14.2 1.15E-04 000.6 321.4  78.1 0.621523 0.846756 0.199550 hargrave 2021-04-12 14:27:11 
TT 150 207.9  49.6 272.4  15.0 1.12E-04 001.1 322.2  76.6 1.689340 0.669459 0.288224 hargrave 2021-04-14 15:17:59 
TT 200 208.4  49.8 272.5  14.6 1.11E-04 001.2 323.2  76.9 0.434530 1.983205 0.442417 hargrave 2021-04-15 13:14:20 
TT 250 207.7  48.7 271.5  15.2 1.06E-04 002.0 323.5  75.7 1.672275 2.854892 0.189324 hargrave 2021-04-16 18:04:14 
TT 300 207.4  48.5 271.3  15.4 9.24E-05 001.3 323.1  75.4 1.573174 0.879958 0.400171 hargrave 2021-04-18 21:06:16 
TT 325 206.5  48.3 271.2  16.0 8.69E-05 000.7 321.3  75.0 0.647241 0.628400 0.310849 hargrave 2021-04-21 17:48:11 
TT 350 205.4  48.9 271.9  16.7 8.15E-05 001.0 317.8  75.1 0.277818 1.129055 0.294327 hargrave 2021-04-22 15:21:20 
TT 375 207.4  48.6 271.4  15.4 7.54E-05 000.7 322.8  75.5 0.304883 0.743457 0.200218 hargrave 2021-04-23 16:34:51 
TT 415 208.2  48.1 270.8  15.0 7.44E-05 000.6 325.5  75.3 0.506721 0.477390 0.153499 hargrave 2021-04-25 19:38:08 
TT 450 207.7  47.6 270.3  15.3 6.81E-05 000.7 325.2  74.7 0.655573 0.332674 0.159696 hargrave 2021-04-28 09:12:04 
TT 475 206.2  48.1 271.0  16.2 3.25E-05 072.9 321.1  74.7 6.271800 5.066286 29.51509 hargrave 2021-04-30 11:14:27 
TT 475 206.6  48.3 271.2  16.0 6.50E-05 000.5 321.5  75.0 0.268532 0.372116 0.138972 hargrave 2021-04-30 12:04:50 
TT 500 206.7  48.3 271.1  15.9 6.15E-05 000.4 321.8  75.0 0.177178 0.331281 0.104174 hargrave 2021-05-01 13:22:19 
TT 520 206.3  47.8 270.7  16.2 5.70E-05 000.6 321.8  74.5 0.216809 0.452566 0.133374 hargrave 2021-05-02 12:13:04 
TT 535 206.3  47.5 270.4  16.3 5.07E-05 001.4 322.2  74.2 0.851497 0.720352 0.111489 hargrave 2021-05-03 13:10:38 
TT 550 206.0  48.1 271.0  16.4 3.74E-05 000.3 320.7  74.6 0.109949 0.141022 0.079048 hargrave 2021-05-05 12:00:13 
TT 560 204.7  46.8 269.8  17.5 2.65E-05 000.3 319.8  73.1 0.100186 0.072540 0.059418 hargrave 2021-05-06 09:02:22 
TT 570 206.2  47.0 269.9  16.4 2.05E-05 000.7 322.8  73.8 0.094676 0.182071 0.043520 hargrave 2021-05-07 14:57:40 
TT 580 205.7  48.0 270.9  16.6 1.86E-05 000.5 320.0  74.4 0.084889 0.101371 0.044056 hargrave 2021-05-09 09:40:11 
TT 590 191.8  48.1 273.4  25.6 1.17E-05 000.7 295.2  69.2 0.091403 0.079957 0.035508 hargrave 2021-05-10 10:32:08 
TT 600 199.2  42.4 265.9  22.1 1.10E-05 000.4 315.5  67.4 0.057805 0.038490 0.032194 hargrave 2021-05-11 12:59:16 
TT 610 204.1  45.5 268.6  18.0 1.43E-05 000.8 320.5  71.8 0.126326 0.119143 0.033102 hargrave 2021-05-12 13:59:28 
TT 620 204.1  47.1 270.2  17.8 1.32E-05 000.4 318.1  73.1 0.031154 0.067198 0.028917 hargrave 2021-05-13 17:50:56 
TT 630 189.4  47.7 273.6  27.3 8.34E-06 001.9 292.5  67.8 0.178370 0.166619 0.031529 hargrave 2021-05-16 13:46:26 
TT 640 197.1  42.2 266.0  23.7 7.85E-06 001.0 312.2  66.4 0.079422 0.091782 0.043144 hargrave 2021-05-17 09:12:26 
TT 650 197.9  45.9 269.9  22.2 9.38E-06 001.9 308.4  70.0 0.214801 0.156443 0.051199 hargrave 2021-05-18 11:22:52 
TT 660 198.7  40.6 264.0  22.8 7.78E-06 001.4 316.7  65.6 0.116299 0.109538 0.045814 hargrave 2021-05-19 10:58:39 
TT 664 185.1  50.8 278.1  28.5 4.46E-06 002.2 281.5  68.0 0.145166 0.047662 0.015637 hargrave 2021-05-20 18:48:18 
TT 668 185.9  36.9 262.8  33.3 3.33E-06 002.4 302.0  57.5 0.101218 0.069775 0.039159 hargrave 2021-05-22 09:40:22 
TT 672 216.5  42.0 264.3  09.3 3.25E-06 001.7 350.7  70.8 0.059421 0.065404 0.026888 hargrave 2021-05-24 09:38:52 
TT 674 183.8  39.8 266.8  33.9 2.75E-06 001.3 296.3  59.1 0.042349 0.025550 0.035100 hargrave 2021-05-25 09:12:45 
TT 676 207.7  17.2 238.7  16.5 1.10E-06 005.1 342.3  45.2 0.068031 0.057561 0.024552 hargrave 2021-05-26 09:15:18 
