PF18- 96a mag compass orientation (IGRF corrected)
 125.11  35.6   1.0 218.9  81.9  10.2
NRM    335.8  80.1 313.4 -00.8 2.99E-05 000.7 033.4  80.9 0.311639 0.219648 0.087875 hargrave 2021-04-08 14:43:12 
TT  50 337.1  79.9 313.7 -00.8 2.98E-05 000.6 034.7  80.7 0.245468 0.219261 0.071112 hargrave 2021-04-09 14:05:26 
TT 100 334.8  80.1 313.2 -00.8 2.91E-05 000.8 032.2  81.0 0.285907 0.269166 0.072872 hargrave 2021-04-10 14:32:06 
TT 150 329.5  80.9 312.1 -00.5 2.56E-05 000.7 026.7  81.8 0.241728 0.237696 0.045956 hargrave 2021-04-11 13:06:15 
TT 200 317.2  82.0 310.1  00.1 2.41E-05 000.8 013.2  82.9 0.228742 0.277771 0.028990 hargrave 2021-04-13 16:05:12 
TT 250 299.3  83.4 307.8  01.6 2.31E-05 000.8 352.5  84.4 0.228183 0.220984 0.036962 hargrave 2021-04-18 14:56:39 
TT 300 295.5  83.6 307.4  01.9 2.20E-05 000.6 348.0  84.6 0.123254 0.203022 0.055484 hargrave 2021-04-19 15:15:15 
TT 325 283.6  83.7 306.2  02.4 2.05E-05 000.8 334.0  84.6 0.142727 0.249351 0.033442 hargrave 2021-04-20 13:41:21 
TT 350 282.9  83.7 306.1  02.4 1.96E-05 000.7 333.3  84.6 0.089233 0.222308 0.027791 hargrave 2021-04-23 13:19:53 
TT 375 281.6  83.7 306.0  02.5 1.78E-05 001.4 331.7  84.6 0.279139 0.351144 0.020438 hargrave 2021-04-25 10:22:01 
TT 415 278.8  84.5 306.2  03.4 1.44E-05 001.0 327.6  85.4 0.113214 0.216961 0.036704 hargrave 2021-04-26 09:25:43 
TT 450 257.5  85.5 305.4  05.3 1.25E-05 000.9 300.8  86.1 0.105009 0.158919 0.024887 hargrave 2021-04-27 14:09:08 
TT 475 247.2  86.2 305.5  06.3 1.19E-05 001.0 287.0  86.6 0.142936 0.149414 0.015997 hargrave 2021-04-29 14:58:40 
TT 500 250.8  86.9 306.2  06.4 1.09E-05 000.9 287.5  87.3 0.103891 0.147549 0.025607 hargrave 2021-05-01 10:06:56 
TT 520 236.6  86.0 305.1  06.9 9.98E-06 000.7 276.6  86.3 0.055036 0.103718 0.024403 hargrave 2021-05-02 16:38:03 
TT 535 234.8  87.8 306.8  07.5 9.41E-06 001.1 261.8  87.9 0.105501 0.145845 0.037757 hargrave 2021-05-04 09:18:40 
TT 550 286.8  89.3 308.6  07.5 8.68E-06 000.6 209.6  89.6 0.050475 0.078556 0.034848 hargrave 2021-05-04 18:57:10 
TT 560 099.4  87.1 310.4  10.7 8.86E-06 000.7 160.3  86.1 0.093775 0.061188 0.029613 hargrave 2021-05-05 16:25:34 
TT 570 004.3  87.5 310.9  06.7 6.26E-06 000.5 082.3  87.9 0.047345 0.027733 0.026807 hargrave 2021-05-06 22:41:13 
TT 580 146.5  85.3 307.4  12.6 4.49E-06 000.9 197.3  84.3 0.053603 0.044204 0.027351 hargrave 2021-05-08 19:58:37 
TT 590 084.9  77.1 318.3  17.3 3.50E-06 001.6 142.0  76.3 0.031964 0.097705 0.011261 hargrave 2021-05-09 18:58:51 
TT 600 125.0  79.2 309.7  18.9 2.90E-06 001.8 179.4  78.2 0.079522 0.041174 0.033925 hargrave 2021-05-11 09:46:46 
TT 610 089.7  70.5 322.2  22.9 2.77E-06 001.8 145.7  69.7 0.091054 0.017837 0.012944 hargrave 2021-05-12 09:44:04 
TT 620 120.7  70.1 312.1  27.8 2.27E-06 003.7 175.3  69.1 0.039296 0.148390 0.013320 hargrave 2021-05-13 12:37:00 
TT 630 325.7  70.7 314.5 -10.4 2.13E-06 002.7 021.1  71.6 0.034982 0.098085 0.011520 hargrave 2021-05-14 12:05:43 
TT 640 051.3  46.5 352.9  14.4 2.06E-06 003.3 106.7  46.2 0.077809 0.116162 0.013359 hargrave 2021-05-15 10:14:24 
TT 650 068.0  61.3 335.6  20.8 2.18E-06 003.5 123.9  60.7 0.033573 0.141777 0.009653 hargrave 2021-05-16 12:06:22 
TT 660 211.4  50.3 268.7  11.0 1.84E-06 003.5 264.6  50.2 0.077638 0.127100 0.030257 hargrave 2021-05-17 13:18:47 
TT 664 076.2  56.0 338.8  26.9 1.86E-06 003.6 131.7  55.4 0.024248 0.132540 0.010379 hargrave 2021-05-18 15:38:26 
TT 668 121.8  60.8 313.3  37.1 1.54E-06 007.1 176.3  59.8 0.044413 0.191091 0.010949 hargrave 2021-05-19 18:10:13 
TT 672 021.8  44.8 351.9 -06.1 1.70E-06 004.2 077.2  45.0 0.128623 0.029112 0.026668 hargrave 2021-05-23 11:21:36 
TT 674 253.6  55.2 280.2 -11.9 1.55E-06 003.4 306.8  55.8 0.062986 0.086368 0.010507 hargrave 2021-05-24 13:37:38 
TT 676 044.7  48.3 351.1  09.9 1.61E-06 002.6 100.2  48.2 0.030964 0.113230 0.025607 hargrave 2021-05-25 13:26:02 
TT 678 027.3  39.7 358.0 -03.7 1.54E-06 002.8 082.5  39.8 0.036759 0.125242 0.017909 hargrave 2021-05-26 14:07:56 
TT 680 057.1  45.6 353.4  18.5 1.46E-06 005.4 112.4  45.3 0.058654 0.160012 0.011227 hargrave 2021-05-30 15:57:48 
