PF18- 91a sun compass orientation
  122.9 342.9  27.0 218.9  81.9  13.7
NRM    268.2  68.0 294.6 -08.7 4.69E-05 002.5 135.0  82.0 2.813115 0.344181 0.214528 hargrave 2021-04-08 14:34:31 
TT  50 268.9  67.8 294.7 -09.0 4.66E-05 002.3 132.8  81.8 2.517813 0.213787 0.216922 hargrave 2021-04-09 13:56:50 
TT 100 269.3  67.1 294.3 -09.7 4.63E-05 002.2 127.6  82.0 2.380571 0.258043 0.216019 hargrave 2021-04-10 14:24:17 
TT 150 268.7  65.1 292.8 -11.0 4.32E-05 002.1 114.0  82.8 2.150502 0.190582 0.126765 hargrave 2021-04-11 12:58:28 
TT 200 265.8  58.3 287.1 -15.1 4.00E-05 002.6 059.2  82.1 2.475216 0.406818 0.284661 hargrave 2021-04-13 15:58:44 
TT 250 265.4  54.2 283.8 -17.8 3.73E-05 002.2 041.9  79.1 1.825952 0.645828 0.447064 hargrave 2021-04-18 14:50:06 
TT 300 265.4  52.2 282.4 -19.2 3.45E-05 002.3 037.2  77.4 1.762372 0.449784 0.531724 hargrave 2021-04-19 15:07:28 
TT 325 264.3  48.7 279.1 -21.1 1.75E-05 040.5 029.0  74.4 6.026404 3.338052 24.63072 hargrave 2021-04-20 13:33:33 
TT 325 265.1  51.0 281.3 -19.9 3.50E-05 002.6 034.3  76.4 2.133806 0.209514 0.523461 hargrave 2021-04-20 16:37:29 
TT 350 265.0  50.1 280.6 -20.4 3.04E-05 002.6 032.5  75.6 1.810664 0.136519 0.519469 hargrave 2021-04-23 13:12:03 
TT 375 263.6  48.5 278.6 -20.9 2.62E-05 002.7 027.2  74.3 1.649304 0.117345 0.489606 hargrave 2021-04-25 10:14:11 
TT 415 266.5  46.9 278.8 -23.4 1.95E-05 002.3 031.7  72.2 0.867560 0.555645 0.354319 hargrave 2021-04-26 09:17:02 
TT 450 265.1  46.7 277.9 -22.8 1.61E-05 002.5 028.5  72.3 0.516516 0.761051 0.316960 hargrave 2021-04-27 14:00:29 
TT 475 267.8  45.5 278.3 -24.9 1.35E-05 003.1 032.7  70.6 0.951419 0.118540 0.285189 hargrave 2021-04-29 14:50:03 
TT 500 267.6  45.3 278.1 -25.0 1.14E-05 002.6 032.2  70.5 0.566331 0.339325 0.251915 hargrave 2021-05-01 09:59:06 
TT 520 264.7  44.4 275.8 -24.1 9.43E-06 002.3 025.5  70.2 0.460523 0.195775 0.172995 hargrave 2021-05-02 16:30:39 
TT 535 266.0  44.5 276.6 -24.7 8.14E-06 002.8 028.2  70.1 0.385629 0.345676 0.157785 hargrave 2021-05-04 09:10:54 
TT 550 266.6  43.5 276.1 -25.7 7.51E-06 002.6 028.5  68.9 0.356169 0.228603 0.188008 hargrave 2021-05-04 18:48:38 
TT 560 265.2  45.1 276.6 -23.9 7.27E-06 002.6 027.1  70.7 0.348209 0.245480 0.144437 hargrave 2021-05-05 16:16:56 
TT 570 267.7  40.4 274.1 -28.4 5.40E-06 003.2 028.2  65.7 0.361059 0.141615 0.142712 hargrave 2021-05-06 22:33:27 
TT 580 265.8  43.1 275.3 -25.6 4.87E-06 002.2 026.7  68.7 0.230168 0.067870 0.105634 hargrave 2021-05-08 19:50:50 
TT 590 276.9  37.1 277.4 -35.8 3.49E-06 002.3 040.8  60.2 0.157735 0.072374 0.094748 hargrave 2021-05-09 18:51:07 
TT 600 259.4  31.3 261.3 -28.5 3.09E-06 004.2 010.6  58.0 0.157094 0.265409 0.068452 hargrave 2021-05-11 09:39:01 
TT 610 279.1  34.7 277.3 -38.8 2.30E-06 002.5 042.2  57.3 0.061850 0.099347 0.077052 hargrave 2021-05-12 09:36:17 
TT 620 267.0  52.1 283.0 -20.0 2.50E-06 002.9 040.8  76.8 0.159724 0.041923 0.059086 hargrave 2021-05-13 12:29:14 
TT 630 251.5 -26.7 192.3 -32.7 1.38E-06 058.7 358.8  00.3 0.037441 0.504896 3.107667 hargrave 2021-05-14 11:57:07 
TT 630 246.8  27.1 251.8 -20.4 2.54E-06 004.6 350.7  53.9 0.160422 0.200144 0.117848 hargrave 2021-05-14 13:04:57 
TT 640 206.9  58.8 277.6  13.1 1.22E-06 006.4 259.6  67.8 0.186955 0.021199 0.014381 hargrave 2021-05-15 10:06:27 
TT 650 301.4  12.9 289.4 -67.7 1.39E-06 004.5 057.0  29.5 0.123592 0.074645 0.058179 hargrave 2021-05-16 11:58:29 
TT 660 314.9  02.3 339.2 -78.0 1.27E-06 005.5 065.6  14.4 0.164275 0.044667 0.048268 hargrave 2021-05-17 13:09:20 
TT 664 354.3  44.0 342.9 -23.7 1.08E-06 006.3 122.1  33.7 0.098409 0.139865 0.015902 hargrave 2021-05-18 15:30:32 
TT 668 271.5  00.7 230.4 -51.7 1.19E-06 005.7 020.9  26.2 0.032684 0.134933 0.088283 hargrave 2021-05-19 18:01:35 
TT 672 016.6  51.7 344.2 -07.0 1.11E-06 006.4 142.1  32.8 0.041056 0.169795 0.034555 hargrave 2021-05-23 11:13:43 
TT 674 316.4  14.7 327.1 -66.0 7.07E-07 002.2 072.8  25.0 0.040401 0.031873 0.027596 hargrave 2021-05-24 13:29:44 
TT 676 316.5  12.9 328.7 -67.7 7.49E-07 001.7 071.9  23.3 0.020345 0.042990 0.030228 hargrave 2021-05-25 13:18:10 
