PF18- 154a mag compass orientation (IGRF corrected)
 154.27 165.6  27.0 222.8  83.0  13.7
NRM    258.6  51.7 281.3 -15.3 7.09E-05 004.4 182.0  24.7 1.106046 6.927966 2.616503 hargrave 2021-04-09 19:41:56 
TT  50 266.5  51.2 284.1 -19.5 7.07E-05 003.4 187.4  24.6 1.543579 5.036887 2.492824 hargrave 2021-04-10 18:17:42 
TT 100 264.7  50.6 282.8 -19.1 6.85E-05 002.2 186.3  23.8 1.023254 2.292173 2.497332 hargrave 2021-04-12 14:46:29 
TT 150 263.5  49.2 281.2 -19.3 6.10E-05 001.7 185.6  22.4 0.668523 0.522886 2.417812 hargrave 2021-04-14 15:42:33 
TT 200 268.7  48.7 283.0 -22.3 5.97E-05 001.7 189.3  22.2 0.773183 0.904251 2.184823 hargrave 2021-04-15 13:38:35 
TT 250 270.3  47.4 282.8 -23.9 4.99E-05 001.6 190.6  21.0 0.559955 0.450203 1.766226 hargrave 2021-04-16 18:25:04 
TT 300 270.1  46.4 281.8 -24.5 4.37E-05 001.6 190.6  20.0 0.323724 0.599484 1.549693 hargrave 2021-04-18 21:32:59 
TT 325 270.6  45.7 281.6 -25.2 4.12E-05 002.3 191.0  19.4 0.727133 1.597974 1.489831 hargrave 2021-04-21 18:10:09 
TT 350 268.7  45.3 280.3 -24.5 3.75E-05 002.5 189.7  18.8 0.660200 1.617826 1.373903 hargrave 2021-04-22 15:43:31 
TT 375 271.5  45.5 281.9 -25.9 2.72E-05 005.5 191.8  19.2 0.970585 3.334265 1.000906 hargrave 2021-04-23 16:58:16 
TT 415 270.1  44.8 280.5 -25.6 2.19E-05 001.7 190.8  18.4 0.265583 0.362407 0.788823 hargrave 2021-04-25 20:00:38 
TT 450 271.4  44.4 281.0 -26.5 1.90E-05 003.1 191.8  18.2 0.441046 1.149908 0.690628 hargrave 2021-04-28 09:32:53 
TT 475 272.6  44.6 281.7 -27.0 1.69E-05 002.0 192.7  18.4 0.272998 0.442426 0.605133 hargrave 2021-04-30 11:38:39 
TT 500 270.5  44.7 280.7 -25.9 1.53E-05 001.9 191.1  18.3 0.222707 0.363963 0.535869 hargrave 2021-05-01 13:45:09 
TT 520 268.6  43.8 278.9 -25.4 1.36E-05 001.5 189.8  17.3 0.101085 0.155923 0.469722 hargrave 2021-05-02 12:36:25 
TT 535 272.4  43.9 281.0 -27.4 1.17E-05 004.5 192.6  17.7 0.351105 1.143579 0.381037 hargrave 2021-05-03 13:34:49 
TT 550 269.9  44.7 280.3 -25.6 1.06E-05 003.1 190.7  18.3 0.232225 0.634306 0.415136 hargrave 2021-05-05 12:23:54 
TT 560 266.2  44.1 277.9 -23.9 9.85E-06 003.0 187.9  17.4 0.176709 0.576448 0.363623 hargrave 2021-05-06 09:25:11 
TT 570 274.6  44.9 283.1 -27.8 8.70E-06 002.4 194.1  19.0 0.041667 0.362964 0.339927 hargrave 2021-05-07 15:20:27 
TT 580 274.7  46.3 284.3 -26.8 6.77E-06 004.7 193.9  20.4 0.216194 0.679133 0.267320 hargrave 2021-05-09 10:04:18 
TT 590 272.0  42.6 279.8 -28.1 5.28E-06 002.0 192.5  16.4 0.095852 0.131791 0.195038 hargrave 2021-05-10 10:55:49 
TT 600 267.7  50.7 284.2 -20.4 3.82E-06 002.3 188.4  24.1 0.074071 0.142093 0.141036 hargrave 2021-05-11 13:22:54 
TT 610 266.7  53.0 285.6 -18.4 3.37E-06 003.1 187.4  26.4 0.067813 0.214081 0.113579 hargrave 2021-05-12 14:20:42 
TT 620 266.4  45.4 279.2 -23.2 2.89E-06 002.3 188.0  18.7 0.040750 0.124109 0.100943 hargrave 2021-05-13 18:12:52 
TT 630 266.6  62.9 293.2 -11.8 1.29E-06 003.0 186.2  36.2 0.041740 0.081804 0.028092 hargrave 2021-05-15 18:06:49 
TT 640 302.8  58.0 307.0 -24.5 7.92E-07 005.5 208.9  36.3 0.059385 0.086072 0.015842 hargrave 2021-05-17 09:36:10 
TT 650 227.6  44.0 267.0  01.4 1.47E-06 005.3 159.0  19.4 0.046961 0.176576 0.057405 hargrave 2021-05-18 11:46:37 
TT 660 272.2  62.7 294.9 -13.7 7.89E-07 005.6 189.4  36.3 0.029247 0.099639 0.031292 hargrave 2021-05-19 11:21:32 
TT 664 266.6  44.4 278.5 -24.0 1.74E-06 003.3 188.3  17.7 0.045938 0.120216 0.058058 hargrave 2021-05-20 19:11:03 
TT 668 253.9  38.8 267.9 -18.8 1.64E-06 004.0 178.6  11.8 0.047924 0.143721 0.056387 hargrave 2021-05-22 10:01:35 
TT 672 220.1  40.3 262.7  06.6 1.28E-06 003.8 152.4  17.1 0.028864 0.114302 0.030683 hargrave 2021-05-24 10:00:02 
TT 674 285.1  46.9 291.1 -30.8 1.34E-06 008.1 201.3  22.4 0.125415 0.230843 0.036297 hargrave 2021-05-25 09:35:35 
TT 676 268.0  39.6 275.0 -27.7 1.49E-06 004.0 189.8  13.1 0.056172 0.122941 0.053033 hargrave 2021-05-26 09:37:19 
TT 678 323.3  34.1 325.8 -47.7 1.16E-06 006.3 235.1  20.9 0.136286 0.108851 0.043571 hargrave 2021-05-29 11:53:19 
TT 680 200.6  47.4 271.0  20.1 7.37E-07 004.3 140.9  28.7 0.024910 0.067422 0.032779 hargrave 2021-05-31 09:38:05 
