PF18- 44b sun compass orientation
  99.36 149.8  23.0 221.5  81.4  10.5
NRM    330.8  68.0 318.8 -12.2 1.88E-04 001.9 226.4  58.9 1.809122 5.639531 2.909089 hargrave 2021-04-06 19:11:00 
TT  50 330.6  67.8 318.8 -12.4 1.87E-04 001.6 226.6  58.7 3.121736 3.324625 3.023421 hargrave 2021-04-12 11:05:34 
TT 100 328.2  68.1 317.8 -12.4 1.75E-04 001.7 225.1  58.2 1.550915 4.276535 3.127835 hargrave 2021-04-13 12:18:18 
TT 150 319.3  65.1 314.9 -16.0 1.20E-04 001.6 224.2  53.6 2.368908 1.587146 2.200686 hargrave 2021-04-14 19:34:36 
TT 200 303.2  62.1 307.4 -19.0 8.02E-05 004.5 217.9  47.0 5.038180 3.953044 1.874991 hargrave 2021-04-16 13:20:44 
TT 250 296.0  59.1 303.0 -21.2 6.40E-05 002.5 215.5  42.7 0.262614 2.429162 1.560657 hargrave 2021-04-19 23:40:31 
TT 300 291.8  57.8 300.3 -21.7 5.52E-05 003.5 213.5  40.6 2.621228 2.007742 1.391373 hargrave 2021-04-21 13:52:04 
TT 325 289.4  57.4 298.9 -21.6 4.96E-05 001.8 212.2  39.7 0.776397 0.698110 1.274743 hargrave 2021-04-22 11:31:20 
TT 350 286.5  56.1 296.8 -22.1 4.00E-05 002.2 211.0  37.9 1.137920 0.428265 1.037422 hargrave 2021-04-23 09:23:01 
TT 375 282.5  54.5 293.8 -22.3 2.70E-05 003.3 209.0  35.6 1.116925 0.953784 0.709403 hargrave 2021-04-24 16:25:22 
TT 415 285.4  53.1 294.7 -24.4 2.32E-05 002.1 211.5  34.9 0.585837 0.263798 0.641864 hargrave 2021-04-25 15:27:12 
TT 450 282.3  54.2 293.5 -22.6 1.69E-05 001.7 209.0  35.3 0.226853 0.166222 0.452554 hargrave 2021-04-27 08:21:58 
TT 475 282.8  54.0 293.7 -22.8 1.57E-05 002.5 209.3  35.3 0.493092 0.283446 0.437449 hargrave 2021-04-29 10:54:49 
TT 500 279.8  54.5 292.4 -21.5 1.48E-05 002.5 207.2  35.2 0.054597 0.529315 0.411435 hargrave 2021-04-30 15:58:29 
TT 520 280.3  54.7 292.7 -21.5 1.35E-05 002.4 207.4  35.5 0.386033 0.235294 0.398277 hargrave 2021-05-01 18:11:16 
TT 535 279.4  55.1 292.5 -20.9 1.20E-05 003.2 206.6  35.7 0.422026 0.514478 0.260832 hargrave 2021-05-03 09:51:05 
TT 550 280.0  55.3 292.9 -20.9 1.15E-05 001.8 207.0  36.0 0.152872 0.131379 0.329261 hargrave 2021-05-04 13:34:16 
TT 560 280.6  55.2 293.2 -21.2 1.02E-05 002.2 207.4  36.0 0.056743 0.315606 0.270051 hargrave 2021-05-06 16:58:20 
TT 570 280.3  55.7 293.3 -20.7 8.23E-06 001.8 207.0  36.4 0.166204 0.071956 0.207715 hargrave 2021-05-07 11:38:52 
TT 580 273.3  56.5 290.5 -17.7 7.32E-06 002.1 202.1  36.0 0.164403 0.075049 0.215340 hargrave 2021-05-08 13:03:08 
TT 590 276.8  57.4 292.7 -18.2 6.65E-06 001.9 204.1  37.4 0.130048 0.048527 0.192823 hargrave 2021-05-09 14:26:31 
TT 600 287.8  56.7 297.8 -21.8 5.10E-06 001.8 211.5  38.8 0.104952 0.037783 0.132586 hargrave 2021-05-10 15:11:44 
TT 610 276.4  60.1 294.2 -15.9 4.32E-06 001.8 202.8  39.9 0.077146 0.044047 0.120716 hargrave 2021-05-11 17:07:03 
TT 620 265.4  53.3 284.7 -16.9 3.02E-06 002.0 197.7  31.8 0.054875 0.035486 0.094247 hargrave 2021-05-12 19:25:11 
TT 630 276.9  43.4 283.3 -29.2 2.55E-06 004.6 208.7  24.0 0.107719 0.166132 0.095261 hargrave 2021-05-14 16:44:15 
TT 640 284.4  31.3 279.7 -42.4 2.18E-06 002.7 218.1  13.9 0.069952 0.080916 0.052304 hargrave 2021-05-15 14:26:57 
TT 650 233.1  60.5 282.7  01.9 1.53E-06 003.8 175.8  37.6 0.033421 0.101930 0.020358 hargrave 2021-05-16 17:18:16 
TT 660 201.7  59.0 281.0  17.5 1.03E-06 003.2 155.8  39.1 0.019392 0.065642 0.011695 hargrave 2021-05-17 18:00:05 
TT 664 226.1  58.3 279.8  04.9 1.10E-06 005.0 171.2  35.7 0.029930 0.095069 0.031465 hargrave 2021-05-18 21:27:03 
TT 668 003.0  35.0 356.3 -24.7 7.62E-07 004.4 285.4  44.7 0.059027 0.012086 0.023022 hargrave 2021-05-20 10:16:35 
TT 672 233.1  81.0 302.6  06.7 9.02E-07 003.7 178.0  58.1 0.033062 0.053912 0.005624 hargrave 2021-05-23 15:36:53 
TT 674 350.2  35.8 348.5 -32.6 9.22E-07 002.7 272.4  40.5 0.044257 0.026376 0.005833 hargrave 2021-05-24 17:55:52 
TT 676 217.6  65.0 286.2  09.4 8.52E-07 003.1 167.4  43.0 0.030179 0.030943 0.028273 hargrave 2021-05-25 17:45:37 
