PF18- 20a sun compass orientation
 103.96 143.9  29.0 221.5  81.4   6.2
NRM    299.6  74.1 308.2 -07.0 6.19E-05 001.2 203.8  51.9 0.200625 0.741247 0.204402 hargrave 2021-04-06 18:36:02 
TT  50 299.9  74.0 308.3 -07.1 6.13E-05 001.2 204.0  51.9 0.655907 0.465171 0.209391 hargrave 2021-04-12 10:21:17 
TT 100 288.2  76.2 306.1 -04.1 5.51E-05 000.7 198.1  51.4 0.399183 0.228396 0.188755 hargrave 2021-04-13 11:35:35 
TT 150 259.6  71.8 297.3 -02.8 3.55E-05 001.8 190.8  44.0 0.167825 0.654955 0.155484 hargrave 2021-04-14 18:56:50 
TT 200 264.9  67.6 295.3 -07.0 2.80E-05 001.3 195.0  40.5 0.170830 0.387178 0.119366 hargrave 2021-04-16 12:40:19 
TT 250 253.5  66.7 291.9 -04.0 2.30E-05 001.7 189.8  38.5 0.113012 0.403219 0.124473 hargrave 2021-04-19 23:04:29 
TT 300 250.0  66.2 290.7 -03.1 1.84E-05 000.9 188.1  37.7 0.081482 0.144089 0.095198 hargrave 2021-04-21 13:06:09 
TT 325 245.9  65.6 289.4 -01.8 1.58E-05 002.0 186.1  37.0 0.049565 0.331915 0.092749 hargrave 2021-04-22 10:45:53 
TT 350 252.2  65.0 290.1 -04.5 1.34E-05 000.9 189.6  36.7 0.061040 0.091041 0.078045 hargrave 2021-04-23 08:38:39 
TT 375 250.1  64.9 289.6 -03.8 1.10E-05 003.2 188.5  36.5 0.115304 0.357332 0.074414 hargrave 2021-04-24 15:36:43 
TT 415 241.2  66.2 289.1  00.1 9.74E-06 002.2 183.7  37.3 0.065575 0.219669 0.053219 hargrave 2021-04-25 14:26:28 
TT 450 239.0  66.3 288.9  01.0 8.02E-06 001.8 182.6  37.3 0.060735 0.144003 0.036508 hargrave 2021-04-26 21:06:02 
TT 475 232.3  66.9 288.7  03.7 7.21E-06 002.2 179.2  37.9 0.036952 0.166763 0.035278 hargrave 2021-04-29 10:09:47 
TT 500 236.2  68.0 290.2  02.6 6.88E-06 002.9 181.1  39.0 0.044953 0.212314 0.031023 hargrave 2021-04-30 15:15:18 
TT 520 230.9  67.9 289.7  04.5 6.42E-06 003.7 178.6  39.0 0.042880 0.254243 0.027211 hargrave 2021-05-01 17:27:49 
TT 535 230.4  70.0 291.6  05.1 5.77E-06 003.6 178.4  41.0 0.073804 0.208449 0.050999 hargrave 2021-05-03 09:05:57 
TT 550 226.7  70.2 291.7  06.3 5.58E-06 006.3 176.8  41.3 0.051663 0.379764 0.023718 hargrave 2021-05-04 12:50:10 
TT 560 224.7  71.5 292.9  07.1 5.05E-06 003.2 176.0  42.6 0.038819 0.171351 0.026412 hargrave 2021-05-06 16:11:48 
TT 570 224.6  69.3 290.6  07.0 4.58E-06 001.7 175.7  40.4 0.024990 0.071297 0.044445 hargrave 2021-05-07 10:54:13 
TT 580 219.0  68.0 289.2  08.9 4.13E-06 002.8 172.8  39.4 0.039374 0.123061 0.018774 hargrave 2021-05-08 12:15:48 
TT 590 223.8  69.0 290.4  07.2 3.75E-06 002.1 175.3  40.2 0.040260 0.080474 0.018045 hargrave 2021-05-09 13:38:42 
TT 600 212.8  72.0 293.3  10.9 3.31E-06 001.6 171.1  43.8 0.039135 0.049474 0.014206 hargrave 2021-05-10 14:25:38 
TT 610 209.0  67.9 289.4  12.7 3.36E-06 002.2 168.0  40.2 0.040528 0.074558 0.021271 hargrave 2021-05-11 16:20:11 
TT 620 204.6  65.3 287.0  14.8 2.95E-06 002.7 164.9  38.1 0.047506 0.071683 0.019047 hargrave 2021-05-12 18:41:50 
TT 630 203.3  66.3 288.2  15.1 2.94E-06 002.0 164.7  39.3 0.041422 0.046263 0.023449 hargrave 2021-05-14 15:56:48 
TT 640 198.4  64.3 286.8  17.6 2.81E-06 002.9 161.3  38.1 0.040635 0.080005 0.024217 hargrave 2021-05-15 13:42:47 
TT 650 196.6  64.3 287.0  18.4 2.68E-06 001.4 160.4  38.4 0.027511 0.025857 0.029584 hargrave 2021-05-16 16:35:43 
TT 660 177.6  63.9 290.9  25.8 2.54E-06 002.1 150.6  41.9 0.034681 0.044904 0.025867 hargrave 2021-05-17 17:14:49 
TT 664 182.8  63.1 288.7  24.4 2.63E-06 002.7 152.6  39.9 0.044834 0.066476 0.020842 hargrave 2021-05-18 20:43:04 
TT 668 205.1  66.4 288.1  14.4 2.28E-06 003.6 165.6  39.1 0.030179 0.085417 0.019429 hargrave 2021-05-20 09:30:48 
TT 672 206.0  65.3 287.0  14.3 2.01E-06 003.4 165.6  38.0 0.027170 0.066497 0.028071 hargrave 2021-05-23 14:52:03 
TT 674 184.1  66.4 291.4  22.2 1.60E-06 002.7 155.5  42.5 0.025123 0.040217 0.019536 hargrave 2021-05-24 17:11:55 
TT 676 177.6  63.9 290.8  25.9 1.78E-06 003.2 150.5  41.8 0.036636 0.051119 0.020966 hargrave 2021-05-25 16:58:15 
TT 678 177.5  72.8 298.4  20.2 9.99E-07 002.6 157.9  49.1 0.015179 0.021918 0.020753 hargrave 2021-05-26 17:37:47 
TT 680 211.3  59.3 280.5  12.6 9.78E-07 002.8 166.7  31.6 0.011212 0.020591 0.024746 hargrave 2021-05-30 11:47:24 
TT 682 159.1  70.9 301.8  25.4 5.11E-07 004.3 149.3  51.7 0.010794 0.016569 0.022608 hargrave 2021-05-31 12:56:48 
TT 684 093.0  58.8 333.8  31.9 3.27E-07 000.7 101.0  70.6 0.002034 0.001916 0.002224 hargrave 2021-06-03 09:43:43 
TT 686 276.2  62.2 295.3 -14.2 3.27E-07 003.3 203.3  37.3 0.004613 0.010847 0.002570 hargrave 2021-06-04 11:11:14 
TT 688 004.0  46.8 346.2 -17.6 2.47E-07 003.1 273.4  58.4 0.008345 0.002033 0.001337 hargrave 2021-06-05 11:27:09 
TT 690 201.4  29.3 249.7  21.7 2.05E-07 003.6 151.9  04.1 0.003478 0.007253 0.002478 hargrave 2021-06-06 10:20:52 
TT 692 248.1  21.2 248.2 -21.1 2.10E-07 006.4 193.4 -07.0 0.006015 0.013652 0.001675 hargrave 2021-06-06 19:48:33 
TT 695 346.3 -24.4 071.3 -53.3 1.62E-07 003.0 300.9 -11.2 0.004699 0.002258 0.002408 hargrave 2021-06-10 13:54:33 
