PF18- 66a sun compass orientation
  93.88 151.7  34.0 221.5  81.4   5.2
NRM    243.8  05.9 231.3 -21.0 1.75E-04 004.9 182.4 -28.0 0.338774 7.697184 1.471626 hargrave 2021-04-08 13:50:32 
TT  50 243.8  06.0 231.4 -20.9 1.75E-04 002.2 182.3 -27.9 0.437151 3.244969 1.409529 hargrave 2021-04-09 13:11:53 
TT 100 239.4  61.9 284.9 -00.7 1.75E-04 001.1 178.8  27.9 0.578729 0.874162 1.393010 hargrave 2021-04-10 13:37:59 
TT 150 242.2  61.5 285.0 -02.0 1.71E-04 001.6 180.3  27.5 0.634962 1.843045 1.462665 hargrave 2021-04-11 12:13:08 
TT 200 241.0  34.0 258.8 -11.0 1.48E-04 029.6 179.5  00.0 0.159806 2.785479 43.73795 hargrave 2021-04-13 15:19:09 
TT 200 242.5  61.0 284.6 -02.3 1.68E-04 001.3 180.4  27.0 0.900778 0.733106 1.596268 hargrave 2021-04-13 17:10:18 
TT 250 246.2  60.5 284.9 -04.2 1.65E-04 000.9 182.5  26.6 0.388416 0.951382 0.979071 hargrave 2021-04-18 14:09:33 
TT 300 243.0  60.5 284.2 -02.7 1.60E-04 000.9 180.7  26.5 0.333588 0.837881 1.031604 hargrave 2021-04-19 14:17:15 
TT 325 243.2  60.2 284.0 -02.9 1.52E-04 001.5 180.8  26.2 0.413310 1.596221 1.173285 hargrave 2021-04-20 12:44:12 
TT 350 240.5  60.7 284.0 -01.5 1.44E-04 002.0 179.3  26.7 0.131417 2.561080 0.595746 hargrave 2021-04-23 12:25:36 
TT 375 235.6  60.7 283.1  00.7 1.32E-04 004.0 176.6  26.8 0.236960 4.690732 0.602963 hargrave 2021-04-25 09:27:58 
TT 415 243.5  60.6 284.4 -02.9 1.18E-04 001.4 181.0  26.7 0.120178 1.387725 0.482369 hargrave 2021-04-26 08:30:34 
TT 475 244.0  60.5 284.4 -03.2 1.10E-04 001.7 181.3  26.5 0.208759 1.574399 0.480920 hargrave 2021-04-29 14:04:45 
TT 500 243.1  60.5 284.2 -02.8 1.07E-04 000.8 180.8  26.5 0.101391 0.620634 0.453603 hargrave 2021-05-01 09:13:37 
TT 520 242.4  60.3 283.9 -02.6 1.03E-04 004.0 180.4  26.3 0.147982 3.712082 0.384413 hargrave 2021-05-02 15:52:38 
TT 535 242.9  60.7 284.3 -02.7 1.00E-04 001.1 180.7  26.7 0.315124 0.726567 0.660815 hargrave 2021-05-04 08:27:13 
TT 550 243.8  60.4 284.3 -03.2 9.67E-05 003.8 181.2  26.4 0.118428 3.272776 0.450840 hargrave 2021-05-04 18:01:54 
TT 560 240.9  61.1 284.4 -01.6 9.35E-05 000.7 179.6  27.1 0.244563 0.219482 0.521065 hargrave 2021-05-05 15:29:04 
TT 570 243.6  60.2 284.1 -03.2 8.53E-05 000.9 181.1  26.3 0.076848 0.585718 0.363916 hargrave 2021-05-06 21:48:09 
TT 580 243.5  07.6 233.0 -20.3 7.45E-05 008.2 182.0 -26.4 0.198556 5.550896 0.356058 hargrave 2021-05-08 19:04:27 
TT 580 239.3  34.0 258.3 -09.6 6.71E-05 028.4 178.0  00.0 0.059473 2.999476 18.64221 hargrave 2021-05-08 20:54:43 
TT 580 240.1  60.2 283.4 -01.5 7.50E-05 001.9 179.1  26.2 0.109025 1.267549 0.317992 hargrave 2021-05-08 21:18:03 
TT 590 239.8  59.9 283.0 -01.5 6.99E-05 000.7 179.0  25.9 0.190361 0.162016 0.364310 hargrave 2021-05-09 18:03:09 
TT 600 238.3  59.7 282.6 -00.8 6.41E-05 001.9 178.1  25.8 0.130146 1.040986 0.324551 hargrave 2021-05-11 08:53:46 
TT 610 240.2  59.3 282.5 -01.9 6.30E-05 001.0 179.1  25.3 0.317500 0.252029 0.437012 hargrave 2021-05-12 08:50:11 
TT 620 235.1  58.3 280.8  00.3 5.98E-05 000.7 176.2  24.4 0.131180 0.177157 0.318953 hargrave 2021-05-13 11:43:08 
TT 630 231.9  59.8 281.8  02.3 5.26E-05 007.0 174.5  26.1 0.457320 3.297177 0.194546 hargrave 2021-05-14 11:10:11 
TT 640 244.9  59.4 283.6 -04.1 4.68E-05 001.0 181.8  25.4 0.147991 0.347189 0.218651 hargrave 2021-05-15 09:22:30 
TT 650 243.3  60.6 284.4 -02.8 4.33E-05 001.2 180.9  26.7 0.211614 0.264850 0.332328 hargrave 2021-05-16 11:14:11 
TT 660 242.5  60.3 283.9 -02.6 3.92E-05 001.1 180.4  26.3 0.168941 0.284896 0.211270 hargrave 2021-05-17 12:23:25 
TT 664 242.0  59.6 283.2 -02.6 4.06E-05 000.9 180.2  25.6 0.171759 0.096936 0.285397 hargrave 2021-05-18 14:45:10 
TT 668 237.8  58.5 281.4 -01.0 4.00E-05 001.1 177.7  24.6 0.187371 0.258096 0.274085 hargrave 2021-05-19 17:16:48 
TT 672 241.5  63.3 286.5 -01.1 3.40E-05 000.8 179.9  29.3 0.250584 0.090042 0.152565 hargrave 2021-05-23 10:29:39 
TT 674 232.7  58.1 280.3  01.5 3.76E-05 001.0 174.8  24.4 0.129417 0.226645 0.224581 hargrave 2021-05-24 12:46:48 
TT 676 246.2  60.2 284.6 -04.3 3.57E-05 001.3 182.5  26.3 0.189605 0.325470 0.230016 hargrave 2021-05-25 12:35:57 
TT 678 248.4  59.9 284.8 -05.5 2.87E-05 001.7 183.7  26.0 0.081254 0.410607 0.146226 hargrave 2021-05-26 13:15:41 
TT 680 247.3  60.1 284.7 -04.9 2.60E-05 001.1 183.1  26.2 0.115386 0.131331 0.208421 hargrave 2021-05-30 15:06:10 
