PF18- 118a mag compass orientation (IGRF corrected)
 133.58 307.6  34.0 218.9  81.9  13.0
NRM    207.1  47.8 266.2  13.9 3.65E-05 001.1 317.7  79.5 0.523063 0.678734 0.211388 hargrave 2021-04-08 15:25:10 
TT  50 207.0  47.7 266.2  14.0 3.63E-05 001.1 317.2  79.5 0.713882 0.461561 0.169511 hargrave 2021-04-09 14:46:24 
TT 100 207.4  47.1 265.6  13.7 3.36E-05 001.1 320.4  79.1 0.412398 0.722951 0.169084 hargrave 2021-04-10 15:14:40 
TT 150 210.2  46.0 264.4  11.8 3.05E-05 001.0 332.1  79.0 0.556030 0.413836 0.156792 hargrave 2021-04-11 13:48:01 
TT 200 209.6  46.0 264.3  12.3 2.90E-05 001.1 330.2  78.8 0.464267 0.517221 0.155603 hargrave 2021-04-13 16:42:40 
TT 250 209.6  45.7 264.0  12.3 2.58E-05 001.1 330.8  78.5 0.388720 0.488613 0.174085 hargrave 2021-04-18 15:32:02 
TT 300 210.2  44.3 262.7  11.8 2.25E-05 001.2 335.1  77.4 0.263299 0.530480 0.162527 hargrave 2021-04-19 15:56:52 
TT 325 210.3  43.8 262.1  11.8 1.99E-05 001.6 336.0  76.9 0.139474 0.702594 0.155052 hargrave 2021-04-20 14:23:56 
TT 350 209.2  43.7 262.0  12.6 1.81E-05 001.0 332.8  76.5 0.178976 0.358965 0.124161 hargrave 2021-04-23 14:01:47 
TT 375 210.0  43.3 261.6  12.0 1.69E-05 001.4 335.8  76.4 0.483813 0.153571 0.116638 hargrave 2021-04-25 11:05:34 
TT 415 210.0  43.1 261.4  12.0 1.60E-05 001.6 336.2  76.2 0.084365 0.575405 0.074341 hargrave 2021-04-26 11:19:17 
TT 450 208.1  42.7 261.0  13.4 1.50E-05 000.9 331.4  75.3 0.231653 0.200659 0.105518 hargrave 2021-04-27 14:52:02 
TT 475 208.2  42.2 260.5  13.3 1.43E-05 001.1 332.3  75.0 0.224108 0.275163 0.072563 hargrave 2021-04-29 15:41:12 
TT 500 208.7  41.6 259.8  13.0 1.33E-05 000.9 334.4  74.5 0.177826 0.180076 0.079718 hargrave 2021-05-01 10:49:07 
TT 520 204.0  41.8 260.2  16.5 1.22E-05 001.5 322.3  73.3 0.116633 0.401590 0.063284 hargrave 2021-05-02 17:15:51 
TT 535 205.4  40.7 259.0  15.5 1.15E-05 001.8 327.4  72.7 0.399772 0.245876 0.064464 hargrave 2021-05-04 10:00:19 
TT 550 206.9  39.2 257.4  14.4 1.04E-05 001.1 332.5  71.8 0.155525 0.168152 0.102987 hargrave 2021-05-04 19:38:39 
TT 560 200.1  35.8 254.1  19.9 8.10E-06 002.0 322.2  66.6 0.347622 0.112112 0.089667 hargrave 2021-05-05 17:08:05 
TT 570 202.8  36.5 254.8  17.7 7.21E-06 001.1 326.6  68.1 0.159289 0.066087 0.075913 hargrave 2021-05-06 23:22:06 
TT 580 205.3  39.0 257.2  15.6 7.24E-06 003.7 329.2  71.1 0.595949 0.243136 0.077780 hargrave 2021-05-08 20:41:13 
TT 590 204.4  37.1 255.3  16.4 6.60E-06 001.8 329.3  69.1 0.149960 0.195686 0.094597 hargrave 2021-05-09 19:41:17 
TT 600 201.6  35.9 254.2  18.7 6.33E-06 001.6 325.0  67.2 0.117734 0.186802 0.066144 hargrave 2021-05-11 10:28:21 
TT 610 207.7  34.5 252.6  13.8 6.09E-06 001.3 338.3  67.5 0.166833 0.040217 0.076070 hargrave 2021-05-12 10:24:59 
TT 620 204.8  30.7 248.6  16.3 5.99E-06 001.9 335.0  63.1 0.099198 0.215253 0.104622 hargrave 2021-05-13 13:18:31 
TT 630 203.2  39.4 257.7  17.2 5.63E-06 001.7 324.2  70.8 0.190706 0.060622 0.093845 hargrave 2021-05-14 12:46:34 
TT 640 199.8  36.6 255.0  20.1 5.24E-06 001.4 320.8  67.1 0.122277 0.095247 0.060767 hargrave 2021-05-15 10:56:48 
TT 650 201.4  38.5 256.9  18.7 5.27E-06 001.5 321.6  69.4 0.140059 0.087656 0.082999 hargrave 2021-05-16 12:48:38 
TT 660 199.7  31.6 249.7  20.5 4.82E-06 001.8 325.4  62.6 0.144269 0.099295 0.093109 hargrave 2021-05-17 14:00:56 
TT 664 197.7  38.2 256.9  21.6 4.48E-06 001.7 315.0  67.8 0.131262 0.098609 0.048685 hargrave 2021-05-18 16:21:36 
TT 668 198.1  36.2 254.7  21.5 3.85E-06 002.0 318.2  66.2 0.158258 0.050299 0.046707 hargrave 2021-05-19 18:52:42 
TT 672 207.0  24.8 242.6  14.1 3.21E-06 001.9 341.8  57.9 0.107831 0.067389 0.061444 hargrave 2021-05-23 12:03:09 
TT 674 195.3  31.3 249.7  24.3 2.83E-06 002.5 318.4  60.8 0.144372 0.044255 0.056201 hargrave 2021-05-24 14:17:32 
TT 676 206.3  37.4 255.6  14.9 2.48E-06 002.1 333.1  69.9 0.064702 0.098722 0.015878 hargrave 2021-05-25 14:07:30 
