PF18- 61a mag compass orientation (IGRF corrected)
  95.17 134.6  27.0 221.5  81.4  11.4
NRM    249.2  62.6 287.4 -04.5 4.98E-05 002.1 193.8  37.0 0.592279 1.976099 0.352283 hargrave 2021-04-08 13:43:24 
TT  50 247.9  62.6 287.1 -04.0 4.96E-05 002.4 193.2  36.9 0.574310 2.237125 0.336855 hargrave 2021-04-09 13:04:42 
TT 100 249.7  62.5 287.4 -04.8 4.93E-05 001.3 194.2  36.9 0.367493 1.202537 0.330857 hargrave 2021-04-10 13:29:55 
TT 150 248.9  60.9 285.8 -05.2 4.74E-05 001.9 194.2  35.2 0.431628 1.690710 0.318456 hargrave 2021-04-11 12:05:11 
TT 200 241.7  59.3 282.8 -02.6 4.54E-05 000.5 190.3  33.0 0.257523 0.228388 0.369641 hargrave 2021-04-13 15:13:16 
TT 250 247.9  57.6 282.7 -06.2 4.41E-05 005.4 194.4  32.0 1.251421 4.599987 0.303765 hargrave 2021-04-18 14:03:09 
TT 300 242.0  57.3 281.1 -03.5 4.31E-05 000.6 190.9  31.1 0.190987 0.426076 0.294733 hargrave 2021-04-19 14:10:06 
TT 325 242.6  58.1 281.9 -03.5 4.22E-05 002.6 191.1  31.9 0.519767 2.136276 0.287659 hargrave 2021-04-20 12:37:04 
TT 350 242.2  57.1 280.9 -03.7 4.01E-05 001.0 191.0  30.9 0.207502 0.685971 0.282686 hargrave 2021-04-23 12:17:37 
TT 375 240.9  56.6 280.1 -03.2 3.56E-05 001.0 190.3  30.2 0.133295 0.661836 0.280596 hargrave 2021-04-25 09:20:49 
TT 415 235.1  56.9 279.5 -00.1 3.02E-05 002.8 186.6  30.2 0.287164 1.668597 0.224330 hargrave 2021-04-26 08:22:35 
TT 475 239.6  55.9 279.3 -02.8 2.56E-05 001.7 189.6  29.5 0.207310 0.832994 0.222223 hargrave 2021-04-29 13:57:38 
TT 500 239.9  56.3 279.7 -02.8 2.41E-05 000.7 189.7  29.9 0.068628 0.283833 0.179851 hargrave 2021-05-01 09:06:25 
TT 520 240.1  55.3 278.8 -03.2 2.27E-05 001.1 190.0  28.9 0.120994 0.431394 0.263205 hargrave 2021-05-02 15:45:59 
TT 535 241.3  55.9 279.6 -03.7 2.09E-05 000.6 190.7  29.6 0.070739 0.157757 0.222025 hargrave 2021-05-04 08:19:13 
TT 550 232.5  56.9 279.1  01.3 1.95E-05 002.6 185.0  30.1 0.137273 0.998528 0.132822 hargrave 2021-05-04 17:54:45 
TT 560 233.6  60.1 282.3  01.5 1.65E-05 001.9 185.3  33.2 0.098004 0.607180 0.140369 hargrave 2021-05-05 15:21:06 
TT 570 229.9  54.4 276.3  02.2 1.21E-05 001.8 183.5  27.5 0.050994 0.421804 0.088565 hargrave 2021-05-06 21:41:01 
TT 580 231.3  56.6 278.6  01.9 9.48E-06 003.6 184.2  29.7 0.038136 0.682348 0.080267 hargrave 2021-05-08 18:57:17 
TT 590 224.7  57.0 278.4  05.5 7.68E-06 000.8 180.0  30.0 0.047257 0.085951 0.087510 hargrave 2021-05-09 17:55:05 
TT 600 219.0  60.4 281.5  08.7 6.31E-06 000.5 176.7  33.5 0.106660 0.048290 0.065909 hargrave 2021-05-11 08:46:38 
TT 610 245.6  53.7 278.5 -06.8 6.06E-06 003.3 193.9  27.8 0.245235 0.343836 0.082305 hargrave 2021-05-12 08:42:12 
TT 620 235.2  49.6 272.5 -02.2 7.17E-06 001.1 187.4  22.9 0.069628 0.130166 0.080644 hargrave 2021-05-13 11:35:07 
TT 630 253.7  53.7 280.8 -11.0 5.61E-06 000.9 199.2  28.9 0.103119 0.057207 0.071039 hargrave 2021-05-14 11:03:02 
TT 640 321.4  73.6 314.3 -07.5 3.26E-06 001.5 214.6  60.5 0.103787 0.075702 0.036020 hargrave 2021-05-15 09:15:21 
TT 650 247.9  46.2 272.3 -11.3 6.15E-06 001.8 197.0  20.8 0.088285 0.195853 0.081776 hargrave 2021-05-16 11:06:57 
TT 660 239.5  46.1 269.9 -06.0 6.07E-06 002.4 190.9  19.7 0.127705 0.268332 0.070089 hargrave 2021-05-17 12:16:09 
TT 664 243.6  42.3 267.4 -10.1 5.44E-06 001.8 194.5  16.4 0.107495 0.166276 0.058649 hargrave 2021-05-18 14:37:54 
TT 668 236.9  42.6 266.0 -05.3 5.11E-06 002.0 189.4  16.0 0.144920 0.174957 0.077167 hargrave 2021-05-19 17:09:36 
TT 672 212.7  40.8 261.5  12.2 4.02E-06 001.9 170.8  14.2 0.161175 0.090327 0.100942 hargrave 2021-05-23 10:22:28 
TT 674 350.6  31.5 352.6 -35.2 1.94E-06 002.2 286.9  43.9 0.075353 0.045699 0.022893 hargrave 2021-05-24 12:39:32 
TT 676 243.9  40.8 266.0 -10.8 3.59E-06 001.5 195.0  14.9 0.078645 0.090711 0.039950 hargrave 2021-05-25 12:28:38 
TT 678 048.1 -04.0 046.5  05.9 2.29E-06 002.7 003.8  22.9 0.041450 0.114421 0.045831 hargrave 2021-05-26 13:07:28 
TT 680 201.4  29.6 250.0  21.7 2.41E-06 002.5 159.9  04.4 0.047945 0.120877 0.026921 hargrave 2021-05-30 14:58:58 
