PF18- 45a sun compass orientation
  99.07 169.2  28.0 221.5  81.4  12.6
NRM    294.0  78.8 308.2 -02.1 1.04E-04 001.4 190.4  52.3 2.475140 1.371955 1.574793 hargrave 2021-04-06 19:12:26 
TT  50 303.8  77.6 309.8 -03.7 1.04E-04 001.3 194.3  52.2 1.506687 1.913591 1.917294 hargrave 2021-04-12 11:07:17 
TT 100 293.7  78.1 307.9 -02.8 9.90E-05 001.3 190.9  51.6 1.852754 0.995060 1.919646 hargrave 2021-04-13 12:20:01 
TT 150 273.7  73.7 301.6 -04.4 6.79E-05 001.6 185.8  46.0 0.374775 1.636105 2.419816 hargrave 2021-04-14 19:36:05 
TT 200 257.3  69.0 294.6 -03.9 5.36E-05 002.0 179.1  41.0 0.485390 2.033404 1.138160 hargrave 2021-04-16 13:22:08 
TT 250 251.5  66.2 291.0 -03.6 4.65E-05 001.4 176.1  38.3 0.684514 1.012846 0.798231 hargrave 2021-04-19 23:41:56 
TT 300 250.7  65.0 289.8 -03.9 4.21E-05 001.5 175.5  37.1 0.434186 1.116658 0.629194 hargrave 2021-04-21 13:53:47 
TT 325 250.5  64.2 289.1 -04.2 3.80E-05 004.1 175.3  36.4 0.689090 3.322392 0.685946 hargrave 2021-04-22 11:33:05 
TT 350 246.2  63.4 287.4 -03.0 3.20E-05 001.4 172.9  35.7 0.323830 0.818301 0.503190 hargrave 2021-04-23 09:24:45 
TT 375 242.0  62.3 285.7 -01.7 2.55E-05 002.3 170.4  34.9 0.068270 1.258932 0.362702 hargrave 2021-04-24 16:27:06 
TT 415 242.2  62.1 285.5 -01.8 2.28E-05 002.5 170.4  34.8 0.097810 1.191394 0.424079 hargrave 2021-04-25 15:28:44 
TT 450 237.5  61.6 284.3  00.1 1.89E-05 001.1 167.7  34.7 0.144301 0.229991 0.383904 hargrave 2021-04-27 08:23:23 
TT 475 233.6  61.5 283.7  01.9 1.77E-05 000.8 165.4  35.0 0.124855 0.142310 0.272756 hargrave 2021-04-29 10:56:31 
TT 500 235.1  62.0 284.3  01.3 1.68E-05 001.0 166.4  35.3 0.158279 0.155233 0.300202 hargrave 2021-04-30 16:00:12 
TT 520 230.5  61.7 283.6  03.3 1.59E-05 000.9 163.8  35.6 0.138571 0.101869 0.278065 hargrave 2021-05-01 18:12:59 
TT 535 224.5  61.7 283.1  06.1 1.47E-05 000.5 160.4  36.5 0.033849 0.095859 0.137945 hargrave 2021-05-03 09:52:48 
TT 550 224.6  62.0 283.4  06.1 1.39E-05 000.8 160.6  36.7 0.115350 0.102863 0.207181 hargrave 2021-05-04 13:35:58 
TT 560 226.2  61.0 282.5  05.3 1.29E-05 000.7 161.1  35.6 0.110526 0.082872 0.149912 hargrave 2021-05-06 17:00:02 
TT 570 221.0  60.9 282.1  07.8 1.15E-05 003.0 158.1  36.3 0.340231 0.666349 0.103861 hargrave 2021-05-07 11:40:36 
TT 580 223.0  59.7 281.0  06.7 1.10E-05 002.1 158.7  34.9 0.118688 0.474218 0.133476 hargrave 2021-05-08 13:04:50 
TT 590 222.9  62.1 283.4  06.9 9.68E-06 002.2 159.7  37.1 0.228282 0.383453 0.113495 hargrave 2021-05-09 14:28:15 
TT 600 226.0  61.4 282.8  05.4 8.99E-06 001.5 161.1  35.9 0.180869 0.221894 0.112363 hargrave 2021-05-10 15:13:30 
TT 610 218.5  57.6 278.7  08.9 8.59E-06 000.8 155.1  33.7 0.096801 0.076254 0.111468 hargrave 2021-05-11 17:08:47 
TT 620 212.1  54.6 275.7  12.4 8.22E-06 000.8 149.9  32.3 0.078545 0.091835 0.108003 hargrave 2021-05-12 19:26:53 
TT 630 217.1  58.4 279.5  09.6 7.55E-06 000.9 154.7  34.7 0.110938 0.075894 0.090140 hargrave 2021-05-14 16:45:58 
TT 640 221.5  60.6 281.9  07.5 6.77E-06 001.2 158.2  36.0 0.131927 0.091977 0.089815 hargrave 2021-05-15 14:28:42 
TT 650 213.4  56.0 277.1  11.6 7.29E-06 000.8 151.3  33.3 0.069394 0.058628 0.094211 hargrave 2021-05-16 17:20:01 
TT 660 211.4  56.6 277.8  12.7 6.24E-06 000.9 150.4  34.3 0.113791 0.047144 0.159004 hargrave 2021-05-17 18:01:47 
TT 664 219.4  59.1 280.2  08.4 6.58E-06 001.7 156.4  34.9 0.036361 0.228847 0.104892 hargrave 2021-05-18 21:28:46 
TT 668 213.4  61.1 282.3  11.4 5.72E-06 004.1 153.9  37.9 0.175605 0.490691 0.064247 hargrave 2021-05-20 10:18:18 
TT 672 225.0  57.9 279.3  05.4 5.98E-06 001.1 159.2  32.8 0.091182 0.085138 0.090092 hargrave 2021-05-23 15:38:38 
TT 674 218.7  58.3 279.4  08.8 5.73E-06 002.5 155.6  34.3 0.073354 0.308596 0.076698 hargrave 2021-05-24 17:57:36 
TT 676 213.7  63.0 284.2  11.2 5.18E-06 001.6 155.1  39.6 0.054003 0.167774 0.053601 hargrave 2021-05-25 17:47:22 
