PF18- 117a mag compass orientation (IGRF corrected)
 133.07 313.6  33.0 218.9  81.9  13.1
NRM    229.7  60.7 280.2  01.8 3.56E-05 001.5 142.2  85.1 0.257888 1.153893 0.073483 hargrave 2021-04-08 15:23:33 
TT  50 228.9  60.9 280.3  02.3 3.54E-05 001.2 147.2  85.2 0.306123 0.903994 0.102034 hargrave 2021-04-09 14:44:47 
TT 100 226.1  59.3 278.4  03.3 3.28E-05 001.3 151.2  87.4 0.196301 0.921222 0.038268 hargrave 2021-04-10 15:13:02 
TT 150 221.3  55.0 273.7  05.3 2.95E-05 001.2 326.4  87.6 0.318264 0.726808 0.046605 hargrave 2021-04-11 13:46:24 
TT 200 218.9  52.8 271.4  06.5 2.83E-05 001.2 325.1  85.0 0.269449 0.749973 0.055211 hargrave 2021-04-13 16:41:16 
TT 250 217.0  50.9 269.4  07.5 2.57E-05 001.3 324.7  82.7 0.149128 0.729936 0.090278 hargrave 2021-04-18 15:30:41 
TT 300 215.3  49.5 267.9  08.5 2.26E-05 000.9 323.1  81.0 0.216872 0.369295 0.125532 hargrave 2021-04-19 15:55:15 
TT 325 215.2  48.7 267.1  08.5 2.01E-05 001.4 325.1  80.2 0.135178 0.640251 0.135142 hargrave 2021-04-20 14:22:19 
TT 350 213.1  47.6 266.0  09.8 1.82E-05 000.8 321.4  78.7 0.218023 0.243142 0.102012 hargrave 2021-04-23 13:59:20 
TT 375 212.2  47.2 265.5  10.5 1.71E-05 000.9 319.8  78.0 0.250330 0.210908 0.081949 hargrave 2021-04-25 11:03:57 
TT 415 211.0  46.2 264.6  11.3 1.62E-05 001.1 319.0  76.8 0.087615 0.384537 0.062600 hargrave 2021-04-26 11:17:39 
TT 450 209.6  45.2 263.5  12.3 1.51E-05 001.1 317.7  75.3 0.153367 0.335221 0.108280 hargrave 2021-04-27 14:50:25 
TT 475 209.0  44.5 262.8  12.7 1.44E-05 001.0 317.6  74.5 0.194834 0.269190 0.075668 hargrave 2021-04-29 15:39:35 
TT 500 209.5  43.4 261.7  12.4 1.36E-05 001.0 320.7  73.8 0.113952 0.292025 0.086118 hargrave 2021-05-01 10:47:29 
TT 520 206.4  42.3 260.6  14.7 1.24E-05 002.2 315.8  71.7 0.249462 0.558134 0.070761 hargrave 2021-05-02 17:14:28 
TT 535 205.7  43.2 261.6  15.1 1.15E-05 001.3 312.9  72.2 0.314528 0.070361 0.077804 hargrave 2021-05-04 09:58:41 
TT 550 207.1  41.9 260.2  14.2 1.05E-05 000.7 317.9  71.6 0.106480 0.111971 0.093268 hargrave 2021-05-04 19:37:03 
TT 560 203.6  33.4 251.4  17.2 8.01E-06 000.8 321.5  62.7 0.091103 0.097329 0.065469 hargrave 2021-05-05 17:06:29 
TT 570 200.1  38.7 257.2  19.7 7.40E-06 001.5 309.9  66.1 0.098806 0.234421 0.056296 hargrave 2021-05-06 23:20:28 
TT 580 202.2  37.2 255.4  18.2 6.99E-06 001.2 315.2  65.6 0.049155 0.168532 0.070105 hargrave 2021-05-08 20:39:34 
TT 590 203.8  33.7 251.7  17.0 6.27E-06 002.0 321.5  63.0 0.055191 0.265701 0.093590 hargrave 2021-05-09 19:39:39 
TT 600 198.3  32.8 251.0  21.7 5.79E-06 001.7 313.6  60.2 0.147084 0.139117 0.092756 hargrave 2021-05-11 10:26:44 
TT 610 199.5  33.1 251.3  20.6 5.69E-06 002.0 315.2  61.0 0.132479 0.207246 0.092273 hargrave 2021-05-12 10:23:22 
TT 620 198.5  36.8 255.3  21.1 4.97E-06 002.1 309.7  63.8 0.147069 0.168382 0.088474 hargrave 2021-05-13 13:16:54 
TT 630 200.4  29.8 247.7  20.0 5.37E-06 001.9 319.4  58.3 0.044465 0.213553 0.101069 hargrave 2021-05-14 12:44:57 
TT 640 204.0  37.5 255.7  16.7 4.68E-06 001.5 318.0  66.6 0.109823 0.100791 0.059610 hargrave 2021-05-15 10:55:10 
TT 650 194.2  40.7 260.0  23.9 4.33E-06 002.0 298.1  65.1 0.152660 0.110269 0.068011 hargrave 2021-05-16 12:47:01 
TT 660 201.1  39.8 258.3  18.8 3.74E-06 002.8 310.0  67.4 0.218717 0.067123 0.070510 hargrave 2021-05-17 13:59:18 
TT 664 197.6  43.5 262.6  21.0 3.57E-06 002.8 298.4  68.8 0.202620 0.095618 0.039507 hargrave 2021-05-18 16:19:58 
TT 668 196.3  32.3 250.7  23.4 2.96E-06 003.0 311.2  59.0 0.161955 0.089142 0.085177 hargrave 2021-05-19 18:51:04 
TT 672 200.6  17.2 234.3  19.8 2.47E-06 003.0 327.1  46.6 0.142568 0.076295 0.056343 hargrave 2021-05-23 12:01:31 
TT 674 201.4  18.7 235.9  19.1 2.25E-06 003.1 327.5  48.2 0.142433 0.065817 0.048688 hargrave 2021-05-24 14:15:54 
TT 676 199.2  18.0 235.1  21.1 1.73E-06 003.3 324.9  47.0 0.115323 0.040908 0.057680 hargrave 2021-05-25 14:05:52 
