PF18- 79b sun compass orientation
 117.95  19.0  43.0 218.9  81.9  10.0
NRM    323.1  71.7 313.4 -09.7 1.36E-04 001.6 158.9  60.7 2.828473 1.375949 2.270694 hargrave 2021-04-08 14:11:16 
TT  50 325.7  70.1 314.7 -11.0 1.34E-04 001.8 155.2  60.9 2.003072 2.995262 2.138290 hargrave 2021-04-09 13:33:45 
TT 100 317.2  71.5 311.6 -10.2 1.26E-04 001.6 161.3  62.2 2.611727 1.508282 1.982727 hargrave 2021-04-10 14:00:20 
TT 150 287.0  64.1 299.2 -15.9 6.00E-05 001.6 182.9  72.8 1.523078 0.299888 0.632606 hargrave 2021-04-11 12:35:27 
TT 200 277.4  59.0 292.4 -18.3 4.83E-05 002.0 205.7  76.1 1.450447 0.835581 0.364352 hargrave 2021-04-13 15:37:55 
TT 250 273.5  55.1 288.2 -20.3 3.91E-05 001.6 224.4  77.4 1.021599 0.265358 0.193683 hargrave 2021-04-18 14:29:38 
TT 300 271.5  51.5 284.8 -22.3 1.51E-05 006.5 241.9  77.8 1.612215 3.022392 15.81205 hargrave 2021-04-19 14:39:36 
TT 325 267.4  50.5 282.0 -21.3 2.40E-05 002.6 248.4  75.4 1.047254 0.262981 0.085262 hargrave 2021-04-20 13:08:07 
TT 350 268.1  50.6 282.4 -21.6 1.09E-05 075.5 247.8  75.8 1.081814 2.642542 11.30796 hargrave 2021-04-23 12:49:40 
TT 350 268.1  50.2 282.1 -21.8 2.18E-05 001.7 249.3  75.9 0.618315 0.154068 0.074928 hargrave 2021-04-23 14:12:10 
TT 375 267.9  49.4 281.4 -22.3 1.93E-05 002.1 252.6  75.8 0.692604 0.126420 0.052821 hargrave 2021-04-25 09:49:25 
TT 415 267.7  46.6 279.1 -24.2 1.45E-05 002.1 263.8  75.4 0.510131 0.111257 0.049636 hargrave 2021-04-26 08:52:56 
TT 450 266.2  46.2 278.1 -23.7 1.18E-05 002.8 264.6  74.4 0.549700 0.130752 0.033212 hargrave 2021-04-27 13:37:07 
TT 475 266.5  46.3 278.3 -23.8 1.07E-05 002.0 264.5  74.6 0.357426 0.084087 0.026117 hargrave 2021-04-29 14:26:59 
TT 500 266.9  44.6 277.1 -25.1 9.48E-06 001.9 270.8  74.4 0.310534 0.053308 0.033872 hargrave 2021-05-01 09:36:01 
TT 520 265.6  46.2 277.8 -23.4 8.72E-06 002.2 264.2  74.0 0.293433 0.176007 0.034010 hargrave 2021-05-02 16:10:44 
TT 535 263.8  45.1 275.9 -23.1 7.52E-06 002.6 266.9  72.5 0.330899 0.056345 0.027439 hargrave 2021-05-04 08:48:45 
TT 550 264.0  43.6 274.8 -24.3 6.93E-06 002.5 271.8  72.2 0.296893 0.065039 0.027135 hargrave 2021-05-04 18:24:58 
TT 560 267.2  45.2 277.8 -24.9 6.23E-06 003.4 268.8  74.8 0.365048 0.088328 0.022596 hargrave 2021-05-05 15:52:14 
TT 570 259.4  45.9 274.6 -20.3 5.57E-06 000.9 262.1  69.7 0.078889 0.046552 0.027333 hargrave 2021-05-06 22:11:11 
TT 580 253.6  53.1 278.4 -13.0 4.62E-06 002.7 241.8  66.7 0.196238 0.090081 0.044750 hargrave 2021-05-08 19:25:12 
TT 590 248.0  47.9 272.0 -12.6 4.30E-06 002.6 252.8  62.6 0.182264 0.065205 0.034446 hargrave 2021-05-09 18:27:14 
TT 600 266.3  44.2 276.5 -25.1 3.11E-06 003.0 271.7  74.0 0.159195 0.042758 0.014950 hargrave 2021-05-11 09:14:26 
TT 610 278.8  65.5 296.6 -13.1 2.80E-06 003.2 192.8  70.7 0.120586 0.101691 0.020372 hargrave 2021-05-12 09:12:27 
TT 620 229.5  42.1 262.0 -02.4 2.30E-06 004.2 254.2  48.4 0.150214 0.079642 0.030701 hargrave 2021-05-13 12:05:23 
TT 630 313.7  66.8 310.9 -15.0 1.93E-06 003.5 155.7  66.4 0.038958 0.119150 0.014390 hargrave 2021-05-14 11:31:40 
TT 640 233.5  24.8 245.9 -09.6 2.01E-06 006.4 276.8  41.1 0.220018 0.034966 0.046318 hargrave 2021-05-15 09:44:49 
TT 650 231.3  78.8 297.9  05.6 2.03E-06 004.6 195.5  52.0 0.076565 0.141427 0.026145 hargrave 2021-05-16 11:35:08 
TT 660 271.1  19.3 255.6 -43.8 1.10E-06 004.0 326.1  58.6 0.062589 0.029144 0.041405 hargrave 2021-05-17 12:45:59 
TT 664 323.7  71.3 313.7 -10.0 1.24E-06 004.1 158.1  60.7 0.030695 0.084089 0.013554 hargrave 2021-05-18 15:07:52 
TT 668 324.5  47.3 321.5 -32.9 8.59E-07 003.0 103.9  66.0 0.035659 0.032334 0.007878 hargrave 2021-05-19 17:39:13 
TT 672 201.6  36.5 254.8  18.7 1.26E-06 003.0 244.7  27.4 0.050458 0.039210 0.026029 hargrave 2021-05-23 10:51:19 
TT 674 303.2  08.9 290.4 -72.1 8.53E-07 002.0 022.2  50.1 0.015713 0.019495 0.021996 hargrave 2021-05-24 13:07:54 
TT 676 227.5  13.8 233.8 -06.4 1.14E-06 004.5 281.7  29.4 0.089258 0.037725 0.019007 hargrave 2021-05-25 12:57:05 
TT 678 306.9  00.2 295.4 -81.4 7.18E-07 002.9 023.9  40.7 0.018864 0.019329 0.027578 hargrave 2021-05-26 13:37:09 
TT 680 171.1  64.5 290.1  26.3 8.09E-07 004.5 206.5  31.5 0.030775 0.042426 0.042146 hargrave 2021-05-30 15:27:11 
