PF18- 64a sun compass orientation
  94.73 126.3  38.0 221.5  81.4  13.4
NRM    273.4  61.8 294.0 -13.6 5.31E-05 004.4 208.0  32.4 1.042712 4.858745 2.314349 hargrave 2021-04-08 13:47:44 
TT  50 277.2  60.1 294.5 -16.1 5.31E-05 002.2 211.0  32.3 1.397200 0.466380 2.290215 hargrave 2021-04-09 13:09:05 
TT 100 279.9  58.8 294.9 -18.0 5.25E-05 002.6 213.2  32.2 0.215248 2.273849 2.218009 hargrave 2021-04-10 13:34:21 
TT 150 270.7  59.5 291.5 -14.6 4.95E-05 003.5 208.4  29.8 0.454328 3.273701 2.268720 hargrave 2021-04-11 12:10:20 
TT 200 269.4  57.8 289.7 -15.3 4.71E-05 004.9 208.9  28.0 1.511786 4.694636 2.195760 hargrave 2021-04-13 15:16:51 
TT 250 266.7  56.9 288.1 -14.9 4.55E-05 002.6 208.0  26.5 0.324490 1.648530 2.173525 hargrave 2021-04-18 14:06:38 
TT 300 262.5  57.2 286.7 -13.1 4.35E-05 007.3 205.7  25.5 2.239774 6.757176 2.069186 hargrave 2021-04-19 14:14:27 
TT 325 266.0  57.1 287.9 -14.6 4.20E-05 003.5 207.6  26.4 0.417599 2.707446 2.063946 hargrave 2021-04-20 12:41:24 
TT 350 255.0  59.2 285.9 -08.7 3.90E-05 005.2 200.8  25.5 0.662322 4.287947 2.045045 hargrave 2021-04-23 12:21:58 
TT 375 253.3  58.7 285.0 -08.2 3.41E-05 003.3 200.1  24.7 0.063968 2.012018 1.655210 hargrave 2021-04-25 09:25:10 
TT 415 255.5  57.7 284.8 -09.7 2.82E-05 002.4 201.8  24.3 0.645206 0.118117 1.416872 hargrave 2021-04-26 08:26:56 
TT 475 243.2  59.2 283.0 -03.4 2.46E-05 003.6 194.6  23.3 0.158813 1.643652 1.230066 hargrave 2021-04-29 14:01:57 
TT 500 248.1  58.1 283.1 -06.2 2.34E-05 002.4 197.6  23.1 0.536641 0.174932 1.216847 hargrave 2021-05-01 09:10:48 
TT 520 250.2  56.0 281.8 -08.2 2.23E-05 002.4 199.6  21.5 0.539189 0.576683 0.989630 hargrave 2021-05-02 15:49:36 
TT 535 241.4  58.9 282.4 -02.6 2.14E-05 003.1 193.7  22.8 0.282511 1.051990 1.099794 hargrave 2021-05-04 08:23:34 
TT 550 242.3  58.2 281.9 -03.3 1.97E-05 004.4 194.5  22.2 0.066139 1.726387 1.071563 hargrave 2021-05-04 17:59:06 
TT 560 242.8  67.9 291.0  00.2 1.75E-05 002.8 191.3  31.5 0.649650 0.120644 0.924105 hargrave 2021-05-05 15:25:26 
TT 570 232.6  55.1 277.3  00.8 1.10E-05 003.0 189.7  17.9 0.170239 0.467252 0.604171 hargrave 2021-05-06 21:45:21 
TT 580 236.1  57.1 279.8 -00.6 9.02E-06 003.2 191.3  20.3 0.342861 0.314540 0.507351 hargrave 2021-05-08 19:01:39 
TT 590 222.3  59.4 280.6  07.0 6.86E-06 003.0 183.3  21.5 0.268520 0.227758 0.360070 hargrave 2021-05-09 17:59:28 
TT 600 192.6  60.7 284.1  21.3 5.91E-06 005.5 167.6  24.3 0.592543 0.452925 0.342930 hargrave 2021-05-11 08:50:58 
TT 610 243.7  48.7 273.4 -07.7 9.16E-06 003.9 198.2  13.4 0.611277 0.413292 0.503882 hargrave 2021-05-12 08:46:33 
TT 620 268.3  46.4 280.7 -22.9 7.65E-06 002.0 214.9  18.0 0.098469 0.188722 0.300742 hargrave 2021-05-13 11:40:20 
TT 630 244.8  49.6 274.5 -08.1 9.18E-06 003.5 198.7  14.4 0.107432 0.657372 0.412419 hargrave 2021-05-14 11:07:23 
TT 640 256.8  41.8 271.5 -19.1 9.02E-06 003.3 209.5  10.2 0.070636 0.674936 0.337866 hargrave 2021-05-15 09:19:42 
TT 650 279.9  37.0 280.5 -35.6 7.27E-06 005.0 227.7  14.8 0.605923 0.586262 0.167786 hargrave 2021-05-16 11:11:21 
TT 660 327.9  05.4 001.4 -68.5 5.47E-06 001.8 284.0  17.5 0.106567 0.174041 0.156981 hargrave 2021-05-17 12:20:34 
TT 664 295.0  30.4 290.1 -47.9 6.84E-06 000.9 242.2  17.2 0.093188 0.108355 0.094666 hargrave 2021-05-18 14:42:19 
TT 668 218.8  41.5 262.5  07.7 9.15E-06 004.4 181.9  03.5 0.340965 0.778838 0.482652 hargrave 2021-05-19 17:13:59 
TT 672 059.7 -24.6 069.2  12.6 8.25E-06 004.0 021.6  10.7 0.463319 0.357834 0.539718 hargrave 2021-05-23 10:26:50 
TT 674 207.6  43.4 264.3  16.0 7.43E-06 003.5 173.7  05.7 0.105560 0.475561 0.389369 hargrave 2021-05-24 12:43:57 
TT 676 227.4  47.7 269.4  02.4 9.23E-06 002.3 187.6  10.1 0.396849 0.071001 0.438538 hargrave 2021-05-25 12:33:06 
