PF18- 135a mag compass orientation (IGRF corrected)
 142.82 309.6  50.0 218.9  81.9  12.4
NRM    252.0  70.9 293.0 -02.5 4.65E-05 001.1 162.2  55.0 0.494700 0.712119 0.656289 hargrave 2021-04-09 19:06:53 
TT  50 251.9  70.7 292.8 -02.6 4.61E-05 001.6 162.0  55.1 0.434155 1.362889 0.716098 hargrave 2021-04-10 17:49:44 
TT 100 255.3  68.2 291.4 -05.0 4.17E-05 001.1 157.3  55.9 0.604918 0.566060 0.542787 hargrave 2021-04-12 14:18:19 
TT 150 254.0  64.2 287.9 -06.9 3.67E-05 000.9 151.9  58.6 0.389089 0.344068 0.495059 hargrave 2021-04-14 15:06:32 
TT 200 251.2  65.3 288.1 -05.3 3.60E-05 000.9 154.9  59.0 0.449498 0.193780 0.494084 hargrave 2021-04-15 13:02:57 
TT 250 249.4  58.7 282.0 -08.1 2.85E-05 002.0 144.8  63.5 0.159943 1.210722 0.284432 hargrave 2021-04-16 17:56:40 
TT 300 245.5  57.7 280.2 -06.7 2.26E-05 000.9 145.5  65.7 0.191274 0.356357 0.193203 hargrave 2021-04-18 20:57:04 
TT 325 244.1  56.5 278.7 -06.6 2.03E-05 001.0 144.1  67.1 0.338764 0.248636 0.162563 hargrave 2021-04-21 17:36:46 
TT 350 244.3  54.8 277.3 -07.4 1.78E-05 001.2 140.3  67.9 0.428167 0.082662 0.131689 hargrave 2021-04-22 15:09:49 
TT 375 239.0  54.5 275.8 -04.7 1.45E-05 001.0 144.7  70.5 0.172081 0.232386 0.101236 hargrave 2021-04-23 16:23:29 
TT 415 234.6  53.6 274.0 -02.6 1.25E-05 001.2 148.2  73.1 0.107773 0.297763 0.098211 hargrave 2021-04-25 19:25:10 
TT 450 230.1  53.2 272.9 -00.1 1.08E-05 001.2 155.1  75.0 0.138972 0.225211 0.077411 hargrave 2021-04-28 09:02:29 
TT 475 228.1  52.8 272.2  00.9 9.81E-06 001.3 158.4  76.0 0.100327 0.253308 0.059074 hargrave 2021-04-30 11:01:26 
TT 500 226.3  51.8 271.0  01.8 9.01E-06 000.7 160.6  77.3 0.115614 0.089097 0.016578 hargrave 2021-05-01 13:11:10 
TT 520 224.2  51.0 270.0  03.0 8.20E-06 000.8 165.2  78.5 0.120420 0.078359 0.015465 hargrave 2021-05-02 12:01:15 
TT 535 219.2  51.9 270.6  06.2 7.43E-06 001.9 181.1  78.1 0.039253 0.300788 0.040076 hargrave 2021-05-03 12:58:28 
TT 550 221.2  52.6 271.4  05.0 6.88E-06 001.4 175.6  77.3 0.111777 0.178215 0.021978 hargrave 2021-05-05 11:48:00 
TT 560 222.7  49.7 268.6  03.7 6.21E-06 001.2 168.2  80.0 0.096452 0.121767 0.036474 hargrave 2021-05-06 08:50:07 
TT 570 212.9  51.9 270.4  10.1 5.57E-06 001.8 199.0  77.2 0.128387 0.178609 0.045241 hargrave 2021-05-07 14:45:30 
TT 580 206.5  52.4 271.1  14.0 4.68E-06 001.5 211.5  74.6 0.104400 0.103270 0.025949 hargrave 2021-05-09 09:29:15 
TT 590 213.2  53.6 272.1  09.9 4.32E-06 001.7 195.5  75.7 0.086753 0.129327 0.036117 hargrave 2021-05-10 10:19:05 
TT 600 202.3  49.8 268.6  16.8 3.84E-06 002.1 225.4  74.4 0.113821 0.127513 0.029450 hargrave 2021-05-11 12:47:03 
TT 610 215.9  51.6 270.1  08.2 3.25E-06 001.2 191.1  78.1 0.062930 0.052686 0.027920 hargrave 2021-05-12 13:48:53 
TT 620 197.6  55.6 275.1  18.6 3.13E-06 001.5 215.7  68.7 0.064618 0.078718 0.035493 hargrave 2021-05-13 17:38:47 
TT 630 199.1  56.5 275.9  17.6 3.01E-06 001.5 212.2  68.8 0.070654 0.069252 0.015478 hargrave 2021-05-16 13:36:56 
TT 640 193.5  41.3 260.8  24.3 2.91E-06 002.1 257.7  70.3 0.116282 0.055131 0.019230 hargrave 2021-05-17 09:00:56 
TT 650 195.9  39.7 258.7  22.8 2.64E-06 002.3 263.2  71.8 0.101886 0.073609 0.036229 hargrave 2021-05-18 11:10:35 
TT 660 198.0  35.2 253.7  21.7 2.59E-06 002.3 278.7  72.3 0.108097 0.054507 0.043262 hargrave 2021-05-19 10:46:23 
TT 664 196.1  51.9 271.6  20.3 2.73E-06 002.6 225.7  69.9 0.102287 0.111852 0.024701 hargrave 2021-05-20 18:35:15 
TT 668 218.3  42.0 260.6  05.8 2.14E-06 001.6 205.2  87.8 0.060763 0.040116 0.012985 hargrave 2021-05-22 09:28:07 
TT 672 220.6  46.2 264.9  04.7 2.16E-06 001.3 173.6  83.8 0.052313 0.031290 0.014520 hargrave 2021-05-24 09:28:16 
TT 674 197.0  29.8 247.9  23.0 1.85E-06 001.5 292.0  68.9 0.057109 0.021072 0.021457 hargrave 2021-05-25 09:01:17 
TT 676 203.6  62.2 281.2  14.3 1.95E-06 002.2 198.2  65.8 0.075324 0.052616 0.018886 hargrave 2021-05-26 09:04:43 
