PF18- 77a sun compass orientation
 116.97 312.1  23.0 218.9  81.9   6.2
NRM    208.8  36.6 254.7  12.9 8.90E-05 002.6 339.2  58.7 1.514578 1.969365 0.378151 hargrave 2021-04-08 14:07:56 
TT  50 209.0  36.6 254.7  12.8 8.84E-05 002.7 339.4  58.6 1.435915 2.089996 0.395072 hargrave 2021-04-09 13:29:21 
TT 100 209.8  35.7 253.8  12.1 8.75E-05 001.4 341.0  57.9 0.896580 0.838249 0.407065 hargrave 2021-04-10 13:57:00 
TT 150 207.3  34.2 252.3  14.1 8.44E-05 002.7 337.8  56.1 1.338522 2.031766 0.394872 hargrave 2021-04-11 12:32:08 
TT 200 208.8  33.3 251.4  12.8 8.33E-05 003.2 340.2  55.4 1.549288 2.380967 0.432059 hargrave 2021-04-13 15:35:08 
TT 250 205.7  33.5 251.5  15.4 8.11E-05 004.6 335.7  55.1 2.202638 3.371755 0.340571 hargrave 2021-04-18 14:26:53 
TT 300 208.8  32.8 250.8  12.9 7.35E-05 001.4 340.3  54.9 0.866178 0.581758 0.350732 hargrave 2021-04-19 14:36:16 
TT 325 209.3  33.0 251.1  12.4 6.48E-05 003.4 341.0  55.2 1.278083 2.019268 0.316985 hargrave 2021-04-20 13:03:59 
TT 350 208.5  33.0 251.1  13.1 6.12E-05 002.8 339.9  55.1 1.104097 1.485251 0.302585 hargrave 2021-04-23 12:45:32 
TT 375 206.8  33.1 251.1  14.6 5.72E-05 000.7 337.3  54.9 0.207262 0.274622 0.311744 hargrave 2021-04-25 09:46:06 
TT 415 206.8  32.9 250.9  14.6 5.08E-05 001.8 337.4  54.7 0.696721 0.656537 0.318755 hargrave 2021-04-26 08:48:45 
TT 450 208.1  32.6 250.6  13.4 4.76E-05 003.2 339.4  54.6 0.945026 1.357805 0.229887 hargrave 2021-04-27 13:31:55 
TT 475 206.6  32.8 250.8  14.7 4.59E-05 002.3 337.2  54.6 0.621839 0.915276 0.183654 hargrave 2021-04-29 14:23:41 
TT 500 206.2  32.5 250.5  15.0 4.35E-05 001.2 336.8  54.2 0.436800 0.250456 0.239256 hargrave 2021-05-01 09:32:41 
TT 520 206.6  32.3 250.3  14.7 4.17E-05 001.0 337.3  54.1 0.380892 0.099102 0.240187 hargrave 2021-05-02 16:07:56 
TT 535 203.3  31.6 249.6  17.5 3.84E-05 001.9 332.9  52.9 0.112288 0.747983 0.282723 hargrave 2021-05-04 08:44:37 
TT 550 206.4  31.5 249.5  14.9 3.55E-05 004.0 337.3  53.3 0.827738 1.276389 0.189421 hargrave 2021-05-04 18:21:40 
TT 560 206.3  31.5 249.4  15.0 3.34E-05 001.9 337.1  53.2 0.391682 0.555764 0.143615 hargrave 2021-05-05 15:48:54 
TT 570 207.2  30.6 248.5  14.2 2.76E-05 001.3 338.6  52.5 0.278059 0.216502 0.151963 hargrave 2021-05-06 22:07:53 
TT 580 204.2  31.0 248.9  16.8 2.38E-05 001.7 334.3  52.4 0.311782 0.281439 0.115865 hargrave 2021-05-08 19:21:52 
TT 590 203.9  30.5 248.4  17.0 2.36E-05 002.0 334.2  51.9 0.299221 0.395737 0.100820 hargrave 2021-05-09 18:23:07 
TT 600 206.5  28.8 246.6  14.7 2.32E-05 002.5 338.2  50.6 0.312092 0.534587 0.131138 hargrave 2021-05-11 09:11:08 
TT 610 206.1  30.7 248.6  15.1 2.18E-05 001.4 337.2  52.4 0.195797 0.243479 0.094365 hargrave 2021-05-12 09:09:08 
TT 620 204.6  30.4 248.3  16.4 2.02E-05 000.6 335.2  51.9 0.105459 0.071597 0.070502 hargrave 2021-05-13 12:02:05 
TT 630 206.9  28.1 246.0  14.4 1.99E-05 001.0 338.9  50.0 0.153937 0.136284 0.077679 hargrave 2021-05-14 11:28:21 
TT 640 207.3  30.9 248.8  14.1 1.71E-05 004.0 338.7  52.8 0.350530 0.641501 0.079716 hargrave 2021-05-15 09:41:31 
TT 650 202.0  32.0 250.0  18.6 1.64E-05 000.7 331.0  53.0 0.108975 0.048368 0.056571 hargrave 2021-05-16 11:31:46 
TT 660 202.4  27.3 245.0  18.3 1.61E-05 000.9 333.1  48.5 0.077232 0.137897 0.058750 hargrave 2021-05-17 12:42:38 
TT 664 201.1  31.7 249.7  19.4 1.46E-05 001.1 329.9  52.5 0.121543 0.125934 0.049160 hargrave 2021-05-18 15:04:29 
TT 668 206.2  30.3 248.3  15.0 1.39E-05 001.1 337.3  52.1 0.042449 0.154684 0.047948 hargrave 2021-05-19 17:35:53 
TT 672 209.7  28.6 246.6  11.9 1.29E-05 001.1 342.6  50.9 0.072148 0.132970 0.054342 hargrave 2021-05-23 10:47:58 
TT 674 203.8  26.7 244.4  17.0 1.25E-05 000.7 335.2  48.2 0.041744 0.082416 0.045653 hargrave 2021-05-24 13:04:31 
TT 676 201.4  26.4 244.1  19.2 1.08E-05 001.0 332.1  47.5 0.046265 0.105505 0.039979 hargrave 2021-05-25 12:53:42 
