PF18- 104a mag compass orientation (IGRF corrected)
 128.57 302.6  28.0 218.9  81.9  13.3
NRM    268.6  77.5 300.9 -01.5 6.97E-05 000.9 153.0  66.7 0.304061 1.367097 0.468451 hargrave 2021-04-08 14:59:06 
TT  50 267.5  78.4 301.3 -00.7 6.94E-05 001.1 155.3  66.8 0.297655 1.742041 0.501836 hargrave 2021-04-09 14:20:28 
TT 100 264.3  78.0 300.5 -00.5 6.52E-05 001.4 154.7  67.5 0.234096 2.125781 0.487982 hargrave 2021-04-10 14:47:54 
TT 150 244.9  70.6 291.5 -00.6 4.32E-05 000.8 137.7  74.7 0.639304 0.386570 0.232533 hargrave 2021-04-11 13:21:14 
TT 200 240.6  65.7 286.4 -01.3 3.67E-05 001.0 119.0  77.3 0.390926 0.785405 0.150657 hargrave 2021-04-13 16:19:22 
TT 250 237.1  63.1 283.4 -00.8 3.22E-05 000.7 106.4  78.7 0.259759 0.407468 0.107548 hargrave 2021-04-18 15:09:23 
TT 300 235.1  60.7 280.9 -00.7 2.68E-05 000.7 093.2  79.2 0.214686 0.351993 0.067009 hargrave 2021-04-19 15:30:59 
TT 325 232.2  57.9 277.7 -00.1 2.30E-05 000.5 076.0  79.4 0.162287 0.228098 0.055225 hargrave 2021-04-20 13:57:11 
TT 350 231.6  57.9 277.7  00.2 2.13E-05 000.5 075.3  79.7 0.130641 0.185445 0.053851 hargrave 2021-04-23 13:34:55 
TT 375 230.2  56.3 276.0  00.6 1.95E-05 000.6 065.6  79.4 0.247743 0.068215 0.037161 hargrave 2021-04-25 10:37:53 
TT 415 228.1  55.5 274.9  01.5 1.59E-05 000.5 057.8  79.7 0.125509 0.112412 0.052103 hargrave 2021-04-26 09:41:36 
TT 450 223.2  53.8 272.7  04.0 1.39E-05 000.4 039.1  80.0 0.088566 0.078353 0.025224 hargrave 2021-04-27 14:24:43 
TT 475 223.1  53.9 272.8  04.1 1.28E-05 000.6 039.1  80.2 0.121365 0.117134 0.030839 hargrave 2021-04-29 15:13:37 
TT 500 223.4  53.9 272.8  03.9 1.13E-05 000.8 039.8  80.1 0.123198 0.152916 0.024648 hargrave 2021-05-01 10:22:55 
TT 520 218.8  53.7 272.4  06.6 1.06E-05 000.6 024.4  81.1 0.118935 0.072742 0.029895 hargrave 2021-05-02 16:53:21 
TT 535 219.7  52.1 270.8  05.9 9.24E-06 000.6 024.3  79.4 0.068916 0.101492 0.015635 hargrave 2021-05-04 09:33:34 
TT 550 216.5  51.4 269.9  07.8 8.19E-06 000.5 013.0  79.2 0.055976 0.077715 0.019306 hargrave 2021-05-04 19:12:48 
TT 560 216.7  52.0 270.5  07.7 7.40E-06 000.5 014.4  79.7 0.061157 0.071622 0.013274 hargrave 2021-05-05 16:41:19 
TT 570 209.5  46.2 264.6  12.4 5.85E-06 001.0 352.0  74.1 0.053766 0.122967 0.021509 hargrave 2021-05-06 22:55:22 
TT 580 211.6  51.5 270.0  10.9 4.92E-06 000.7 356.5  79.5 0.061418 0.041153 0.022132 hargrave 2021-05-08 20:14:24 
TT 590 209.3  42.8 261.0  12.5 4.67E-06 001.1 352.6  70.7 0.089445 0.059776 0.049617 hargrave 2021-05-09 19:14:31 
TT 600 202.1  42.9 261.4  17.8 4.06E-06 001.6 337.1  69.9 0.114331 0.084590 0.052206 hargrave 2021-05-11 10:01:43 
TT 610 210.5  48.8 267.2  11.6 3.47E-06 001.1 354.0  76.7 0.076472 0.044841 0.031621 hargrave 2021-05-12 09:59:04 
TT 620 191.6  42.9 262.9  25.4 3.15E-06 002.0 317.2  67.3 0.131072 0.039039 0.066245 hargrave 2021-05-13 12:51:54 
TT 630 211.5  40.7 258.9  10.9 3.10E-06 001.1 357.7  68.7 0.045267 0.056775 0.059504 hargrave 2021-05-14 12:20:41 
TT 640 207.4  53.0 271.6  13.4 2.80E-06 000.9 340.6  80.6 0.047632 0.034035 0.025524 hargrave 2021-05-15 10:30:27 
TT 650 204.0  52.0 270.8  15.5 2.89E-06 001.1 331.2  79.0 0.057795 0.039429 0.041966 hargrave 2021-05-16 12:21:32 
TT 660 190.7  49.2 269.7  24.3 2.51E-06 002.1 306.3  72.4 0.109301 0.034927 0.048838 hargrave 2021-05-17 13:33:52 
TT 664 215.5  42.4 260.8  07.9 2.73E-06 001.1 006.5  70.3 0.029450 0.063593 0.014773 hargrave 2021-05-18 15:54:26 
TT 668 196.4  37.4 256.2  22.7 2.54E-06 003.1 330.3  63.5 0.137000 0.118805 0.021388 hargrave 2021-05-19 18:25:58 
TT 672 216.6  43.7 262.2  07.3 2.51E-06 001.7 009.1  71.6 0.030431 0.090792 0.034835 hargrave 2021-05-23 11:36:53 
TT 674 198.6  36.0 254.4  21.2 2.43E-06 002.5 334.8  62.5 0.095447 0.100807 0.036248 hargrave 2021-05-24 13:52:02 
TT 676 209.5  45.6 263.9  12.4 2.12E-06 001.1 352.3  73.5 0.041093 0.040175 0.007907 hargrave 2021-05-25 13:40:26 
TT 678 210.9  31.4 249.4  11.0 2.13E-06 001.8 357.2  59.3 0.029692 0.083604 0.030491 hargrave 2021-05-26 14:22:04 
TT 680 219.1  52.0 270.7  06.3 1.56E-06 000.9 022.3  79.4 0.013695 0.031140 0.009633 hargrave 2021-05-30 16:12:10 
