PF18- 16a mag compass orientation (IGRF corrected)
 104.15 119.6  34.0 221.5  81.4  11.6
NRM    215.3  83.1 304.6  09.3 6.60E-05 000.8 181.1  49.1 0.528508 0.808539 0.554465 hargrave 2021-04-06 18:30:57 
TT  50 203.0  82.4 304.1  10.9 6.58E-05 000.5 178.7  48.4 0.234656 0.399093 0.672640 hargrave 2021-04-12 10:15:03 
TT 100 196.5  81.2 303.3  12.2 6.33E-05 001.0 177.1  47.4 0.229798 1.122736 0.663462 hargrave 2021-04-13 11:28:28 
TT 150 211.0  33.9 254.4  13.5 3.70E-05 041.2 181.1 -00.1 0.208602 2.704976 37.51671 hargrave 2021-04-14 18:51:43 
TT 150 208.4  73.5 295.1  11.9 4.80E-05 001.6 179.6  39.6 0.206503 1.448487 0.539872 hargrave 2021-04-14 20:25:12 
TT 200 199.6  69.1 291.3  15.8 4.23E-05 000.5 175.6  35.3 0.188374 0.289475 0.429300 hargrave 2021-04-16 12:34:06 
TT 250 200.2  66.9 289.1  16.2 3.91E-05 002.8 175.6  33.1 0.394296 2.123500 0.569909 hargrave 2021-04-19 22:58:44 
TT 300 196.7  65.6 288.3  17.9 3.64E-05 001.3 173.8  32.0 0.078114 0.924176 0.332787 hargrave 2021-04-21 12:59:53 
TT 325 192.9  64.6 287.9  19.8 3.28E-05 000.8 171.7  31.3 0.160905 0.423223 0.317825 hargrave 2021-04-22 10:39:37 
TT 350 194.7  63.7 286.7  19.4 2.90E-05 000.9 172.4  30.2 0.068119 0.430799 0.295615 hargrave 2021-04-23 08:32:21 
TT 375 199.9  63.2 285.5  17.3 2.54E-05 001.5 175.0  29.5 0.130793 0.749021 0.253284 hargrave 2021-04-24 15:29:36 
TT 415 194.2  61.9 285.0  20.2 2.36E-05 002.8 171.8  28.5 0.150011 1.303663 0.199835 hargrave 2021-04-25 14:20:15 
TT 450 205.1  62.0 283.7  15.3 2.09E-05 001.7 177.6  28.0 0.102890 0.627889 0.319004 hargrave 2021-04-26 20:41:11 
TT 475 191.7  60.6 284.2  21.8 2.00E-05 000.8 170.2  27.5 0.054057 0.260036 0.232681 hargrave 2021-04-29 10:03:34 
TT 500 190.5  60.0 283.9  22.6 1.93E-05 001.5 169.4  27.0 0.085258 0.535042 0.220814 hargrave 2021-04-30 15:09:06 
TT 520 194.0  60.5 283.6  20.8 1.83E-05 002.4 171.4  27.1 0.108858 0.847511 0.218356 hargrave 2021-05-01 17:21:29 
TT 535 192.5  60.7 284.1  21.4 1.74E-05 000.7 170.7  27.5 0.078201 0.200204 0.139676 hargrave 2021-05-03 08:59:39 
TT 550 186.1  59.7 284.6  24.7 1.67E-05 002.1 166.9  27.2 0.118228 0.680651 0.132881 hargrave 2021-05-04 12:43:08 
TT 560 191.2  59.3 282.9  22.6 1.55E-05 003.6 169.6  26.2 0.244095 1.098810 0.184846 hargrave 2021-05-06 16:05:34 
TT 570 193.6  58.3 281.5  21.7 1.36E-05 000.8 170.8  25.0 0.083502 0.169403 0.141475 hargrave 2021-05-07 10:47:55 
TT 580 187.5  57.7 282.3  24.9 1.23E-05 005.5 167.2  25.1 0.350160 1.318995 0.143650 hargrave 2021-05-08 12:08:46 
TT 590 186.4  57.6 282.4  25.5 1.13E-05 004.6 166.5  25.1 0.256242 1.025606 0.115571 hargrave 2021-05-09 13:31:36 
TT 600 188.2  57.6 282.0  24.6 1.12E-05 001.8 167.6  24.9 0.116975 0.360831 0.135881 hargrave 2021-05-10 14:18:25 
TT 610 184.5  56.4 281.7  27.0 1.16E-05 001.1 165.1  24.2 0.100903 0.222307 0.127591 hargrave 2021-05-11 16:13:04 
TT 620 178.0  54.1 281.6  31.3 1.07E-05 002.8 160.5  23.1 0.183949 0.560431 0.165307 hargrave 2021-05-12 18:33:43 
TT 630 192.0  56.0 279.4  23.4 1.00E-05 001.8 169.4  22.9 0.071455 0.349618 0.101865 hargrave 2021-05-14 15:50:33 
TT 640 186.6  53.7 278.5  27.1 9.57E-06 001.8 165.7  21.3 0.070878 0.331773 0.098456 hargrave 2021-05-15 13:35:36 
TT 650 184.4  55.6 281.0  27.4 9.26E-06 002.4 164.8  23.5 0.110231 0.441686 0.077830 hargrave 2021-05-16 16:29:23 
TT 660 193.9  57.9 281.1  21.7 7.60E-06 001.1 170.9  24.6 0.052426 0.163573 0.057933 hargrave 2021-05-17 17:08:33 
TT 664 199.9  57.7 279.9  18.7 7.70E-06 000.8 174.4  24.0 0.061861 0.075844 0.099272 hargrave 2021-05-18 20:36:00 
TT 668 196.0  56.2 279.0  21.2 7.35E-06 000.7 171.8  22.8 0.066870 0.079983 0.067909 hargrave 2021-05-20 09:24:34 
TT 672 192.0  57.9 281.4  22.7 6.56E-06 000.9 169.8  24.8 0.055092 0.109914 0.046735 hargrave 2021-05-23 14:44:54 
TT 674 186.4  58.1 282.9  25.3 5.49E-06 002.5 166.6  25.6 0.061326 0.267625 0.065924 hargrave 2021-05-24 17:04:46 
TT 676 179.7  56.9 283.7  29.0 5.64E-06 000.8 162.5  25.4 0.055546 0.075352 0.066055 hargrave 2021-05-25 16:51:05 
TT 678 194.6  57.5 280.5  21.5 4.56E-06 001.9 171.2  24.1 0.077090 0.151971 0.067223 hargrave 2021-05-26 17:30:45 
TT 680 204.5  58.9 280.6  16.1 3.99E-06 003.7 177.1  25.0 0.042056 0.287000 0.086759 hargrave 2021-05-30 11:41:05 
TT 682 121.8  19.9 350.2  75.3 5.69E-07 005.1 103.2  15.2 0.041159 0.049218 0.024875 hargrave 2021-05-31 12:50:33 
