PF18- 155a mag compass orientation (IGRF corrected)
 155.02 145.6  35.0 222.8  83.0  14.4
NRM    305.7  67.6 310.0 -15.2 7.51E-05 000.8 209.4  43.1 0.856690 0.492218 1.274442 hargrave 2021-04-09 19:43:26 
TT  50 301.9  68.7 308.7 -13.9 7.48E-05 001.0 206.9  42.8 1.367607 0.708095 1.229476 hargrave 2021-04-10 18:18:56 
TT 100 302.1  66.8 308.4 -15.8 7.12E-05 001.4 208.9  41.5 1.528266 1.612855 1.225779 hargrave 2021-04-12 14:47:42 
TT 150 288.9  61.4 300.9 -19.1 5.43E-05 003.9 207.5  33.7 2.716663 4.438818 1.165026 hargrave 2021-04-14 15:44:04 
TT 200 290.5  59.8 301.0 -20.9 5.31E-05 002.3 209.3  32.9 1.711410 2.351408 1.112238 hargrave 2021-04-15 13:40:12 
TT 250 276.8  53.0 290.3 -22.7 4.31E-05 001.4 205.5  23.3 0.750998 1.040163 0.908289 hargrave 2021-04-16 18:26:23 
TT 300 271.9  51.0 286.4 -22.2 3.82E-05 001.2 203.4  20.2 0.167859 0.785380 0.872960 hargrave 2021-04-18 21:34:35 
TT 325 273.4  49.0 285.6 -24.3 3.63E-05 001.0 205.1  18.7 0.134139 0.390308 0.816210 hargrave 2021-04-21 18:11:39 
TT 350 277.8  46.9 286.5 -27.8 3.26E-05 007.9 208.8  17.9 3.249037 5.573273 0.743245 hargrave 2021-04-22 15:45:02 
TT 375 269.8  46.5 281.7 -24.3 2.38E-05 002.8 203.7  15.5 0.698289 1.401735 0.568140 hargrave 2021-04-23 16:59:53 
TT 415 267.1  46.2 280.2 -23.1 1.91E-05 001.0 201.9  14.6 0.041929 0.184775 0.449454 hargrave 2021-04-25 20:02:14 
TT 450 269.4  44.7 280.2 -25.2 1.64E-05 005.2 204.0  13.8 0.922234 1.927705 0.378461 hargrave 2021-04-28 09:34:17 
TT 475 271.1  44.7 281.0 -26.2 1.47E-05 003.2 205.2  14.1 0.544944 0.978619 0.348843 hargrave 2021-04-30 11:40:15 
TT 500 270.0  44.9 280.6 -25.5 1.35E-05 001.9 204.4  14.0 0.290385 0.479777 0.312852 hargrave 2021-05-01 13:46:53 
TT 520 266.3  44.4 278.3 -23.8 1.19E-05 001.0 202.0  12.7 0.056593 0.146005 0.253456 hargrave 2021-05-02 12:38:08 
TT 535 267.8  43.5 278.3 -25.2 1.06E-05 001.1 203.3  12.2 0.057486 0.189259 0.234894 hargrave 2021-05-03 13:36:26 
TT 550 265.1  44.1 277.5 -23.3 9.77E-06 002.1 201.3  12.2 0.201393 0.413251 0.267390 hargrave 2021-05-05 12:25:25 
TT 560 262.4  43.4 275.6 -22.1 8.91E-06 002.3 199.5  11.0 0.206302 0.418996 0.228958 hargrave 2021-05-06 09:26:42 
TT 570 264.3  45.3 278.2 -22.1 8.51E-06 002.8 200.3  13.2 0.239589 0.510093 0.230719 hargrave 2021-05-07 15:21:57 
TT 580 267.4  42.8 277.5 -25.4 6.66E-06 005.3 203.2  11.5 0.354618 0.785388 0.193613 hargrave 2021-05-09 10:05:52 
TT 590 262.2  40.5 273.0 -23.5 5.64E-06 003.4 200.1  08.2 0.180644 0.424612 0.150563 hargrave 2021-05-10 10:57:20 
TT 600 262.8  45.8 277.9 -21.0 4.08E-06 002.1 199.1  13.3 0.078724 0.165155 0.115207 hargrave 2021-05-11 13:24:25 
TT 610 251.0  44.1 272.0 -14.6 3.54E-06 002.3 191.2  10.0 0.032332 0.174887 0.108739 hargrave 2021-05-12 14:22:12 
TT 620 249.2  40.9 268.4 -14.7 3.01E-06 002.7 190.3  06.6 0.054122 0.188576 0.074746 hargrave 2021-05-13 18:14:21 
TT 630 279.0  40.4 282.4 -33.3 1.55E-06 001.6 212.4  12.4 0.042664 0.053977 0.036748 hargrave 2021-05-15 18:08:19 
TT 640 267.6  33.8 269.3 -30.9 1.34E-06 005.8 206.1  02.9 0.096025 0.173413 0.021770 hargrave 2021-05-17 09:37:40 
TT 650 221.5  47.2 269.7  06.0 1.65E-06 006.1 170.2  12.9 0.028019 0.253032 0.033535 hargrave 2021-05-18 11:48:08 
TT 660 260.4  23.5 255.4 -30.5 1.10E-06 004.2 202.9 -08.6 0.038268 0.110004 0.032355 hargrave 2021-05-19 11:23:03 
TT 664 245.3  36.1 262.7 -13.6 2.30E-06 004.0 187.8  01.5 0.034366 0.229135 0.036694 hargrave 2021-05-20 19:12:34 
TT 668 251.3  34.4 262.8 -18.8 1.99E-06 007.3 192.9  00.4 0.081946 0.357112 0.035027 hargrave 2021-05-22 10:03:06 
TT 672 274.7  34.0 273.9 -35.4 1.64E-06 003.2 211.7  05.1 0.095629 0.096834 0.032411 hargrave 2021-05-24 10:01:32 
TT 674 268.9  24.9 261.1 -36.7 1.50E-06 004.7 210.0 -05.2 0.084637 0.155123 0.035499 hargrave 2021-05-25 09:37:06 
TT 676 226.9  33.0 256.1  00.4 1.20E-06 002.1 172.7 -01.7 0.032409 0.058607 0.026676 hargrave 2021-05-26 09:38:49 
