PF18- 47a sun compass orientation
  98.32 138.4  28.0 221.5  81.4  10.1
NRM    295.5  64.8 304.5 -15.7 1.15E-04 005.6 214.5  46.1 4.700696 10.27716 1.816627 hargrave 2021-04-06 19:15:55 
TT  50 283.3  67.7 301.0 -11.1 1.15E-04 001.6 206.3  45.6 1.972412 0.972961 2.482989 hargrave 2021-04-12 11:10:40 
TT 100 282.4  67.1 300.3 -11.5 1.11E-04 002.0 206.4  44.9 2.803406 1.374430 2.541179 hargrave 2021-04-13 12:23:24 
TT 150 266.4  64.2 293.3 -09.7 9.18E-05 002.3 200.3  39.4 0.642631 2.869857 2.231515 hargrave 2021-04-14 19:38:53 
TT 200 265.1  61.6 291.0 -11.1 8.36E-05 003.1 200.8  36.7 2.448630 3.017939 2.393751 hargrave 2021-04-16 13:24:58 
TT 250 259.7  60.9 288.7 -09.6 7.85E-05 001.8 198.0  35.2 1.086683 0.998658 2.079121 hargrave 2021-04-19 23:44:41 
TT 300 266.2  59.5 289.8 -12.9 7.28E-05 005.7 202.3  35.0 3.809856 6.014250 1.899918 hargrave 2021-04-21 13:57:10 
TT 325 263.0  59.6 288.8 -11.7 6.63E-05 004.1 200.4  34.5 2.543306 3.583826 1.792240 hargrave 2021-04-22 11:36:30 
TT 350 261.4  59.6 288.2 -11.1 5.77E-05 004.8 199.5  34.2 2.382439 3.956576 1.640666 hargrave 2021-04-23 09:28:09 
TT 375 258.4  59.1 286.8 -10.2 4.78E-05 003.2 197.9  33.3 1.476466 1.914273 1.278798 hargrave 2021-04-24 16:30:29 
TT 415 262.3  58.3 287.5 -12.3 4.44E-05 002.2 200.5  33.1 0.898584 0.865144 1.164113 hargrave 2021-04-25 16:09:15 
TT 450 266.5  57.4 288.4 -14.5 3.83E-05 001.8 203.4  33.0 0.703812 0.092197 0.995182 hargrave 2021-04-27 08:26:12 
TT 475 255.0  59.1 285.8 -08.7 3.54E-05 002.6 195.9  32.8 0.863758 0.912114 1.001639 hargrave 2021-04-29 10:59:54 
TT 500 255.3  59.0 285.8 -08.9 3.38E-05 002.3 196.1  32.8 0.305968 0.901097 0.971567 hargrave 2021-04-30 16:03:33 
TT 520 257.8  58.6 286.2 -10.3 3.19E-05 002.3 197.7  32.7 0.729741 0.574130 0.905872 hargrave 2021-05-01 18:16:21 
TT 535 254.4  58.8 285.4 -08.6 2.98E-05 003.7 195.6  32.5 0.815998 1.646705 0.658183 hargrave 2021-05-03 09:57:02 
TT 550 254.7  58.8 285.5 -08.8 2.80E-05 001.9 195.8  32.5 0.425946 0.207956 0.810062 hargrave 2021-05-04 13:40:10 
TT 560 251.2  59.7 285.3 -06.8 2.59E-05 002.7 193.5  32.9 0.652407 0.092531 1.020043 hargrave 2021-05-06 17:03:25 
TT 570 254.3  59.3 285.8 -08.3 2.18E-05 006.9 195.4  32.9 1.162632 2.247515 0.834002 hargrave 2021-05-07 11:44:01 
TT 580 249.5  59.2 284.4 -06.3 1.96E-05 002.6 192.6  32.3 0.440501 0.160631 0.764903 hargrave 2021-05-08 13:09:01 
TT 590 251.8  58.0 284.0 -07.9 1.72E-05 003.7 194.3  31.4 0.557013 0.726234 0.632553 hargrave 2021-05-09 14:32:30 
TT 600 246.3  58.8 283.3 -05.0 1.59E-05 003.7 190.7  31.6 0.466099 0.675823 0.615320 hargrave 2021-05-10 15:16:56 
TT 610 248.2  58.1 283.2 -06.2 1.56E-05 004.3 192.1  31.1 0.508171 0.887627 0.584583 hargrave 2021-05-11 17:13:01 
TT 620 248.7  56.4 281.8 -07.2 1.41E-05 002.7 192.7  29.5 0.301710 0.304890 0.524183 hargrave 2021-05-12 19:30:16 
TT 630 245.1  59.6 283.8 -04.1 1.25E-05 002.2 189.9  32.3 0.197457 0.122760 0.435510 hargrave 2021-05-14 16:49:22 
TT 640 247.8  56.1 281.2 -06.9 1.25E-05 004.4 192.3  29.0 0.395285 0.775197 0.441871 hargrave 2021-05-15 14:32:58 
TT 650 242.6  58.2 282.0 -03.5 1.15E-05 003.5 188.7  30.7 0.317243 0.496359 0.404198 hargrave 2021-05-16 17:24:19 
TT 660 242.6  57.4 281.3 -03.7 1.12E-05 003.2 188.7  29.9 0.302116 0.419198 0.383795 hargrave 2021-05-17 18:05:10 
TT 664 242.2  58.9 282.6 -03.0 1.04E-05 003.9 188.3  31.4 0.284092 0.532471 0.392397 hargrave 2021-05-18 21:32:07 
TT 668 247.2  59.0 283.7 -05.3 9.54E-06 002.4 191.3  31.8 0.227745 0.126089 0.313307 hargrave 2021-05-20 10:21:40 
TT 672 252.9  58.6 284.8 -08.1 9.23E-06 003.1 194.8  32.1 0.250158 0.326465 0.302817 hargrave 2021-05-23 15:42:04 
TT 674 252.7  57.4 283.7 -08.6 9.24E-06 002.2 195.0  30.9 0.171289 0.070951 0.313630 hargrave 2021-05-24 18:01:03 
TT 676 241.5  58.5 282.1 -02.8 8.59E-06 003.1 187.9  30.9 0.200576 0.289033 0.311541 hargrave 2021-05-25 17:50:47 
