PF18- 87a sun compass orientation
 121.37 305.8  33.0 218.9  81.9  13.0
NRM    246.4  62.2 284.4 -05.1 5.77E-05 001.0 121.4  73.8 1.273099 0.263848 0.172609 hargrave 2021-04-08 14:26:09 
TT  50 246.2  62.0 284.2 -05.1 5.74E-05 001.2 120.8  73.9 1.504741 0.345304 0.182975 hargrave 2021-04-09 13:47:43 
TT 100 244.1  60.0 281.9 -05.1 5.47E-05 000.9 113.5  75.0 1.070004 0.261257 0.118500 hargrave 2021-04-10 14:15:58 
TT 150 237.4  51.3 272.4 -04.9 4.66E-05 001.3 074.8  76.2 1.236615 0.456833 0.169413 hargrave 2021-04-11 12:50:11 
TT 200 234.9  47.6 268.3 -04.6 4.44E-05 001.1 059.1  75.1 0.967880 0.530349 0.178224 hargrave 2021-04-13 15:51:02 
TT 250 234.1  45.7 266.4 -04.6 3.98E-05 001.2 052.9  74.0 0.868715 0.664235 0.191083 hargrave 2021-04-18 14:42:28 
TT 300 232.5  44.1 264.5 -04.0 3.53E-05 001.4 046.1  73.4 1.008025 0.530189 0.207064 hargrave 2021-04-19 14:57:33 
TT 325 229.8  42.7 262.7 -02.4 3.18E-05 001.6 037.8  73.2 1.139994 0.138681 0.185394 hargrave 2021-04-20 13:23:40 
TT 350 230.7  42.6 262.7 -03.0 2.92E-05 001.5 039.7  72.8 0.945204 0.224618 0.175126 hargrave 2021-04-23 13:02:52 
TT 375 228.7  41.7 261.5 -01.9 2.75E-05 001.1 034.0  72.6 0.557897 0.308775 0.171169 hargrave 2021-04-25 10:04:14 
TT 415 228.4  41.0 260.8 -01.7 2.58E-05 001.4 032.3  72.1 0.589343 0.512605 0.234517 hargrave 2021-04-26 09:07:50 
TT 450 228.4  41.2 260.9 -01.8 2.40E-05 001.6 032.6  72.2 0.505069 0.654864 0.200867 hargrave 2021-04-27 13:51:33 
TT 475 228.2  40.9 260.6 -01.7 2.08E-05 001.1 031.7  72.0 0.499684 0.071935 0.129807 hargrave 2021-04-29 14:41:46 
TT 500 228.1  40.4 260.1 -01.7 1.93E-05 001.6 030.9  71.6 0.439100 0.505147 0.213831 hargrave 2021-05-01 09:50:50 
TT 520 226.6  39.6 259.2 -00.7 1.79E-05 001.7 026.6  71.3 0.595069 0.296661 0.250460 hargrave 2021-05-02 16:23:01 
TT 535 225.7  39.1 258.5 -00.1 1.69E-05 001.6 024.1  70.9 0.525130 0.238241 0.155208 hargrave 2021-05-04 09:02:40 
TT 550 225.2  39.6 258.9  00.4 1.57E-05 001.6 023.5  71.6 0.504412 0.211958 0.165148 hargrave 2021-05-04 18:39:38 
TT 560 227.2  41.0 260.5 -00.9 1.43E-05 001.2 029.5  72.4 0.226828 0.312437 0.120094 hargrave 2021-05-05 16:07:50 
TT 570 223.9  38.3 257.4  01.2 1.30E-05 001.4 019.3  70.5 0.232329 0.324838 0.100680 hargrave 2021-05-06 22:24:20 
TT 580 222.7  38.0 257.0  02.0 1.23E-05 001.5 016.5  70.4 0.364276 0.172140 0.100087 hargrave 2021-05-08 19:41:41 
TT 590 225.2  39.5 258.8  00.3 1.17E-05 001.2 023.4  71.5 0.279496 0.151505 0.069313 hargrave 2021-05-09 18:42:05 
TT 600 227.4  37.8 257.5 -01.7 1.11E-05 001.1 026.8  69.3 0.228553 0.093822 0.104439 hargrave 2021-05-11 09:29:58 
TT 610 225.6  34.6 254.0 -00.9 1.08E-05 001.2 020.7  66.6 0.270671 0.042679 0.096870 hargrave 2021-05-12 09:27:59 
TT 620 225.0  38.1 257.4  00.3 1.01E-05 001.2 021.7  70.2 0.194076 0.206228 0.053102 hargrave 2021-05-13 12:20:11 
TT 630 224.6  37.5 256.7  00.4 1.00E-05 001.2 020.4  69.6 0.278013 0.048707 0.054933 hargrave 2021-05-14 11:48:02 
TT 640 220.6  34.1 252.9  03.1 9.88E-06 001.4 010.2  66.8 0.281147 0.090643 0.092902 hargrave 2021-05-15 09:57:59 
TT 650 220.6  37.9 256.6  03.7 9.08E-06 000.9 011.4  70.6 0.164969 0.076624 0.035195 hargrave 2021-05-16 11:50:05 
TT 660 220.7  34.9 253.7  03.2 8.39E-06 001.2 010.6  67.6 0.222767 0.049130 0.071580 hargrave 2021-05-17 13:00:55 
TT 664 220.8  37.9 256.7  03.5 7.50E-06 001.5 012.0  70.6 0.186726 0.153033 0.061661 hargrave 2021-05-18 15:22:06 
TT 668 222.7  36.1 255.2  01.7 6.30E-06 001.2 015.5  68.6 0.116833 0.111508 0.069878 hargrave 2021-05-19 17:52:28 
TT 672 219.7  31.7 250.4  03.6 4.67E-06 001.2 007.7  64.6 0.125514 0.023691 0.038227 hargrave 2021-05-23 11:04:34 
TT 674 223.4  31.2 250.4  00.3 4.09E-06 001.8 014.9  63.7 0.137439 0.100502 0.040605 hargrave 2021-05-24 13:21:19 
TT 676 227.5  35.0 254.7 -02.3 2.96E-06 002.0 024.7  66.6 0.120759 0.044155 0.032457 hargrave 2021-05-25 13:10:32 
TT 678 234.1  32.6 253.7 -08.2 1.95E-06 001.5 035.0  62.6 0.059585 0.026330 0.017348 hargrave 2021-05-26 13:52:40 
TT 680 201.0  36.7 255.0  19.1 1.12E-06 001.7 327.8  67.4 0.016657 0.040284 0.018756 hargrave 2021-05-30 15:41:24 
