PF18- 9a mag compass orientation (IGRF corrected)
 104.83 158.6  25.0 221.5  81.4  12.3
NRM    283.4  76.2 305.1 -03.6 6.16E-05 004.3 193.0  52.9 2.649484 4.393410 2.606664 hargrave 2021-04-06 18:21:30 
TT  50 283.5  74.8 304.4 -04.8 6.15E-05 003.1 194.0  51.6 3.028593 0.890433 2.707227 hargrave 2021-04-12 10:02:42 
TT 100 265.6  76.1 301.6 -01.2 6.03E-05 004.3 186.5  51.5 2.895175 3.735288 2.885892 hargrave 2021-04-13 11:15:20 
TT 100 261.3  75.8 300.6 -00.6 6.04E-05 004.7 184.9  51.0 2.232738 5.041467 2.493468 hargrave 2021-04-13 13:03:34 
TT 150 248.1  25.0 252.1 -19.8 3.67E-05 048.9 179.6 -00.0 0.289378 10.20406 50.82902 hargrave 2021-04-14 18:41:25 
TT 150 261.5  73.8 299.1 -01.9 5.38E-05 005.5 185.5  49.0 2.268966 5.418405 2.572426 hargrave 2021-04-14 20:22:50 
TT 200 243.8  64.5 288.0 -01.5 4.15E-05 003.8 177.3  39.5 1.300821 2.638961 1.783362 hargrave 2021-04-16 12:21:47 
TT 250 239.1  60.8 283.8 -00.9 3.69E-05 006.0 174.3  36.0 1.592695 4.122101 1.825020 hargrave 2021-04-19 22:48:10 
TT 300 248.3  60.0 284.9 -05.4 3.53E-05 003.9 179.8  35.0 1.379658 1.726800 1.949455 hargrave 2021-04-21 12:45:50 
TT 325 239.7  58.9 282.1 -01.8 3.37E-05 003.5 174.5  34.1 1.198670 1.166943 1.930332 hargrave 2021-04-22 10:25:33 
TT 350 241.3  58.3 281.9 -02.8 3.02E-05 004.5 175.4  33.5 1.285321 2.022171 1.662807 hargrave 2021-04-23 08:19:10 
TT 375 242.7  57.2 281.1 -03.9 2.55E-05 007.0 176.3  32.3 1.127772 3.405420 1.400836 hargrave 2021-04-24 15:15:33 
TT 415 242.0  55.6 279.5 -04.2 2.39E-05 003.2 175.7  30.7 0.580051 1.191203 0.949537 hargrave 2021-04-25 14:07:57 
TT 450 236.2  55.5 278.2 -01.1 2.14E-05 004.4 171.8  30.8 0.798032 1.522690 1.102595 hargrave 2021-04-26 20:17:11 
TT 475 230.1  54.7 276.6  02.1 2.08E-05 003.6 167.7  30.5 0.378499 1.164958 1.059429 hargrave 2021-04-29 09:50:25 
TT 500 234.0  54.5 277.0 -00.1 2.02E-05 003.9 170.2  30.1 0.683763 1.275508 0.889884 hargrave 2021-04-30 14:56:48 
TT 520 238.8  55.1 278.4 -02.6 1.94E-05 005.2 173.5  30.4 0.772601 1.741913 1.014046 hargrave 2021-05-01 17:08:56 
TT 535 234.4  54.4 276.9 -00.4 1.86E-05 001.9 170.5  29.9 0.304011 0.305352 0.634496 hargrave 2021-05-03 08:46:28 
TT 550 233.5  53.9 276.3 -00.0 1.81E-05 003.1 169.9  29.4 0.504675 0.829397 0.740872 hargrave 2021-05-04 12:30:52 
TT 560 233.4  54.3 276.7  00.2 1.73E-05 002.8 169.8  29.9 0.535413 0.383321 0.830757 hargrave 2021-05-06 15:52:29 
TT 570 236.5  54.4 277.3 -01.5 1.64E-05 004.8 171.9  29.8 0.681864 1.327276 0.828593 hargrave 2021-05-07 10:34:39 
TT 580 234.9  54.0 276.6 -00.8 1.61E-05 005.0 170.8  29.4 0.656843 1.404685 0.808211 hargrave 2021-05-08 11:55:39 
TT 590 231.3  53.4 275.5  01.1 1.57E-05 005.1 168.3  29.2 0.733071 1.321395 0.810170 hargrave 2021-05-09 13:17:31 
TT 600 235.0  53.5 276.1 -01.0 1.49E-05 004.6 170.8  28.9 0.596817 1.086172 0.806939 hargrave 2021-05-10 14:04:08 
TT 610 230.5  53.0 275.0  01.5 1.49E-05 004.3 167.7  28.8 0.643694 0.966042 0.744400 hargrave 2021-05-11 15:59:03 
TT 620 223.8  51.3 272.6  05.3 1.46E-05 004.6 162.7  27.9 0.569131 1.224297 0.516102 hargrave 2021-05-12 18:19:55 
TT 630 231.7  52.7 274.9  00.7 1.42E-05 005.7 168.5  28.4 0.563469 1.554188 0.538273 hargrave 2021-05-14 15:37:26 
TT 640 236.8  53.2 276.2 -02.1 1.37E-05 002.9 172.0  28.5 0.422473 0.286253 0.681257 hargrave 2021-05-15 13:22:13 
TT 650 230.1  52.1 274.1  01.6 1.38E-05 004.6 167.2  28.0 0.624327 1.025972 0.672318 hargrave 2021-05-16 16:15:12 
TT 660 229.4  51.7 273.6  01.9 1.34E-05 003.5 166.7  27.7 0.502558 0.593201 0.630540 hargrave 2021-05-17 16:53:40 
TT 664 229.9  52.4 274.3  01.7 1.30E-05 003.7 167.2  28.2 0.499562 0.595291 0.668589 hargrave 2021-05-18 20:22:55 
TT 668 235.0  52.1 274.8 -01.4 1.27E-05 003.8 170.6  27.5 0.485774 0.612878 0.692090 hargrave 2021-05-20 09:11:24 
TT 672 231.2  52.6 274.7  01.0 1.19E-05 003.2 168.1  28.3 0.427228 0.411186 0.552064 hargrave 2021-05-23 14:30:44 
TT 674 233.5  52.5 274.9 -00.4 1.15E-05 003.2 169.6  28.0 0.385542 0.334255 0.594365 hargrave 2021-05-24 16:51:26 
TT 676 232.7  52.7 275.0  00.1 1.08E-05 004.7 169.1  28.3 0.445751 0.792865 0.579502 hargrave 2021-05-25 16:36:57 
TT 678 226.4  52.2 273.8  03.8 9.71E-06 002.9 164.7  28.5 0.318099 0.083902 0.517815 hargrave 2021-05-26 17:16:46 
TT 680 233.2  51.6 274.0 -00.4 8.43E-06 003.8 169.3  27.2 0.307729 0.436768 0.450409 hargrave 2021-05-30 11:27:49 
TT 682 231.9  52.0 274.2  00.5 6.02E-06 003.0 168.5  27.7 0.179781 0.116243 0.325249 hargrave 2021-05-31 12:35:45 
