PF18- 100a sun compass orientation
 126.94 351.7  14.0 218.9  81.9  13.5
NRM    241.8  65.5 286.5 -01.8 2.98E-05 000.8 318.2  77.8 0.285752 0.427022 0.186584 hargrave 2021-04-08 14:52:30 
TT  50 241.5  65.4 286.3 -01.7 2.96E-05 000.9 317.8  77.7 0.597991 0.171392 0.149306 hargrave 2021-04-09 14:13:54 
TT 100 240.3  64.6 285.4 -01.6 2.84E-05 000.7 317.2  76.7 0.348791 0.303096 0.155676 hargrave 2021-04-10 14:41:19 
TT 150 234.7  61.8 281.8 -00.2 2.48E-05 000.9 312.3  73.1 0.168937 0.457882 0.184270 hargrave 2021-04-11 13:14:41 
TT 200 231.7  60.5 280.2  00.8 2.39E-05 000.9 309.5  71.4 0.293805 0.353936 0.188887 hargrave 2021-04-13 16:13:05 
TT 250 227.8  59.9 279.1  02.6 2.31E-05 001.1 304.8  70.1 0.138819 0.529914 0.181532 hargrave 2021-04-18 15:03:48 
TT 300 226.2  59.7 278.8  03.4 2.16E-05 000.8 302.8  69.6 0.202844 0.292366 0.194025 hargrave 2021-04-19 15:24:26 
TT 325 225.6  58.9 278.0  03.5 1.99E-05 001.5 303.0  68.8 0.682146 0.161393 0.150847 hargrave 2021-04-20 13:50:38 
TT 350 223.7  58.7 277.6  04.4 1.88E-05 001.0 300.8  68.2 0.387041 0.153924 0.147000 hargrave 2021-04-23 13:28:21 
TT 375 222.0  58.7 277.5  05.3 1.74E-05 000.9 298.6  67.8 0.300274 0.164843 0.121585 hargrave 2021-04-25 10:31:18 
TT 415 223.2  58.1 277.0  04.6 1.43E-05 001.0 300.8  67.5 0.271159 0.123411 0.123597 hargrave 2021-04-26 09:35:02 
TT 450 214.7  58.5 277.0  09.1 1.30E-05 001.2 290.0  66.0 0.348061 0.111519 0.102689 hargrave 2021-04-27 14:18:09 
TT 475 215.8  57.7 276.3  08.5 1.23E-05 001.2 292.2  65.6 0.302852 0.135985 0.113770 hargrave 2021-04-29 15:07:04 
TT 500 212.0  58.1 276.6  10.5 1.14E-05 002.0 287.4  65.0 0.536805 0.064319 0.074219 hargrave 2021-05-01 10:16:17 
TT 520 209.2  58.0 276.6  12.0 1.07E-05 001.2 284.4  64.3 0.267366 0.097015 0.073928 hargrave 2021-05-02 16:46:28 
TT 535 210.4  56.7 275.3  11.4 9.65E-06 002.8 287.0  63.4 0.624655 0.081890 0.081533 hargrave 2021-05-04 09:27:02 
TT 550 206.2  57.1 275.9  13.7 8.73E-06 002.7 281.9  62.8 0.528932 0.115374 0.089056 hargrave 2021-05-04 19:06:18 
TT 560 206.7  57.5 276.2  13.4 8.03E-06 002.2 282.2  63.3 0.386591 0.126892 0.091578 hargrave 2021-05-05 16:34:47 
TT 570 197.6  58.0 277.6  18.1 5.67E-06 001.9 272.4  61.5 0.190388 0.148477 0.086102 hargrave 2021-05-06 22:48:50 
TT 580 188.3  61.4 282.6  21.4 3.70E-06 004.3 260.2  62.2 0.311653 0.203210 0.065066 hargrave 2021-05-08 20:07:51 
TT 590 180.5  62.4 285.4  24.2 3.25E-06 004.3 252.3  61.3 0.225061 0.225999 0.087256 hargrave 2021-05-09 19:07:59 
TT 600 205.6  46.3 264.8  15.0 3.16E-06 004.2 289.1  52.6 0.277673 0.091631 0.106025 hargrave 2021-05-11 09:55:10 
TT 610 141.5  70.5 304.2  27.1 2.42E-06 005.4 216.5  60.9 0.192682 0.240109 0.058616 hargrave 2021-05-12 09:52:29 
TT 620 130.1  69.8 308.4  28.3 2.10E-06 005.4 209.9  58.8 0.107076 0.244102 0.036874 hargrave 2021-05-13 12:45:23 
TT 630 099.8  70.3 319.3  25.1 1.96E-06 006.4 191.0  56.7 0.087306 0.285794 0.019350 hargrave 2021-05-14 12:14:07 
TT 640 183.9  32.5 252.8  33.7 2.46E-06 006.0 273.0  34.4 0.306337 0.145911 0.101950 hargrave 2021-05-15 10:23:47 
TT 650 063.7  76.9 321.2  13.4 2.02E-06 007.4 171.0  63.2 0.072538 0.352837 0.021202 hargrave 2021-05-16 12:14:53 
TT 660 203.0  20.2 237.6  17.6 2.63E-06 004.1 295.9  26.9 0.269675 0.140246 0.072859 hargrave 2021-05-17 13:27:16 
TT 664 212.8  28.5 246.6  09.2 2.47E-06 003.8 303.9  37.1 0.184022 0.143076 0.087871 hargrave 2021-05-18 15:47:48 
TT 668 237.4  27.7 249.6 -12.3 1.48E-06 005.6 331.5  40.2 0.151415 0.079455 0.109229 hargrave 2021-05-19 18:19:26 
TT 672 016.7  72.3 325.2  01.2 1.51E-06 005.5 142.2  63.3 0.031616 0.218205 0.067515 hargrave 2021-05-23 11:30:12 
TT 674 193.5  26.7 244.8  26.3 2.33E-06 006.1 284.4  31.1 0.311337 0.177362 0.099925 hargrave 2021-05-24 13:45:23 
TT 676 034.9  72.1 326.9  06.5 1.71E-06 008.7 152.7  60.7 0.050042 0.376758 0.065219 hargrave 2021-05-25 13:33:47 
TT 678 230.2  32.0 252.3 -05.2 1.51E-06 006.1 322.3  43.5 0.166202 0.111177 0.108516 hargrave 2021-05-26 14:15:33 
TT 680 071.1  56.1 340.1  24.3 1.34E-06 012.4 172.0  42.3 0.076944 0.401655 0.015290 hargrave 2021-05-30 16:05:33 
