PF18- 39a mag compass orientation (IGRF corrected)
 100.89 138.6  30.0 221.5  81.4   7.3
NRM    334.4  71.7 318.6 -08.2 1.07E-04 000.8 216.9  59.9 0.692301 0.809852 0.313587 hargrave 2021-04-06 19:03:13 
TT  50 335.5  70.1 319.6 -09.6 1.07E-04 000.5 220.3  59.7 0.543750 0.388067 0.351992 hargrave 2021-04-12 10:56:06 
TT 100 333.3  71.9 318.2 -08.2 1.02E-04 001.2 216.4  59.6 1.112232 1.118813 0.397781 hargrave 2021-04-13 12:08:00 
TT 150 329.1  70.1 317.5 -10.3 8.73E-05 000.7 218.7  57.7 0.612082 0.510352 0.248333 hargrave 2021-04-14 19:25:08 
TT 200 304.2  67.6 308.6 -13.6 5.37E-05 003.5 214.2  48.9 1.584557 1.790285 0.197982 hargrave 2021-04-16 13:12:12 
TT 250 291.4  64.5 302.7 -15.4 4.26E-05 001.3 211.7  43.1 0.406275 0.569430 0.178100 hargrave 2021-04-19 23:31:58 
TT 300 287.0  62.6 300.0 -16.3 3.74E-05 001.5 211.0  40.4 0.401717 0.526819 0.209642 hargrave 2021-04-21 13:41:47 
TT 325 282.5  61.8 297.7 -16.1 3.38E-05 003.3 209.3  38.6 0.680264 1.235104 0.175220 hargrave 2021-04-22 11:20:57 
TT 350 281.6  61.3 297.0 -16.3 2.91E-05 001.6 209.1  37.9 0.187899 0.530351 0.185527 hargrave 2021-04-23 09:12:44 
TT 375 276.3  60.2 294.2 -15.8 1.99E-05 000.5 206.9  35.7 0.046295 0.083164 0.110263 hargrave 2021-04-24 16:14:11 
TT 415 281.3  58.2 295.3 -18.8 1.72E-05 002.3 210.9  35.2 0.345582 0.382239 0.081095 hargrave 2021-04-25 15:18:26 
TT 450 280.5  60.0 295.9 -17.1 1.34E-05 000.5 209.3  36.6 0.059549 0.030123 0.071609 hargrave 2021-04-27 08:13:41 
TT 475 277.4  61.6 295.5 -14.9 1.24E-05 001.4 206.7  37.3 0.114851 0.165484 0.102770 hargrave 2021-04-29 10:43:45 
TT 500 274.3  62.4 294.8 -13.4 1.17E-05 001.2 204.6  37.3 0.115144 0.143897 0.055112 hargrave 2021-04-30 15:49:02 
TT 520 273.8  62.2 294.5 -13.4 1.08E-05 000.9 204.5  37.0 0.051044 0.095891 0.084428 hargrave 2021-05-01 18:01:02 
TT 535 274.5  60.3 293.5 -15.2 9.71E-06 001.0 205.9  35.4 0.073687 0.088851 0.064133 hargrave 2021-05-03 09:40:46 
TT 550 269.9  65.2 295.1 -10.1 9.08E-06 000.8 200.9  38.9 0.048421 0.040000 0.068263 hargrave 2021-05-04 13:24:01 
TT 560 268.9  65.2 294.8 -09.8 8.25E-06 002.1 200.4  38.8 0.065228 0.212304 0.044799 hargrave 2021-05-06 16:47:17 
TT 570 273.3  62.8 294.7 -12.8 7.36E-06 001.1 203.9  37.5 0.045418 0.097137 0.034804 hargrave 2021-05-07 11:28:31 
TT 580 261.6  65.9 293.2 -07.1 6.68E-06 003.3 196.5  38.3 0.088749 0.263447 0.058164 hargrave 2021-05-08 12:52:52 
TT 590 263.6  66.3 294.0 -07.4 6.28E-06 000.9 197.2  39.0 0.028907 0.048216 0.061473 hargrave 2021-05-09 14:15:20 
TT 600 267.6  63.2 292.9 -10.8 5.43E-06 001.4 200.7  36.7 0.034404 0.079254 0.049385 hargrave 2021-05-10 15:00:27 
TT 610 261.8  64.9 292.4 -07.8 4.79E-06 002.2 197.0  37.4 0.048140 0.117113 0.048796 hargrave 2021-05-11 16:55:57 
TT 620 246.3  58.8 283.4 -05.0 4.08E-06 001.4 190.4  29.6 0.035146 0.062070 0.046122 hargrave 2021-05-12 19:14:18 
TT 630 218.4  70.2 291.4  09.1 3.31E-06 001.2 175.5  40.4 0.033407 0.039450 0.038749 hargrave 2021-05-14 16:33:11 
TT 640 243.4  57.1 281.1 -04.3 3.30E-06 002.3 189.0  27.7 0.032401 0.094202 0.018204 hargrave 2021-05-15 14:16:30 
TT 650 249.0  61.4 286.3 -05.0 3.05E-06 003.2 191.4  32.4 0.041524 0.119465 0.017545 hargrave 2021-05-16 17:08:41 
TT 660 231.2  61.7 283.6  03.0 2.96E-06 002.7 181.4  31.8 0.035463 0.097467 0.017893 hargrave 2021-05-17 17:49:03 
TT 664 244.3  63.3 287.0 -02.2 2.78E-06 002.8 188.4  33.9 0.036210 0.091779 0.039059 hargrave 2021-05-18 21:16:51 
TT 668 244.5  60.7 284.7 -03.3 2.77E-06 003.7 189.0  31.4 0.046084 0.125299 0.030985 hargrave 2021-05-20 10:05:33 
TT 672 254.6  64.3 290.0 -05.7 2.73E-06 002.8 193.6  35.8 0.036296 0.091926 0.015352 hargrave 2021-05-23 15:25:41 
TT 674 255.3  61.5 287.9 -07.5 2.67E-06 003.0 194.8  33.2 0.038306 0.092908 0.037817 hargrave 2021-05-24 17:46:18 
TT 676 234.3  77.7 299.5  05.7 2.02E-06 001.3 181.8  47.8 0.015958 0.019398 0.033310 hargrave 2021-05-25 17:35:59 
TT 678 266.2  58.8 289.3 -13.4 2.21E-06 001.3 202.0  32.4 0.026351 0.024026 0.030497 hargrave 2021-05-26 18:12:49 
TT 680 251.6  79.7 302.6  03.4 1.53E-06 001.5 186.3  50.3 0.014126 0.024228 0.010545 hargrave 2021-05-30 12:21:05 
TT 682 234.0  76.8 298.6  05.6 1.19E-06 001.2 181.8  46.9 0.011437 0.011959 0.011763 hargrave 2021-05-31 13:29:57 
