PF18- 65b sun compass orientation
   94.4 304.7  24.0 221.5  81.4  10.8
NRM    261.8  74.5 299.7 -01.5 7.38E-05 001.6 139.1  72.6 1.517132 1.653864 0.171598 hargrave 2021-04-08 13:49:08 
TT  50 261.9  73.8 299.3 -02.0 7.36E-05 002.2 136.9  72.6 2.128917 2.192652 0.170395 hargrave 2021-04-09 13:10:29 
TT 100 262.1  73.7 299.2 -02.1 7.27E-05 002.0 136.4  72.6 1.933527 1.967423 0.164566 hargrave 2021-04-10 13:35:45 
TT 150 256.6  69.7 295.0 -03.2 6.18E-05 001.8 122.3  74.1 1.477142 1.440969 0.157695 hargrave 2021-04-11 12:11:44 
TT 200 251.8  64.1 289.2 -04.8 5.05E-05 001.8 100.2  74.5 1.339936 1.104085 0.272833 hargrave 2021-04-13 15:17:59 
TT 250 249.0  60.1 285.1 -05.6 4.58E-05 001.8 085.1  73.6 1.074157 1.005226 0.356863 hargrave 2021-04-18 14:07:45 
TT 300 248.6  58.7 283.8 -06.1 4.11E-05 001.8 080.8  72.9 1.081949 0.794285 0.310472 hargrave 2021-04-19 14:15:51 
TT 325 246.5  57.9 282.6 -05.4 3.82E-05 001.6 076.3  73.3 0.703840 0.844773 0.292340 hargrave 2021-04-20 12:42:48 
TT 350 240.6  55.1 278.7 -03.6 3.45E-05 005.6 061.4  73.5 3.533972 0.906812 0.327208 hargrave 2021-04-23 12:23:22 
TT 375 246.7  56.5 281.3 -06.2 2.99E-05 001.9 073.2  72.2 0.789292 0.676739 0.233566 hargrave 2021-04-25 09:26:34 
TT 415 247.4  56.7 281.7 -06.5 2.44E-05 001.5 074.5  72.1 0.368851 0.574401 0.170664 hargrave 2021-04-26 08:28:20 
TT 475 246.0  56.6 281.3 -05.8 1.94E-05 002.1 072.5  72.5 0.655353 0.367054 0.182203 hargrave 2021-04-29 14:03:21 
TT 500 246.2  57.5 282.1 -05.5 1.76E-05 001.9 074.9  73.1 0.478145 0.390373 0.145985 hargrave 2021-05-01 09:12:12 
TT 520 244.2  57.6 281.7 -04.5 1.57E-05 001.2 072.5  73.9 0.284613 0.192483 0.043002 hargrave 2021-05-02 15:50:43 
TT 535 244.4  57.9 282.1 -04.5 1.47E-05 001.8 073.6  74.1 0.354322 0.342087 0.067679 hargrave 2021-05-04 08:24:58 
TT 550 243.3  56.0 280.1 -04.7 1.36E-05 001.8 067.3  73.1 0.361560 0.264196 0.113633 hargrave 2021-05-04 18:00:30 
TT 560 242.6  56.8 280.7 -04.0 1.37E-05 001.8 068.3  74.0 0.224954 0.391369 0.114517 hargrave 2021-05-05 15:26:50 
TT 570 246.6  55.6 280.6 -06.5 1.09E-05 001.5 071.2  71.6 0.173926 0.237166 0.090871 hargrave 2021-05-06 21:46:45 
TT 580 244.6  58.4 282.6 -04.4 9.59E-06 001.5 075.4  74.3 0.194596 0.180103 0.072240 hargrave 2021-05-08 19:03:03 
TT 590 247.3  53.7 278.9 -07.7 8.82E-06 001.9 068.1  69.9 0.266302 0.156526 0.088795 hargrave 2021-05-09 18:00:54 
TT 600 245.6  53.6 278.4 -06.8 7.85E-06 001.9 065.7  70.5 0.222456 0.162586 0.075355 hargrave 2021-05-11 08:52:22 
TT 610 253.9  58.2 284.8 -08.7 6.01E-06 002.2 085.4  70.5 0.212015 0.121361 0.068644 hargrave 2021-05-12 08:47:57 
TT 620 234.6  60.4 282.8  01.1 7.00E-06 001.7 067.4  79.5 0.170815 0.134382 0.059522 hargrave 2021-05-13 11:41:43 
TT 630 236.1  59.1 281.7  00.0 6.09E-06 001.7 064.9  78.1 0.092427 0.161459 0.065066 hargrave 2021-05-14 11:08:47 
TT 640 239.3  59.3 282.4 -01.5 5.74E-06 002.3 070.6  77.0 0.218012 0.105155 0.054668 hargrave 2021-05-15 09:21:06 
TT 650 235.8  58.5 281.0 -00.0 5.45E-06 001.9 062.2  77.7 0.071789 0.169428 0.059357 hargrave 2021-05-16 11:12:46 
TT 660 240.3  61.1 284.2 -01.3 4.90E-06 001.7 078.5  77.7 0.071962 0.128646 0.051293 hargrave 2021-05-17 12:21:59 
TT 664 232.1  57.8 279.9  01.7 5.01E-06 001.8 053.0  78.5 0.087163 0.145782 0.036354 hargrave 2021-05-18 14:43:45 
TT 668 232.2  56.2 278.4  01.3 4.88E-06 002.1 048.7  77.2 0.096041 0.156568 0.044582 hargrave 2021-05-19 17:15:23 
TT 672 249.0  55.5 281.0 -07.8 4.65E-06 001.8 073.8  70.6 0.050714 0.137925 0.069242 hargrave 2021-05-23 10:28:15 
TT 674 234.8  59.9 282.3  00.9 4.48E-06 001.7 065.6  79.1 0.091257 0.110564 0.033025 hargrave 2021-05-24 12:45:23 
TT 676 230.9  60.6 282.5  02.9 4.34E-06 001.7 061.1  81.0 0.100315 0.097363 0.024445 hargrave 2021-05-25 12:34:32 
TT 678 227.9  48.9 270.7  02.3 3.10E-06 002.2 028.3  71.6 0.057223 0.109124 0.032607 hargrave 2021-05-26 13:14:17 
TT 680 234.5  47.5 270.3 -02.3 2.74E-06 003.2 039.1  68.8 0.043858 0.160551 0.024735 hargrave 2021-05-30 15:04:46 
