PF18- 144a mag compass orientation (IGRF corrected)
 147.37 129.6  23.0 222.8  83.0  13.8
NRM    222.5  50.3 272.9  05.6 8.66E-05 002.2 182.1  27.3 0.482456 4.106399 1.987996 hargrave 2021-04-09 19:23:35 
TT  50 220.4  50.3 272.8  06.9 8.62E-05 001.9 180.6  27.3 0.795658 3.384572 1.761442 hargrave 2021-04-10 18:03:45 
TT 100 215.8  48.7 271.1  09.9 8.23E-05 006.8 177.2  25.7 1.383109 13.29182 1.840563 hargrave 2021-04-12 14:30:52 
TT 150 218.9  47.0 269.4  07.7 7.95E-05 002.1 179.5  24.0 0.462327 3.506821 2.017978 hargrave 2021-04-14 15:24:55 
TT 200 219.9  46.8 269.3  07.1 7.87E-05 001.1 180.2  23.8 0.248676 1.041278 1.919195 hargrave 2021-04-15 13:19:07 
TT 250 214.5  45.1 267.5  10.8 7.27E-05 003.2 176.1  22.2 0.136109 5.353383 1.590790 hargrave 2021-04-16 18:09:57 
TT 300 211.8  45.1 267.5  12.7 7.18E-05 007.0 174.0  22.3 1.038702 12.06354 1.606199 hargrave 2021-04-18 21:13:47 
TT 325 212.9  44.3 266.7  11.9 5.75E-05 003.0 174.9  21.4 0.209133 4.029441 1.147753 hargrave 2021-04-21 17:52:39 
TT 350 214.3  44.0 266.3  10.9 5.22E-05 003.5 175.9  21.1 0.594206 4.251654 1.144091 hargrave 2021-04-22 15:25:50 
TT 375 213.5  43.7 266.1  11.5 4.84E-05 000.9 175.3  20.8 0.224639 0.416881 1.027373 hargrave 2021-04-23 16:39:38 
TT 415 218.8  43.8 266.2  07.7 4.76E-05 002.3 179.4  20.8 0.201942 2.384983 1.022870 hargrave 2021-04-25 19:42:55 
TT 450 210.5  43.1 265.5  13.8 4.33E-05 001.6 172.9  20.3 0.137185 1.459697 0.905284 hargrave 2021-04-28 09:16:13 
TT 475 217.6  43.3 265.7  08.6 4.11E-05 002.8 178.4  20.3 0.110678 2.638516 0.884104 hargrave 2021-04-30 11:20:02 
TT 500 215.2  43.3 265.6  10.3 3.83E-05 000.7 176.6  20.4 0.120158 0.318712 0.580474 hargrave 2021-05-01 13:27:05 
TT 520 211.5  42.9 265.3  13.1 3.56E-05 001.0 173.7  20.0 0.223874 0.578882 0.619660 hargrave 2021-05-02 12:17:45 
TT 535 214.9  42.7 265.1  10.5 3.14E-05 002.9 176.4  19.8 0.100077 2.176283 0.463110 hargrave 2021-05-03 13:15:26 
TT 550 214.1  42.4 264.7  11.1 2.33E-05 001.0 175.7  19.5 0.110539 0.320071 0.442825 hargrave 2021-05-05 12:04:43 
TT 560 208.5  39.7 262.2  15.4 1.54E-05 002.3 171.1  17.1 0.076339 0.798637 0.337541 hargrave 2021-05-06 09:06:50 
TT 570 211.3  39.4 261.7  13.3 1.38E-05 002.4 173.3  16.6 0.143819 0.713824 0.310616 hargrave 2021-05-07 15:02:08 
TT 580 216.9  46.8 269.2  09.1 1.36E-05 002.5 178.0  23.9 0.070320 0.790355 0.256711 hargrave 2021-05-09 09:44:54 
TT 590 210.8  38.1 260.4  13.7 1.23E-05 002.0 172.8  15.3 0.153690 0.508089 0.276121 hargrave 2021-05-10 10:36:39 
TT 600 207.5  39.1 261.5  16.3 9.48E-06 001.8 170.2  16.5 0.122851 0.339737 0.196926 hargrave 2021-05-11 13:04:34 
TT 610 211.0  36.5 258.8  13.6 1.03E-05 001.4 172.9  13.7 0.045523 0.258935 0.230839 hargrave 2021-05-12 14:03:57 
TT 620 210.4  35.3 257.5  14.2 9.46E-06 001.1 172.3  12.5 0.090029 0.100167 0.222588 hargrave 2021-05-13 17:55:24 
TT 630 207.8  34.4 256.6  16.3 8.40E-06 002.4 170.1  11.8 0.110331 0.434329 0.207935 hargrave 2021-05-16 13:52:17 
TT 640 214.1  43.3 265.6  11.1 6.08E-06 001.3 175.8  20.4 0.094915 0.099550 0.150452 hargrave 2021-05-17 09:17:46 
TT 650 214.3  36.9 259.2  11.0 6.72E-06 001.2 175.6  14.0 0.046336 0.123380 0.145633 hargrave 2021-05-18 11:27:21 
TT 660 222.1  39.8 262.4  05.0 4.28E-06 002.7 182.0  16.9 0.041752 0.259786 0.117007 hargrave 2021-05-19 11:03:09 
TT 664 198.3  32.6 255.5  24.3 4.16E-06 004.9 161.9  10.9 0.119804 0.481986 0.066138 hargrave 2021-05-20 18:52:46 
TT 668 191.0  31.5 255.4  30.6 2.62E-06 002.0 155.5  10.8 0.074508 0.136285 0.050722 hargrave 2021-05-22 09:44:51 
TT 672 201.0  24.6 246.6  22.7 2.35E-06 000.9 163.1  02.7 0.101312 0.040810 0.041286 hargrave 2021-05-24 09:43:19 
TT 674 258.8  49.6 279.6 -16.6 6.93E-07 004.6 208.3  30.3 0.080651 0.042942 0.016314 hargrave 2021-05-25 09:18:04 
TT 676 152.1  07.6 225.8  70.8 9.84E-07 002.5 113.7 -01.5 0.038021 0.078087 0.012560 hargrave 2021-05-26 09:19:45 
TT 678 228.2  23.0 246.3 -02.2 1.06E-06 003.5 187.9  00.2 0.033791 0.068350 0.057498 hargrave 2021-05-29 11:36:37 
TT 680 141.8 -05.5 168.8  74.6 8.81E-07 002.6 099.1 -09.8 0.053546 0.045113 0.036644 hargrave 2021-05-31 09:19:44 
TT 682 191.0  23.5 246.2  31.9 8.19E-07 005.1 153.9  03.0 0.033509 0.094210 0.062780 hargrave 2021-06-02 13:20:52 
TT 696 217.6  07.4 229.5  06.0 7.98E-07 006.1 178.0 -15.6 0.030334 0.114672 0.032176 hargrave 2021-06-03 14:54:33 
