PF18- 149a mag compass orientation (IGRF corrected)
 150.91  83.6  31.0 222.8  83.0  12.1
NRM    231.2  47.4 270.8 -00.5 4.72E-05 002.4 219.6  26.4 1.179035 1.866935 0.926910 hargrave 2021-04-09 19:34:09 
TT  50 229.3  47.8 270.9  00.9 4.71E-05 001.0 218.2  26.1 0.261634 0.515733 0.858798 hargrave 2021-04-10 18:11:19 
TT 100 230.3  47.3 270.5  00.1 4.70E-05 001.5 219.1  26.0 0.889701 0.752238 0.933548 hargrave 2021-04-12 14:39:57 
TT 150 229.6  46.5 269.7  00.4 4.58E-05 002.2 219.1  25.0 1.027449 1.619867 0.972405 hargrave 2021-04-14 15:34:44 
TT 200 230.3  45.8 269.1 -00.2 4.55E-05 002.5 219.9  24.7 1.241022 1.776659 0.983842 hargrave 2021-04-15 13:30:18 
TT 250 229.4  39.8 263.0 -00.6 4.07E-05 002.4 222.3  19.0 1.413055 1.347370 0.788819 hargrave 2021-04-16 18:16:32 
TT 300 228.1  39.2 262.3  00.3 3.92E-05 001.1 221.6  18.1 0.512631 0.553097 0.618734 hargrave 2021-04-18 21:21:51 
TT 325 227.1  39.3 262.3  01.1 3.83E-05 002.7 220.8  17.8 1.465817 1.559855 0.592948 hargrave 2021-04-21 18:02:21 
TT 350 231.0  37.1 260.6 -02.3 3.65E-05 003.9 224.7  17.2 2.107828 2.041556 0.538970 hargrave 2021-04-22 15:35:41 
TT 375 229.0  38.3 261.5 -00.5 3.12E-05 002.5 222.7  17.6 1.083048 1.192462 0.432259 hargrave 2021-04-23 16:49:59 
TT 415 228.5  37.1 260.3 -00.3 2.53E-05 001.1 222.8  16.3 0.247760 0.206919 0.491666 hargrave 2021-04-25 19:52:23 
TT 450 225.2  37.8 260.6  02.4 2.35E-05 001.9 220.0  15.9 0.538632 0.707602 0.315747 hargrave 2021-04-28 09:25:01 
TT 475 228.8  35.8 259.0 -00.8 2.21E-05 000.7 223.7  15.2 0.163703 0.181024 0.249821 hargrave 2021-04-30 11:30:22 
TT 500 227.0  36.0 259.0  00.7 2.10E-05 002.8 222.3  14.8 0.801841 0.942576 0.181900 hargrave 2021-05-01 13:36:58 
TT 520 226.8  35.3 258.3  00.8 2.00E-05 005.9 222.3  14.1 1.690636 1.853214 0.191257 hargrave 2021-05-02 12:28:18 
TT 535 226.6  35.4 258.3  01.0 1.90E-05 002.2 222.1  14.1 0.570995 0.624412 0.209879 hargrave 2021-05-03 13:25:44 
TT 550 228.0  35.1 258.2 -00.2 1.80E-05 001.8 223.4  14.3 0.440447 0.492596 0.212613 hargrave 2021-05-05 12:16:07 
TT 560 228.4  31.4 254.6 -01.1 1.59E-05 004.3 225.3  11.1 1.001942 1.012341 0.149023 hargrave 2021-05-06 09:17:23 
TT 570 237.0  35.6 260.1 -07.3 1.29E-05 009.4 229.9  18.1 1.937248 1.686531 0.149969 hargrave 2021-05-07 15:12:40 
TT 570 225.3  40.1 262.8  02.6 1.30E-05 005.2 219.1  17.9 0.917785 1.077479 0.220215 hargrave 2021-05-07 16:23:26 
TT 580 234.3  33.7 257.8 -05.6 5.16E-06 054.0 228.8  15.5 4.230862 4.840462 1.779969 hargrave 2021-05-09 09:55:30 
TT 580 227.0  36.7 259.7  00.8 1.02E-05 004.4 221.9  15.4 0.608253 0.710998 0.121638 hargrave 2021-05-09 10:41:36 
TT 590 227.9  28.3 251.5 -01.1 7.00E-06 002.8 226.2  08.2 0.255001 0.328181 0.062441 hargrave 2021-05-10 10:47:12 
TT 600 230.8  33.6 257.2 -02.8 6.71E-06 002.1 226.2  14.0 0.167137 0.245136 0.056263 hargrave 2021-05-11 13:15:07 
TT 610 228.1  33.6 256.7 -00.5 7.07E-06 002.2 224.1  13.0 0.175377 0.284720 0.065302 hargrave 2021-05-12 14:12:55 
TT 620 233.8  27.2 251.3 -06.4 6.19E-06 002.6 231.4  09.4 0.285388 0.190448 0.053969 hargrave 2021-05-13 18:05:06 
TT 630 224.1  32.5 255.2  02.6 5.68E-06 001.2 221.5  10.6 0.061483 0.151970 0.052766 hargrave 2021-05-15 17:59:03 
TT 640 228.4  25.6 248.9 -02.0 4.84E-06 004.1 227.8  05.9 0.292012 0.302518 0.047576 hargrave 2021-05-17 09:28:22 
TT 650 219.7  32.6 255.0  06.4 5.05E-06 003.6 217.9  09.2 0.199713 0.336615 0.044126 hargrave 2021-05-18 11:37:57 
TT 660 229.3  26.6 250.0 -02.6 4.40E-06 005.9 228.1  07.1 0.365385 0.420741 0.049143 hargrave 2021-05-19 11:13:43 
TT 664 227.7  27.7 250.9 -01.1 4.46E-06 008.1 226.4  07.5 0.481237 0.607997 0.044197 hargrave 2021-05-20 19:03:17 
TT 664 224.9  28.3 251.2  01.5 4.50E-06 007.2 223.8  07.1 0.459694 0.507586 0.047105 hargrave 2021-05-20 23:19:14 
TT 668 235.5  23.7 248.2 -08.6 3.29E-06 001.2 234.4  07.1 0.071950 0.047354 0.044933 hargrave 2021-05-22 09:53:49 
TT 672 227.6  27.9 251.0 -00.9 3.94E-06 002.9 226.2  07.6 0.160584 0.184009 0.033572 hargrave 2021-05-24 09:52:16 
TT 674 229.4  24.4 247.9 -03.1 3.56E-06 004.9 229.1  05.2 0.261640 0.262734 0.030583 hargrave 2021-05-25 09:27:00 
TT 676 043.1 -02.6 045.4 -00.0 3.68E-07 006.1 052.7  17.2 0.016149 0.043894 0.041947 hargrave 2021-05-26 09:29:32 
TT 678 120.1  46.6 326.1  48.9 3.78E-07 013.3 142.6  24.3 0.036565 0.106318 0.005753 hargrave 2021-05-29 11:45:33 
TT 680 036.0  16.1 026.0 -04.5 3.76E-07 002.6 054.3  37.1 0.031848 0.049925 0.032803 hargrave 2021-05-31 09:28:39 
TT 682 287.7 -21.4 189.4 -61.8 4.19E-07 004.1 301.2 -06.7 0.021985 0.068480 0.011532 hargrave 2021-06-02 13:30:38 
TT 696 102.8  37.9 349.6  48.8 3.79E-07 015.8 125.9  23.2 0.065748 0.124490 0.003058 hargrave 2021-06-03 15:04:18 
