PF18- 92a sun compass orientation
  123.2  84.6  13.0 218.9  81.9  12.3
NRM    243.9  62.4 284.0 -03.9 4.67E-05 001.6 230.3  55.7 1.443650 0.352021 0.591756 hargrave 2021-04-08 14:36:51 
TT  50 245.5  62.1 284.1 -04.7 4.66E-05 001.7 231.8  55.8 1.534511 0.483719 0.553120 hargrave 2021-04-09 13:59:10 
TT 100 241.6  62.7 283.8 -02.8 4.64E-05 001.7 228.4  55.7 1.460339 0.514175 0.579731 hargrave 2021-04-10 14:25:48 
TT 150 241.0  61.9 283.0 -02.9 4.47E-05 001.6 228.5  54.8 1.404630 0.339621 0.600422 hargrave 2021-04-11 12:59:58 
TT 200 239.1  59.1 280.0 -03.1 4.04E-05 002.3 228.6  51.9 1.726525 0.790166 0.603301 hargrave 2021-04-13 16:00:02 
TT 250 242.8  57.1 279.0 -05.7 3.85E-05 001.7 232.6  50.6 1.241971 0.329349 0.491401 hargrave 2021-04-18 14:51:26 
TT 300 241.2  57.1 278.6 -04.9 3.69E-05 002.9 231.3  50.4 2.008488 1.084356 0.497620 hargrave 2021-04-19 15:08:58 
TT 325 245.5  57.2 279.7 -07.0 3.61E-05 001.9 234.8  51.2 1.307137 0.461977 0.489575 hargrave 2021-04-20 13:35:03 
TT 350 243.3  56.7 278.7 -06.1 3.37E-05 000.9 233.2  50.3 0.380491 0.221210 0.460067 hargrave 2021-04-23 13:13:33 
TT 375 240.7  56.8 278.2 -04.8 3.01E-05 002.6 231.1  49.9 1.494709 0.669335 0.456234 hargrave 2021-04-25 10:15:42 
TT 415 244.3  56.4 278.7 -06.8 2.58E-05 004.0 234.2  50.2 1.901453 1.015084 0.428159 hargrave 2021-04-26 09:18:33 
TT 450 249.4  56.2 279.8 -09.3 1.15E-05 065.8 238.5  51.0 4.982695 8.125791 11.76665 hargrave 2021-04-27 14:01:59 
TT 450 241.6  57.2 278.8 -05.1 2.28E-05 006.3 231.6  50.5 2.624533 1.649944 0.388571 hargrave 2021-04-27 15:53:02 
TT 475 245.7  55.8 278.5 -07.7 2.16E-05 000.9 235.6  49.9 0.246020 0.195331 0.313011 hargrave 2021-04-29 14:52:22 
TT 500 246.3  56.0 278.8 -07.9 2.01E-05 001.6 236.0  50.2 0.609549 0.153373 0.320997 hargrave 2021-05-01 10:00:37 
TT 520 241.8  55.6 277.3 -05.8 1.88E-05 000.6 232.6  49.0 0.168154 0.145871 0.163380 hargrave 2021-05-02 16:32:41 
TT 535 242.0  56.2 278.0 -05.7 1.76E-05 004.3 232.4  49.7 1.414392 0.788513 0.296830 hargrave 2021-05-04 09:12:24 
TT 550 241.1  56.8 278.3 -05.0 1.67E-05 002.8 231.4  50.0 0.858233 0.391617 0.298236 hargrave 2021-05-04 18:50:08 
TT 560 247.7  57.3 280.3 -08.0 1.54E-05 004.1 236.5  51.7 1.220385 0.575031 0.236960 hargrave 2021-05-05 16:18:26 
TT 570 245.4  55.6 278.3 -07.7 1.27E-05 003.2 235.5  49.7 0.751331 0.391774 0.212473 hargrave 2021-05-06 22:34:57 
TT 580 239.4  57.2 278.3 -04.0 1.10E-05 002.9 229.8  50.1 0.576449 0.317477 0.196571 hargrave 2021-05-08 19:52:20 
TT 590 243.7  56.3 278.4 -06.5 9.85E-06 003.2 233.7  50.0 0.579469 0.321660 0.158524 hargrave 2021-05-09 18:52:36 
TT 600 243.4  55.9 278.0 -06.5 9.21E-06 003.4 233.7  49.6 0.597586 0.291972 0.150000 hargrave 2021-05-11 09:40:30 
TT 610 240.8  56.5 278.0 -05.0 8.11E-06 004.0 231.3  49.7 0.585567 0.342619 0.130963 hargrave 2021-05-12 09:37:47 
TT 620 239.7  54.6 276.0 -05.1 8.42E-06 003.0 231.3  47.7 0.447459 0.274083 0.112269 hargrave 2021-05-13 12:30:44 
TT 630 172.1  13.0 229.4  47.3 3.10E-06 066.6 177.5  00.0 0.270724 5.228311 7.474545 hargrave 2021-05-14 11:58:37 
TT 630 243.5  55.4 277.6 -06.8 7.59E-06 003.5 234.1  49.1 0.512112 0.241085 0.083703 hargrave 2021-05-14 13:06:27 
TT 640 235.4  55.4 275.9 -02.5 7.19E-06 004.4 227.4  47.7 0.550888 0.389319 0.124558 hargrave 2021-05-15 10:07:59 
TT 650 235.7  59.9 280.2 -01.3 6.50E-06 004.4 225.6  52.0 0.473323 0.371462 0.100776 hargrave 2021-05-16 12:00:00 
TT 660 241.4  60.4 281.7 -03.7 5.90E-06 004.9 229.7  53.4 0.491220 0.371107 0.083734 hargrave 2021-05-17 13:10:50 
TT 664 234.1  56.4 276.6 -01.5 5.94E-06 003.2 226.0  48.5 0.312054 0.236388 0.105700 hargrave 2021-05-18 15:32:04 
TT 668 246.2  58.4 280.9 -06.8 5.32E-06 004.8 234.6  52.4 0.458637 0.289588 0.064911 hargrave 2021-05-19 18:03:06 
TT 672 231.5  54.6 274.5 -00.6 5.11E-06 005.4 224.6  46.4 0.466131 0.357828 0.078350 hargrave 2021-05-23 11:15:14 
TT 674 238.4  52.6 273.8 -05.1 5.07E-06 007.0 231.1  45.5 0.619758 0.452850 0.075558 hargrave 2021-05-24 13:31:16 
TT 676 233.7  57.7 277.8 -00.9 4.23E-06 003.4 225.1  49.6 0.240603 0.186731 0.072122 hargrave 2021-05-25 13:19:41 
